         Date              Open        High         Low       Close      Volume    Typical Price         V*P    Total VP     Total V            VWAP
 2/ 7/2018 10: 0: 3         830         830         830         830      100000              830    83000000    83000000      100000              830
 2/ 7/2018 10: 2:40         840         840         840         840      100000              840    84000000   167000000      200000              835
 2/ 7/2018 10:14:14         850         850         850         850      100000              850    85000000   252000000      300000              840
 2/ 7/2018 10:17:28         840         840         840         840      100000              840    84000000   336000000      400000              840
 2/ 7/2018 10:19:22         850         850         850         850      100000              850    85000000   421000000      500000              842
 2/ 7/2018 10:27:54         850         850         850         850      100000              850    85000000   506000000      600000          843.333
 2/ 7/2018 10:31:39         840         840         840         840      100000              840    84000000   590000000      700000          842.857
 2/ 7/2018 10:32:26         850         850         850         850      100000              850    85000000   675000000      800000           843.75
 2/ 7/2018 10:41:34         840         840         840         840      100000              840    84000000   759000000      900000          843.333
 2/ 7/2018 10:49:50         850         850         850         850      100000              850    85000000   844000000     1000000              844
 2/ 7/2018 10:56:39         860         860         860         860      100000              860    86000000   930000000     1100000          845.455
 2/ 7/2018 11: 0: 9         850         850         850         850      100000              850    85000000  1015000000     1200000          845.833
 2/ 7/2018 11:15: 7         840         840         840         840      100000              840    84000000  1099000000     1300000          845.385
 2/ 7/2018 11:19:15         830         830         830         830      100000              830    83000000  1182000000     1400000          844.286
 2/ 7/2018 11:25:46         840         840         840         840      100000              840    84000000  1266000000     1500000              844
 2/ 7/2018 11:30:42         830         830         830         830      100000              830    83000000  1349000000     1600000          843.125
 2/ 7/2018 11:33:28         840         840         840         840      100000              840    84000000  1433000000     1700000          842.941
 2/ 7/2018 11:53: 1         850         850         850         850      100000              850    85000000  1518000000     1800000          843.333
 2/ 7/2018 11:53: 2         840         840         840         840      100000              840    84000000  1602000000     1900000          843.158
 2/ 7/2018 11:53: 3         850         850         850         850      100000              850    85000000  1687000000     2000000            843.5
 2/ 7/2018 11:53: 4         840         840         840         840      100000              840    84000000  1771000000     2100000          843.333
 2/ 7/2018 11:53:15         850         850         850         850      100000              850    85000000  1856000000     2200000          843.636
 2/ 7/2018 11:53:20         840         840         840         840      100000              840    84000000  1940000000     2300000          843.478
 2/ 7/2018 11:53:21         840         840         840         840      100000              840    84000000  2024000000     2400000          843.333
 2/ 7/2018 11:53:30         850         850         850         850      100000              850    85000000  2109000000     2500000            843.6
 2/ 7/2018 11:53:31         840         840         840         840      100000              840    84000000  2193000000     2600000          843.462
 2/ 7/2018 11:53:34         850         850         850         850      100000              850    85000000  2278000000     2700000          843.704
 2/ 7/2018 11:53:35         840         840         840         840      100000              840    84000000  2362000000     2800000          843.571
 2/ 7/2018 11:53:45         850         850         850         850      100000              850    85000000  2447000000     2900000          843.793
 2/ 7/2018 11:53:46         840         840         840         840      100000              840    84000000  2531000000     3000000          843.667
 2/ 7/2018 11:53:47         840         840         840         840      100000              840    84000000  2615000000     3100000          843.548
 2/ 7/2018 11:54:46         850         850         850         850      100000              850    85000000  2700000000     3200000           843.75
 2/ 7/2018 11:54:47         840         840         840         840      100000              840    84000000  2784000000     3300000          843.636
 2/ 7/2018 11:55: 3         850         850         850         850      100000              850    85000000  2869000000     3400000          843.824
 2/ 7/2018 11:55: 4         840         840         840         840      100000              840    84000000  2953000000     3500000          843.714
 2/ 7/2018 11:55: 8         850         850         850         850      100000              850    85000000  3038000000     3600000          843.889
 2/ 7/2018 11:55:10         840         840         840         840      100000              840    84000000  3122000000     3700000          843.784
 2/ 7/2018 11:55:11         850         850         850         850      100000              850    85000000  3207000000     3800000          843.947
 2/ 7/2018 11:55:12         840         840         840         840      100000              840    84000000  3291000000     3900000          843.846
 2/ 7/2018 11:55:15         850         850         850         850      100000              850    85000000  3376000000     4000000              844
 2/ 7/2018 11:55:16         840         840         840         840      100000              840    84000000  3460000000     4100000          843.902
 2/ 7/2018 11:55:18         850         850         850         850      100000              850    85000000  3545000000     4200000          844.048
 2/ 7/2018 11:55:19         840         840         840         840      100000              840    84000000  3629000000     4300000          843.953
 2/ 7/2018 11:55:20         850         850         850         850      100000              850    85000000  3714000000     4400000          844.091
 2/ 7/2018 11:55:30         840         840         840         840      100000              840    84000000  3798000000     4500000              844
 2/ 7/2018 11:55:31         850         850         850         850      100000              850    85000000  3883000000     4600000           844.13
 2/ 7/2018 11:55:58         840         840         840         840      100000              840    84000000  3967000000     4700000          844.043
 2/ 7/2018 11:55:59         850         850         850         850      100000              850    85000000  4052000000     4800000          844.167
 2/ 7/2018 11:56: 4         840         840         840         840      100000              840    84000000  4136000000     4900000          844.082
 2/ 7/2018 11:56: 6         850         850         850         850      100000              850    85000000  4221000000     5000000            844.2
 2/ 7/2018 11:56:16         840         840         840         840      100000              840    84000000  4305000000     5100000          844.118
 2/ 7/2018 11:56:17         850         850         850         850      100000              850    85000000  4390000000     5200000          844.231
 2/ 7/2018 11:56:31         840         840         840         840      100000              840    84000000  4474000000     5300000          844.151
 2/ 7/2018 11:56:38         850         850         850         850      100000              850    85000000  4559000000     5400000          844.259
 2/ 7/2018 11:56:46         840         840         840         840      100000              840    84000000  4643000000     5500000          844.182
 2/ 7/2018 11:56:47         850         850         850         850      100000              850    85000000  4728000000     5600000          844.286
 2/ 7/2018 11:56:56         840         840         840         840      100000              840    84000000  4812000000     5700000          844.211
 2/ 7/2018 11:57: 3         850         850         850         850      100000              850    85000000  4897000000     5800000           844.31
 2/ 7/2018 11:57:16         840         840         840         840      100000              840    84000000  4981000000     5900000          844.237
 2/ 7/2018 11:57:19         850         850         850         850      100000              850    85000000  5066000000     6000000          844.333
 2/ 7/2018 11:57:22         840         840         840         840      100000              840    84000000  5150000000     6100000          844.262
 2/ 7/2018 11:57:24         850         850         850         850      100000              850    85000000  5235000000     6200000          844.355
 2/ 7/2018 11:57:31         840         840         840         840      100000              840    84000000  5319000000     6300000          844.286
 2/ 7/2018 11:57:34         850         850         850         850      100000              850    85000000  5404000000     6400000          844.375
 2/ 7/2018 11:57:46         840         840         840         840      100000              840    84000000  5488000000     6500000          844.308
 2/ 7/2018 11:57:49         850         850         850         850      100000              850    85000000  5573000000     6600000          844.394
 2/ 7/2018 11:57:50         840         840         840         840      100000              840    84000000  5657000000     6700000          844.328
 2/ 7/2018 11:57:54         850         850         850         850      100000              850    85000000  5742000000     6800000          844.412
 2/ 7/2018 11:58: 1         840         840         840         840      100000              840    84000000  5826000000     6900000          844.348
 2/ 7/2018 11:58: 5         850         850         850         850      100000              850    85000000  5911000000     7000000          844.429
 2/ 7/2018 11:58: 6         840         840         840         840      100000              840    84000000  5995000000     7100000          844.366
 2/ 7/2018 11:58: 7         850         850         850         850      100000              850    85000000  6080000000     7200000          844.444
 2/ 7/2018 11:58:16         840         840         840         840      100000              840    84000000  6164000000     7300000          844.384
 2/ 7/2018 11:58:17         850         850         850         850      100000              850    85000000  6249000000     7400000          844.459
 2/ 7/2018 11:58:18         840         840         840         840      100000              840    84000000  6333000000     7500000            844.4
 2/ 7/2018 11:58:19         850         850         850         850      100000              850    85000000  6418000000     7600000          844.474
 2/ 7/2018 11:58:28         840         840         840         840      100000              840    84000000  6502000000     7700000          844.416
 2/ 7/2018 11:58:29         850         850         850         850      100000              850    85000000  6587000000     7800000          844.487
 2/ 7/2018 11:58:31         840         840         840         840      100000              840    84000000  6671000000     7900000           844.43
 2/ 7/2018 11:58:34         850         850         850         850      100000              850    85000000  6756000000     8000000            844.5
 2/ 7/2018 11:58:41         840         840         840         840      100000              840    84000000  6840000000     8100000          844.444
 2/ 7/2018 11:58:42         850         850         850         850      100000              850    85000000  6925000000     8200000          844.512
 2/ 7/2018 11:58:43         840         840         840         840      100000              840    84000000  7009000000     8300000          844.458
 2/ 7/2018 11:58:44         850         850         850         850      100000              850    85000000  7094000000     8400000          844.524
 2/ 7/2018 11:58:45         840         840         840         840      100000              840    84000000  7178000000     8500000          844.471
 2/ 7/2018 11:58:47         850         850         850         850      100000              850    85000000  7263000000     8600000          844.535
 2/ 7/2018 11:58:48         850         850         850         850      100000              850    85000000  7348000000     8700000          844.598
 2/ 7/2018 11:58:49         840         840         840         840      100000              840    84000000  7432000000     8800000          844.545
 2/ 7/2018 11:58:51         850         850         850         850      100000              850    85000000  7517000000     8900000          844.607
 2/ 7/2018 11:58:52         840         840         840         840      100000              840    84000000  7601000000     9000000          844.556
 2/ 7/2018 11:58:55         850         850         850         850      100000              850    85000000  7686000000     9100000          844.615
 2/ 7/2018 11:58:56         840         840         840         840      100000              840    84000000  7770000000     9200000          844.565
 2/ 7/2018 11:59: 1         850         850         850         850      100000              850    85000000  7855000000     9300000          844.624
 2/ 7/2018 11:59: 2         850         850         850         850      100000              850    85000000  7940000000     9400000          844.681
 2/ 7/2018 11:59: 7         840         840         840         840      100000              840    84000000  8024000000     9500000          844.632
 2/ 7/2018 11:59: 8         850         850         850         850      100000              850    85000000  8109000000     9600000          844.688
 2/ 7/2018 11:59:10         840         840         840         840      100000              840    84000000  8193000000     9700000          844.639
 2/ 7/2018 11:59:11         840         840         840         840      100000              840    84000000  8277000000     9800000          844.592
 2/ 7/2018 11:59:16         850         850         850         850      100000              850    85000000  8362000000     9900000          844.646
 2/ 7/2018 11:59:20         840         840         840         840      100000              840    84000000  8446000000    10000000            844.6
 2/ 7/2018 11:59:21         850         850         850         850      100000              850    85000000  8531000000    10100000          844.653
 2/ 7/2018 11:59:22         840         840         840         840      100000              840    84000000  8615000000    10200000          844.608
 2/ 7/2018 11:59:23         840         840         840         840      100000              840    84000000  8699000000    10300000          844.563
 2/ 7/2018 11:59:24         850         850         850         850      100000              850    85000000  8784000000    10400000          844.615
 2/ 7/2018 11:59:26         840         840         840         840      100000              840    84000000  8868000000    10500000          844.571
 2/ 7/2018 11:59:27         850         850         850         850      100000              850    85000000  8953000000    10600000          844.623
 2/ 7/2018 11:59:31         840         840         840         840      100000              840    84000000  9037000000    10700000          844.579
 2/ 7/2018 11:59:35         850         850         850         850      100000              850    85000000  9122000000    10800000           844.63
 2/ 7/2018 11:59:36         850         850         850         850      100000              850    85000000  9207000000    10900000          844.679
 2/ 7/2018 11:59:37         840         840         840         840      100000              840    84000000  9291000000    11000000          844.636
 2/ 7/2018 11:59:38         850         850         850         850      100000              850    85000000  9376000000    11100000          844.685
 2/ 7/2018 11:59:40         840         840         840         840      100000              840    84000000  9460000000    11200000          844.643
 2/ 7/2018 11:59:44         850         850         850         850      100000              850    85000000  9545000000    11300000           844.69
 2/ 7/2018 11:59:47         840         840         840         840      100000              840    84000000  9629000000    11400000          844.649
 2/ 7/2018 11:59:48         850         850         850         850      100000              850    85000000  9714000000    11500000          844.696
 2/ 7/2018 11:59:51         840         840         840         840      100000              840    84000000  9798000000    11600000          844.655
 2/ 7/2018 11:59:52         850         850         850         850      100000              850    85000000  9883000000    11700000          844.701
 2/ 7/2018 11:59:56         840         840         840         840      100000              840    84000000  9967000000    11800000          844.661
 2/ 7/2018 11:59:57         850         850         850         850      100000              850    85000000 10052000000    11900000          844.706
 2/ 7/2018 11:59:58         840         840         840         840      100000              840    84000000 10136000000    12000000          844.667
 2/ 7/2018 11:59:59         850         850         850         850      100000              850    85000000 10221000000    12100000          844.711
 2/ 7/2018 12: 0: 3         840         840         840         840      100000              840    84000000 10305000000    12200000          844.672
 2/ 7/2018 12: 0: 6         850         850         850         850      100000              850    85000000 10390000000    12300000          844.715
 2/ 7/2018 12: 0: 7         850         850         850         850      100000              850    85000000 10475000000    12400000          844.758
 2/ 7/2018 12: 0: 9         840         840         840         840      100000              840    84000000 10559000000    12500000           844.72
 2/ 7/2018 12: 0:10         850         850         850         850      100000              850    85000000 10644000000    12600000          844.762
 2/ 7/2018 12: 0:11         840         840         840         840      100000              840    84000000 10728000000    12700000          844.724
 2/ 7/2018 12: 0:12         850         850         850         850      100000              850    85000000 10813000000    12800000          844.766
 2/ 7/2018 12: 0:15         840         840         840         840      100000              840    84000000 10897000000    12900000          844.729
 2/ 7/2018 12: 0:16         850         850         850         850      100000              850    85000000 10982000000    13000000          844.769
 2/ 7/2018 12: 0:17         850         850         850         850      100000              850    85000000 11067000000    13100000          844.809
 2/ 7/2018 12: 0:19         840         840         840         840      100000              840    84000000 11151000000    13200000          844.773
 2/ 7/2018 12: 0:20         850         850         850         850      100000              850    85000000 11236000000    13300000          844.812
 2/ 7/2018 12: 0:21         840         840         840         840      100000              840    84000000 11320000000    13400000          844.776
 2/ 7/2018 12: 0:22         850         850         850         850      100000              850    85000000 11405000000    13500000          844.815
 2/ 7/2018 12: 0:23         840         840         840         840      100000              840    84000000 11489000000    13600000          844.779
 2/ 7/2018 12: 0:24         850         850         850         850      100000              850    85000000 11574000000    13700000          844.818
 2/ 7/2018 12: 0:26         840         840         840         840      100000              840    84000000 11658000000    13800000          844.783
 2/ 7/2018 12: 0:27         850         850         850         850      100000              850    85000000 11743000000    13900000           844.82
 2/ 7/2018 12: 0:28         840         840         840         840      100000              840    84000000 11827000000    14000000          844.786
 2/ 7/2018 12: 0:29         850         850         850         850      100000              850    85000000 11912000000    14100000          844.823
 2/ 7/2018 12: 0:30         840         840         840         840      100000              840    84000000 11996000000    14200000          844.789
 2/ 7/2018 12: 0:31         850         850         850         850      100000              850    85000000 12081000000    14300000          844.825
 2/ 7/2018 12: 0:32         840         840         840         840      100000              840    84000000 12165000000    14400000          844.792
 2/ 7/2018 12: 0:35         850         850         850         850      100000              850    85000000 12250000000    14500000          844.828
 2/ 7/2018 12: 0:37         840         840         840         840      100000              840    84000000 12334000000    14600000          844.795
 2/ 7/2018 12: 0:38         850         850         850         850      100000              850    85000000 12419000000    14700000           844.83
 2/ 7/2018 12: 0:40         840         840         840         840      100000              840    84000000 12503000000    14800000          844.797
 2/ 7/2018 12: 0:41         850         850         850         850      100000              850    85000000 12588000000    14900000          844.832
 2/ 7/2018 12: 0:42         840         840         840         840      100000              840    84000000 12672000000    15000000            844.8
 2/ 7/2018 12: 0:43         850         850         850         850      100000              850    85000000 12757000000    15100000          844.834
 2/ 7/2018 12: 0:46         840         840         840         840      100000              840    84000000 12841000000    15200000          844.803
 2/ 7/2018 12:13:57         850         850         850         850      100000              850    85000000 12926000000    15300000          844.837
 2/ 7/2018 12:19:46         840         840         840         840      100000              840    84000000 13010000000    15400000          844.805
 2/ 7/2018 12:27:57         850         850         850         850      100000              850    85000000 13095000000    15500000          844.839
 2/ 7/2018 12:30:35         840         840         840         840      100000              840    84000000 13179000000    15600000          844.808
 2/ 7/2018 12:30:44         830         830         830         830      100000              830    83000000 13262000000    15700000          844.713
 2/ 7/2018 12:31: 6         840         840         840         840      100000              840    84000000 13346000000    15800000          844.684
 2/ 7/2018 12:31: 7         830         830         830         830      100000              830    83000000 13429000000    15900000          844.591
 2/ 7/2018 12:31: 9         840         840         840         840      100000              840    84000000 13513000000    16000000          844.562
 2/ 7/2018 12:31:10         830         830         830         830      100000              830    83000000 13596000000    16100000          844.472
 2/ 7/2018 12:31:52         840         840         840         840      100000              840    84000000 13680000000    16200000          844.444
 2/ 7/2018 12:59: 1         850         850         850         850      100000              850    85000000 13765000000    16300000          844.479
 2/ 7/2018 12:59: 2         840         840         840         840      100000              840    84000000 13849000000    16400000          844.451
 2/ 7/2018 12:59: 3         840         840         840         840      100000              840    84000000 13933000000    16500000          844.424
 2/ 7/2018 12:59: 4         840         840         840         840      100000              840    84000000 14017000000    16600000          844.398
 2/ 7/2018 12:59:28         850         850         850         850      100000              850    85000000 14102000000    16700000          844.431
 2/ 7/2018 12:59:29         840         840         840         840      100000              840    84000000 14186000000    16800000          844.405
 2/ 7/2018 12:59:45         850         850         850         850      100000              850    85000000 14271000000    16900000          844.438
 2/ 7/2018 12:59:46         850         850         850         850      100000              850    85000000 14356000000    17000000          844.471
 2/ 7/2018 12:59:47         840         840         840         840      100000              840    84000000 14440000000    17100000          844.444
 2/ 7/2018 12:59:51         850         850         850         850      100000              850    85000000 14525000000    17200000          844.477
 2/ 7/2018 12:59:52         840         840         840         840      100000              840    84000000 14609000000    17300000          844.451
 2/ 7/2018 14: 0: 0         830         830         830         830      100000              830    83000000 14692000000    17400000          844.368
 2/ 7/2018 14: 9:58         840         840         840         840      100000              840    84000000 14776000000    17500000          844.343
 2/ 7/2018 14:46:23         830         830         830         830      100000              830    83000000 14859000000    17600000          844.261
 2/ 7/2018 14:59: 8         840         840         840         840      100000              840    84000000 14943000000    17700000          844.237
 2/ 7/2018 14:59:39         830         830         830         830      100000              830    83000000 15026000000    17800000          844.157
 2/ 7/2018 15: 4:33         900         900         900         900         568              900      511200 15026511200    17800568          844.159
 2/ 7/2018 15: 7: 2         820         820         820         820      100000              820    82000000 15108511200    17900568          844.024
 2/ 7/2018 15:29:43         830         830         830         830      100000              830    83000000 15191511200    18000568          843.946
 2/ 7/2018 15:31:28         840         840         840         840      100000              840    84000000 15275511200    18100568          843.924
 2/ 7/2018 15:31:34         830         830         830         830      100000              830    83000000 15358511200    18200568          843.848
 2/ 7/2018 15:31:35         830         830         830         830      100000              830    83000000 15441511200    18300568          843.772
 2/ 7/2018 15:31:36         840         840         840         840      100000              840    84000000 15525511200    18400568          843.752
 2/ 7/2018 15:31:37         830         830         830         830      100000              830    83000000 15608511200    18500568          843.677
 2/ 7/2018 15:31:39         840         840         840         840      100000              840    84000000 15692511200    18600568          843.658
 2/ 7/2018 15:31:42         830         830         830         830      100000              830    83000000 15775511200    18700568          843.585
 2/ 7/2018 15:31:46         840         840         840         840      100000              840    84000000 15859511200    18800568          843.566
 2/ 7/2018 15:31:49         830         830         830         830      100000              830    83000000 15942511200    18900568          843.494
 2/ 7/2018 15:31:50         830         830         830         830      100000              830    83000000 16025511200    19000568          843.423
 2/ 7/2018 15:31:54         840         840         840         840      100000              840    84000000 16109511200    19100568          843.405
 2/ 7/2018 15:32: 2         830         830         830         830      100000              830    83000000 16192511200    19200568          843.335
 2/ 7/2018 15:32: 3         840         840         840         840      100000              840    84000000 16276511200    19300568          843.318
 2/ 7/2018 15:32: 7         830         830         830         830      100000              830    83000000 16359511200    19400568          843.249
 2/ 7/2018 15:32: 8         840         840         840         840      100000              840    84000000 16443511200    19500568          843.232
 2/ 7/2018 15:32:31         830         830         830         830      100000              830    83000000 16526511200    19600568          843.165
 2/ 7/2018 15:32:32         840         840         840         840      100000              840    84000000 16610511200    19700568          843.149
 2/ 7/2018 15:32:37         830         830         830         830      100000              830    83000000 16693511200    19800568          843.082
 2/ 7/2018 15:32:38         840         840         840         840      100000              840    84000000 16777511200    19900568          843.067
 2/ 7/2018 15:35: 8         850         850         850         850      100000              850    85000000 16862511200    20000568          843.102
 2/ 7/2018 15:35:56         840         840         840         840      100000              840    84000000 16946511200    20100568          843.086
 2/ 7/2018 15:45:39         830         830         830         830      100000              830    83000000 17029511200    20200568          843.021
 2/ 7/2018 15:48:26         820         820         820         820      100000              820    82000000 17111511200    20300568          842.908
 2/ 7/2018 15:50:33         810         810         810         810      100000              810    81000000 17192511200    20400568          842.747
 2/ 7/2018 15:52:27         820         820         820         820      100000              820    82000000 17274511200    20500568          842.636
 2/ 7/2018 15:54:17         830         830         830         830      100000              830    83000000 17357511200    20600568          842.574
 2/ 7/2018 15:58: 4         840         840         840         840      100000              840    84000000 17441511200    20700568          842.562
 2/ 7/2018 16: 6: 3         830         830         830         830      100000              830    83000000 17524511200    20800568          842.502
 2/ 7/2018 16: 6: 5         840         840         840         840      100000              840    84000000 17608511200    20900568           842.49
 2/ 7/2018 16: 6: 6         830         830         830         830      100000              830    83000000 17691511200    21000568           842.43
 2/ 7/2018 16: 6:13         840         840         840         840      100000              840    84000000 17775511200    21100568          842.419
 2/ 7/2018 16: 6:14         830         830         830         830      100000              830    83000000 17858511200    21200568           842.36
 2/ 7/2018 16: 7: 1         840         840         840         840      100000              840    84000000 17942511200    21300568          842.349
 2/ 7/2018 16: 7:11         830         830         830         830      100000              830    83000000 18025511200    21400568          842.291
 2/ 7/2018 16: 7:16         840         840         840         840      100000              840    84000000 18109511200    21500568          842.281
 2/ 7/2018 16: 7:17         830         830         830         830      100000              830    83000000 18192511200    21600568          842.224
 2/ 7/2018 16: 7:23         840         840         840         840      100000              840    84000000 18276511200    21700568          842.213
 2/ 7/2018 16: 7:24         830         830         830         830      100000              830    83000000 18359511200    21800568          842.157
 2/ 7/2018 16: 7:26         840         840         840         840      100000              840    84000000 18443511200    21900568          842.148
 2/ 7/2018 16: 7:51         850         850         850         850      100000              850    85000000 18528511200    22000568          842.183
 2/ 7/2018 16: 8:40         840         840         840         840      100000              840    84000000 18612511200    22100568          842.173
 2/ 7/2018 16: 9:17         850         850         850         850      100000              850    85000000 18697511200    22200568          842.209
 2/ 7/2018 16:10:15         880         880         880         880      100000              880    88000000 18785511200    22300568          842.378
 2/ 7/2018 16:10:16         870         870         870         870      100000              870    87000000 18872511200    22400568          842.501
 2/ 7/2018 16:10:17         860         860         860         860      100000              860    86000000 18958511200    22500568          842.579
 2/ 7/2018 16:11: 2         850         850         850         850      100000              850    85000000 19043511200    22600568          842.612
 2/ 7/2018 16:14:17         860         860         860         860      100000              860    86000000 19129511200    22700568          842.689
 2/ 7/2018 16:14:18         850         850         850         850      100000              850    85000000 19214511200    22800568          842.721
 2/ 7/2018 16:14:25         860         860         860         860      100000              860    86000000 19300511200    22900568          842.796
 2/ 7/2018 16:14:26         850         850         850         850      100000              850    85000000 19385511200    23000568          842.827
 2/ 7/2018 16:14:45         860         860         860         860      100000              860    86000000 19471511200    23100568          842.902
 2/ 7/2018 16:14:46         850         850         850         850      100000              850    85000000 19556511200    23200568          842.932
 2/ 7/2018 16:14:47         860         860         860         860      100000              860    86000000 19642511200    23300568          843.006
 2/ 7/2018 16:14:48         860         860         860         860      100000              860    86000000 19728511200    23400568          843.078
 2/ 7/2018 16:14:49         850         850         850         850      100000              850    85000000 19813511200    23500568          843.108
 2/ 7/2018 16:14:54         860         860         860         860      100000              860    86000000 19899511200    23600568          843.179
 2/ 7/2018 16:17:25         850         850         850         850      100000              850    85000000 19984511200    23700568          843.208
 2/ 7/2018 16:17:26         860         860         860         860      100000              860    86000000 20070511200    23800568          843.279
 2/ 7/2018 16:18:16         850         850         850         850      100000              850    85000000 20155511200    23900568          843.307
 2/ 7/2018 16:21:34         840         840         840         840      100000              840    84000000 20239511200    24000568          843.293
 2/ 7/2018 16:25:36         850         850         850         850      100000              850    85000000 20324511200    24100568          843.321
 2/ 7/2018 16:29:43         860         860         860         860      100000              860    86000000 20410511200    24200568           843.39
 2/ 7/2018 16:32: 5         850         850         850         850      100000              850    85000000 20495511200    24300568          843.417
 2/ 7/2018 16:32: 6         860         860         860         860      100000              860    86000000 20581511200    24400568          843.485
 2/ 7/2018 16:32: 7         860         860         860         860      100000              860    86000000 20667511200    24500568          843.552
 2/ 7/2018 16:34: 5         850         850         850         850      100000              850    85000000 20752511200    24600568          843.579
 2/ 7/2018 16:34: 6         860         860         860         860      100000              860    86000000 20838511200    24700568          843.645
 2/ 7/2018 16:34: 8         850         850         850         850      100000              850    85000000 20923511200    24800568          843.671
 2/ 7/2018 16:34: 9         860         860         860         860      100000              860    86000000 21009511200    24900568          843.736
 2/ 7/2018 16:34:10         850         850         850         850      100000              850    85000000 21094511200    25000568          843.761
 2/ 7/2018 16:34:11         860         860         860         860      100000              860    86000000 21180511200    25100568          843.826
 2/ 7/2018 16:35:30         870         870         870         870      100000              870    87000000 21267511200    25200568           843.93
 2/ 7/2018 16:35:50         860         860         860         860      100000              860    86000000 21353511200    25300568          843.993
 2/ 7/2018 16:36:46         870         870         870         870      100000              870    87000000 21440511200    25400568          844.096
 2/ 7/2018 16:39:53         880         880         880         880      100000              880    88000000 21528511200    25500568          844.237
 2/ 7/2018 16:40:40         870         870         870         870      100000              870    87000000 21615511200    25600568          844.337
 2/ 7/2018 16:43:30         860         860         860         860      100000              860    86000000 21701511200    25700568          844.398
 2/ 7/2018 16:45:24         870         870         870         870      100000              870    87000000 21788511200    25800568          844.497
 2/ 7/2018 16:45:56         880         880         880         880      100000              880    88000000 21876511200    25900568          844.634
 2/ 7/2018 16:48:45         870         870         870         870      100000              870    87000000 21963511200    26000568          844.732
 2/ 7/2018 16:55:34         860         860         860         860      100000              860    86000000 22049511200    26100568           844.79
 2/ 7/2018 16:55:47         870         870         870         870      100000              870    87000000 22136511200    26200568          844.887
 2/ 7/2018 16:55:59         860         860         860         860      100000              860    86000000 22222511200    26300568          844.944
 2/ 7/2018 16:56: 0         870         870         870         870      100000              870    87000000 22309511200    26400568          845.039
 2/ 7/2018 16:56: 1         860         860         860         860      100000              860    86000000 22395511200    26500568          845.096
 2/ 7/2018 16:56: 4         870         870         870         870      100000              870    87000000 22482511200    26600568          845.189
 2/ 7/2018 16:56: 9         860         860         860         860      100000              860    86000000 22568511200    26700568          845.245
 2/ 7/2018 16:56:10         870         870         870         870      100000              870    87000000 22655511200    26800568          845.337
 2/ 7/2018 16:56:14         860         860         860         860      100000              860    86000000 22741511200    26900568          845.391
 2/ 7/2018 16:56:16         870         870         870         870      100000              870    87000000 22828511200    27000568          845.483
 2/ 7/2018 16:56:17         860         860         860         860      100000              860    86000000 22914511200    27100568          845.536
 2/ 7/2018 16:56:19         870         870         870         870      100000              870    87000000 23001511200    27200568          845.626
 2/ 7/2018 16:56:21         860         860         860         860      100000              860    86000000 23087511200    27300568          845.679
 2/ 7/2018 16:56:23         870         870         870         870      100000              870    87000000 23174511200    27400568          845.768
 2/ 7/2018 16:56:25         860         860         860         860      100000              860    86000000 23260511200    27500568          845.819
 2/ 7/2018 16:56:30         870         870         870         870      100000              870    87000000 23347511200    27600568          845.907
 2/ 7/2018 16:56:34         860         860         860         860      100000              860    86000000 23433511200    27700568          845.958
 2/ 7/2018 16:56:35         860         860         860         860      100000              860    86000000 23519511200    27800568          846.008
 2/ 7/2018 16:56:39         870         870         870         870      100000              870    87000000 23606511200    27900568          846.094
 2/ 7/2018 16:56:41         860         860         860         860      100000              860    86000000 23692511200    28000568          846.144
 2/ 7/2018 16:56:47         870         870         870         870      100000              870    87000000 23779511200    28100568          846.229
 2/ 7/2018 16:56:48         870         870         870         870      100000              870    87000000 23866511200    28200568          846.313
 2/ 7/2018 16:56:49         860         860         860         860      100000              860    86000000 23952511200    28300568          846.362
 2/ 7/2018 16:57: 1         870         870         870         870      100000              870    87000000 24039511200    28400568          846.445
 2/ 7/2018 16:57: 2         860         860         860         860      100000              860    86000000 24125511200    28500568          846.492
 2/ 7/2018 16:57: 4         870         870         870         870      100000              870    87000000 24212511200    28600568          846.574
 2/ 7/2018 16:57: 5         860         860         860         860      100000              860    86000000 24298511200    28700568          846.621
 2/ 7/2018 16:57:17         870         870         870         870      100000              870    87000000 24385511200    28800568          846.702
 2/ 7/2018 16:57:18         860         860         860         860      100000              860    86000000 24471511200    28900568          846.748
 2/ 7/2018 16:57:47         870         870         870         870      100000              870    87000000 24558511200    29000568          846.829
 2/ 7/2018 16:57:50         860         860         860         860      100000              860    86000000 24644511200    29100568          846.874
 2/ 7/2018 16:57:52         870         870         870         870      100000              870    87000000 24731511200    29200568          846.953
 2/ 7/2018 16:57:54         860         860         860         860      100000              860    86000000 24817511200    29300568          846.998
 2/ 7/2018 16:58: 2         870         870         870         870      100000              870    87000000 24904511200    29400568          847.076
 2/ 7/2018 16:58: 3         860         860         860         860      100000              860    86000000 24990511200    29500568           847.12
 2/ 7/2018 16:58:36         870         870         870         870      100000              870    87000000 25077511200    29600568          847.197
 2/ 7/2018 16:58:37         860         860         860         860      100000              860    86000000 25163511200    29700568           847.24
 2/ 7/2018 16:58:41         870         870         870         870      100000              870    87000000 25250511200    29800568          847.316
 2/ 7/2018 16:58:42         860         860         860         860      100000              860    86000000 25336511200    29900568          847.359
 2/ 7/2018 16:58:43         860         860         860         860      100000              860    86000000 25422511200    30000568          847.401
 2/ 7/2018 16:58:44         870         870         870         870      100000              870    87000000 25509511200    30100568          847.476
 2/ 7/2018 16:58:45         860         860         860         860      100000              860    86000000 25595511200    30200568          847.518
 2/ 7/2018 16:58:46         860         860         860         860      100000              860    86000000 25681511200    30300568          847.559
 2/ 7/2018 16:58:47         870         870         870         870      100000              870    87000000 25768511200    30400568          847.633
 2/ 7/2018 16:58:48         860         860         860         860      100000              860    86000000 25854511200    30500568          847.673
 2/ 7/2018 16:58:50         870         870         870         870      100000              870    87000000 25941511200    30600568          847.746
 2/ 7/2018 16:58:51         860         860         860         860      100000              860    86000000 26027511200    30700568          847.786
 2/ 7/2018 16:58:56         870         870         870         870      100000              870    87000000 26114511200    30800568          847.858
 2/ 7/2018 16:58:57         860         860         860         860      100000              860    86000000 26200511200    30900568          847.897
 2/ 7/2018 16:58:58         860         860         860         860      100000              860    86000000 26286511200    31000568          847.936
 2/ 7/2018 16:59: 2         870         870         870         870      100000              870    87000000 26373511200    31100568          848.007
 2/ 7/2018 16:59: 6         860         860         860         860      100000              860    86000000 26459511200    31200568          848.046
 2/ 7/2018 16:59:17         870         870         870         870      100000              870    87000000 26546511200    31300568          848.116
 2/ 7/2018 16:59:19         860         860         860         860      100000              860    86000000 26632511200    31400568          848.154
 2/ 7/2018 16:59:21         870         870         870         870      100000              870    87000000 26719511200    31500568          848.223
 2/ 7/2018 16:59:31         860         860         860         860      100000              860    86000000 26805511200    31600568           848.26
 2/ 7/2018 16:59:32         870         870         870         870      100000              870    87000000 26892511200    31700568          848.329
 2/ 7/2018 16:59:33         860         860         860         860      100000              860    86000000 26978511200    31800568          848.366
 2/ 7/2018 16:59:34         870         870         870         870      100000              870    87000000 27065511200    31900568          848.434
 2/ 7/2018 16:59:35         860         860         860         860      100000              860    86000000 27151511200    32000568           848.47
 2/ 7/2018 16:59:36         870         870         870         870      100000              870    87000000 27238511200    32100568          848.537
 2/ 7/2018 16:59:46         860         860         860         860      100000              860    86000000 27324511200    32200568          848.572
 2/ 7/2018 16:59:47         860         860         860         860      100000              860    86000000 27410511200    32300568          848.608
 2/ 7/2018 16:59:51         870         870         870         870      100000              870    87000000 27497511200    32400568          848.674
 2/ 7/2018 16:59:52         870         870         870         870      100000              870    87000000 27584511200    32500568          848.739
 2/ 7/2018 16:59:53         860         860         860         860      100000              860    86000000 27670511200    32600568          848.774
 2/ 7/2018 16:59:56         870         870         870         870      100000              870    87000000 27757511200    32700568          848.839
 2/ 7/2018 16:59:57         860         860         860         860      100000              860    86000000 27843511200    32800568          848.873
 2/ 7/2018 17: 0: 0         880         880         880         880      100000              880    88000000 27931511200    32900568          848.967
 2/ 7/2018 17: 0:34         870         870         870         870      100000              870    87000000 28018511200    33000568          849.031
 2/ 7/2018 17: 0:35         880         880         880         880      100000              880    88000000 28106511200    33100568          849.125
 2/ 7/2018 17: 0:56         870         870         870         870      100000              870    87000000 28193511200    33200568          849.188
 2/ 7/2018 17: 0:57         880         880         880         880      100000              880    88000000 28281511200    33300568           849.28
 2/ 7/2018 17: 0:58         870         870         870         870      100000              870    87000000 28368511200    33400568          849.342
 2/ 7/2018 17: 0:59         880         880         880         880      100000              880    88000000 28456511200    33500568          849.434
 2/ 7/2018 17: 1: 5         870         870         870         870      100000              870    87000000 28543511200    33600568          849.495
 2/ 7/2018 17: 1: 6         880         880         880         880      100000              880    88000000 28631511200    33700568          849.585
 2/ 7/2018 17: 1: 7         880         880         880         880      100000              880    88000000 28719511200    33800568          849.675
 2/ 7/2018 17: 1:16         870         870         870         870      100000              870    87000000 28806511200    33900568          849.735
 2/ 7/2018 17: 1:17         880         880         880         880      100000              880    88000000 28894511200    34000568          849.824
 2/ 7/2018 17: 1:31         870         870         870         870      100000              870    87000000 28981511200    34100568          849.884
 2/ 7/2018 17: 1:32         880         880         880         880      100000              880    88000000 29069511200    34200568          849.972
 2/ 7/2018 17: 1:43         870         870         870         870      100000              870    87000000 29156511200    34300568           850.03
 2/ 7/2018 17: 1:47         880         880         880         880      100000              880    88000000 29244511200    34400568          850.117
 2/ 7/2018 17: 1:48         870         870         870         870      100000              870    87000000 29331511200    34500568          850.175
 2/ 7/2018 17: 1:49         880         880         880         880      100000              880    88000000 29419511200    34600568          850.261
 2/ 7/2018 17: 1:50         880         880         880         880      100000              880    88000000 29507511200    34700568          850.347
 2/ 7/2018 17: 2: 2         870         870         870         870      100000              870    87000000 29594511200    34800568          850.403
 2/ 7/2018 17: 4:18         860         860         860         860      100000              860    86000000 29680511200    34900568          850.431
 2/ 7/2018 17: 6: 1         870         870         870         870      100000              870    87000000 29767511200    35000568          850.487
 2/ 7/2018 17: 9:53         860         860         860         860      100000              860    86000000 29853511200    35100568          850.514
 2/ 7/2018 17:20:38         870         870         870         870      100000              870    87000000 29940511200    35200568          850.569
 2/ 7/2018 17:23:26         860         860         860         860      100000              860    86000000 30026511200    35300568          850.596
 2/ 7/2018 17:29:40         870         870         870         870      100000              870    87000000 30113511200    35400568          850.651
 2/ 7/2018 17:39:44         880         880         880         880      100000              880    88000000 30201511200    35500568          850.733
 2/ 7/2018 17:39:45         870         870         870         870      100000              870    87000000 30288511200    35600568          850.787
 2/ 7/2018 17:40:33         880         880         880         880      100000              880    88000000 30376511200    35700568          850.869
 2/ 7/2018 17:40:34         880         880         880         880      100000              880    88000000 30464511200    35800568           850.95
 2/ 7/2018 17:40:35         870         870         870         870      100000              870    87000000 30551511200    35900568          851.004
 2/ 7/2018 17:40:42         880         880         880         880      100000              880    88000000 30639511200    36000568          851.084
 2/ 7/2018 17:40:43         870         870         870         870      100000              870    87000000 30726511200    36100568          851.137
 2/ 7/2018 17:40:48         880         880         880         880      100000              880    88000000 30814511200    36200568          851.216
 2/ 7/2018 17:40:49         870         870         870         870      100000              870    87000000 30901511200    36300568          851.268
 2/ 7/2018 17:40:51         880         880         880         880      100000              880    88000000 30989511200    36400568          851.347
 2/ 7/2018 17:41:11         870         870         870         870      100000              870    87000000 31076511200    36500568          851.398
 2/ 7/2018 17:41:29         880         880         880         880      100000              880    88000000 31164511200    36600568          851.476
 2/ 7/2018 17:41:34         870         870         870         870      100000              870    87000000 31251511200    36700568          851.527
 2/ 7/2018 17:41:35         870         870         870         870      100000              870    87000000 31338511200    36800568          851.577
 2/ 7/2018 17:41:36         870         870         870         870      100000              870    87000000 31425511200    36900568          851.627
 2/ 7/2018 17:41:41         880         880         880         880      100000              880    88000000 31513511200    37000568          851.703
 2/ 7/2018 17:44:18         870         870         870         870      100000              870    87000000 31600511200    37100568          851.753
 2/ 7/2018 17:45:34         880         880         880         880      100000              880    88000000 31688511200    37200568          851.829
 2/ 7/2018 17:51:55         870         870         870         870      100000              870    87000000 31775511200    37300568          851.877
 2/ 7/2018 17:55:27         860         860         860         860      100000              860    86000000 31861511200    37400568          851.899
 2/ 7/2018 17:57:12         870         870         870         870      100000              870    87000000 31948511200    37500568          851.947
 2/ 7/2018 17:59:17         880         880         880         880      100000              880    88000000 32036511200    37600568          852.022
