         Date              Open        High         Low       Close      Volume     Typical Price         V*P    Total VP     Total V        VWAP    Message Count
10/ 7/2018  0: 2:34         750         750         750         750       25000               750    18750000    18750000       25000         750           1
10/ 7/2018  0: 2:36         760         760         760         760       25000               760    19000000    37750000       50000         755           1
10/ 7/2018  0: 2:52         750         750         750         750       25000               750    18750000    56500000       75000     753.333           1
10/ 7/2018  1: 2:26         760         760         760         760       25000               760    19000000    75500000      100000         755           1
10/ 7/2018  1: 2:28         740         740         740         740       25000               740    18500000    94000000      125000         752           1
10/ 7/2018  1: 2:29         760         760         760         760       25000               760    19000000   113000000      150000     753.333           1
10/ 7/2018  1: 2:30         740         740         740         740       25000               740    18500000   131500000      175000     751.429           1
10/ 7/2018  1: 2:31         760         760         760         760       25000               760    19000000   150500000      200000       752.5           1
10/ 7/2018  1: 2:32         740         740         740         740       25000               740    18500000   169000000      225000     751.111           1
10/ 7/2018  1: 2:33         760         760         760         760       25000               760    19000000   188000000      250000         752           1
10/ 7/2018  1: 2:34         740         740         740         740       25000               740    18500000   206500000      275000     750.909           1
10/ 7/2018  2: 2:24         750         750         750         750       25000               750    18750000   225250000      300000     750.833           1
10/ 7/2018  2: 2:26         730         730         730         730       25000               730    18250000   243500000      325000     749.231           1
10/ 7/2018  2: 2:28         740         740         740         740       25000               740    18500000   262000000      350000     748.571           1
10/ 7/2018  2: 2:33         730         730         730         730       25000               730    18250000   280250000      375000     747.333           1
10/ 7/2018  2: 2:36         750         750         750         750       25000               750    18750000   299000000      400000       747.5           1
10/ 7/2018  2: 2:38         730         740         730         740       25000           736.667    18416666   317416666      425000     746.863           2
10/ 7/2018  2: 2:50         730         730         730         730       25000               730    18250000   335666666      450000     745.926           1
10/ 7/2018  2: 2:52         750         750         730         730       25000           736.667    18416666   354083332      475000     745.439           2
10/ 7/2018  2: 2:53         750         750         730         730       25000           736.667    18416666   372499998      500000         745           2
10/ 7/2018  3: 2: 1         740         740         740         740       25000               740    18500000   390999998      525000     744.762           1
10/ 7/2018  3: 2: 2         730         730         730         730       25000               730    18250000   409249998      550000     744.091           1
10/ 7/2018  3: 2: 7         750         750         750         750       25000               750    18750000   427999998      575000     744.348           1
10/ 7/2018  3: 2: 9         730         730         730         730       25000               730    18250000   446249998      600000      743.75           1
10/ 7/2018  4: 2:18         720         720         720         720       25000               720    18000000   464249998      625000       742.8           1
10/ 7/2018  4: 2:40         730         730         720         720       25000           723.333    18083333   482333331      650000     742.051           2
10/ 7/2018  4: 2:57         710         710         710         710       25000               710    17750000   500083331      675000     740.864           1
10/ 7/2018  4: 2:59         720         720         720         720       25000               720    18000000   518083331      700000     740.119           1
10/ 7/2018  5: 2: 5         710         710         710         710       25000               710    17750000   535833331      725000      739.08           1
10/ 7/2018  5: 2:18         700         700         700         700       25000               700    17500000   553333331      750000     737.778           1
10/ 7/2018  5: 2:19         710         710         710         710       25000               710    17750000   571083331      775000     736.882           1
10/ 7/2018  5: 2:20         720         720         720         720       25000               720    18000000   589083331      800000     736.354           1
10/ 7/2018  5: 2:21         710         710         700         700       25000           703.333    17583333   606666664      825000     735.354           2
10/ 7/2018  5: 2:32         710         710         710         710       25000               710    17750000   624416664      850000     734.608           1
10/ 7/2018  5: 2:33         700         700         700         700       25000               700    17500000   641916664      875000     733.619           1
10/ 7/2018  6: 2: 9         710         710         710         710       25000               710    17750000   659666664      900000     732.963           1
10/ 7/2018  6: 2:36         720         720         720         720       25000               720    18000000   677666664      925000     732.613           1
10/ 7/2018  6: 2:40         710         710         710         710       25000               710    17750000   695416664      950000     732.018           1
10/ 7/2018  7: 2: 2         720         720         720         720       25000               720    18000000   713416664      975000     731.709           1
10/ 7/2018  7: 2: 3         730         730         730         730       25000               730    18250000   731666664     1000000     731.667           1
10/ 7/2018  7: 2: 4         710         710         710         710       25000               710    17750000   749416664     1025000     731.138           1
10/ 7/2018  7: 2:21         700         700         700         700       25000               700    17500000   766916664     1050000     730.397           1
10/ 7/2018  7: 2:22         710         710         710         710       25000               710    17750000   784666664     1075000     729.922           1
10/ 7/2018  7: 2:24         700         700         700         700       25000               700    17500000   802166664     1100000     729.242           1
10/ 7/2018  8: 2:15         710         710         710         710       25000               710    17750000   819916664     1125000     728.815           1
10/ 7/2018  8: 2:17         720         720         720         720       25000               720    18000000   837916664     1150000     728.623           1
10/ 7/2018  8: 2:18         700         700         700         700       25000               700    17500000   855416664     1175000     728.014           1
10/ 7/2018  9: 2:25         720         720         710         710       25000           713.333    17833333   873249997     1200000     727.708           2
10/ 7/2018 12: 2:46         720         720         720         720       25000               720    18000000   891249997     1225000     727.551           1
10/ 7/2018 12: 2:47         710         710         710         710       25000               710    17750000   908999997     1250000       727.2           1
10/ 7/2018 14: 2:50         720         720         720         720       25000               720    18000000   926999997     1275000     727.059           1
10/ 7/2018 17: 2:41         730         730         730         730       25000               730    18250000   945249997     1300000     727.115           1
10/ 7/2018 18: 2:26         740         740         740         740       25000               740    18500000   963749997     1325000     727.358           1
10/ 7/2018 18: 2:46         750         760         750         760       25000           756.667    18916666   982666663     1350000     727.901           2
10/ 7/2018 18: 2:47         750         750         750         750       25000               750    18750000  1001416663     1375000     728.303           1
10/ 7/2018 18: 2:56         760         760         760         760       25000               760    19000000  1020416663     1400000     728.869           1
10/ 7/2018 18: 2:57         750         750         750         750       25000               750    18750000  1039166663     1425000      729.24           1
10/ 7/2018 20: 2: 1         740         740         740         740       25000               740    18500000  1057666663     1450000     729.425           1
10/ 7/2018 20: 2:21         750         750         750         750       25000               750    18750000  1076416663     1475000     729.774           1
10/ 7/2018 20: 2:24         740         740         740         740       25000               740    18500000  1094916663     1500000     729.944           1
10/ 7/2018 20: 2:29         750         750         750         750       25000               750    18750000  1113666663     1525000     730.273           1
10/ 7/2018 20: 2:30         740         740         740         740       25000               740    18500000  1132166663     1550000      730.43           1
10/ 7/2018 20: 2:31         750         750         750         750       25000               750    18750000  1150916663     1575000     730.741           1
10/ 7/2018 20: 2:32         740         740         740         740       25000               740    18500000  1169416663     1600000     730.885           1
10/ 7/2018 20: 2:33         750         750         750         750       25000               750    18750000  1188166663     1625000     731.179           1
10/ 7/2018 20: 2:34         740         740         740         740       25000               740    18500000  1206666663     1650000     731.313           1
10/ 7/2018 20: 2:39         750         750         750         750       25000               750    18750000  1225416663     1675000     731.592           1
10/ 7/2018 20: 2:40         740         740         740         740       25000               740    18500000  1243916663     1700000     731.716           1
10/ 7/2018 20: 2:42         750         750         740         740       25000           743.333    18583333  1262499996     1725000     731.884           2
10/ 7/2018 20: 2:54         750         750         730         730       25000           736.667    18416666  1280916662     1750000     731.952           2
10/ 7/2018 20: 2:57         750         750         750         750       25000               750    18750000  1299666662     1775000     732.207           1
10/ 7/2018 20: 2:58         730         730         730         730       25000               730    18250000  1317916662     1800000     732.176           1
10/ 7/2018 21: 2: 1         750         750         750         750       25000               750    18750000  1336666662     1825000      732.42           1
10/ 7/2018 21: 2: 3         730         730         730         730       25000               730    18250000  1354916662     1850000     732.387           1
10/ 7/2018 22: 2: 6         740         740         740         740       25000               740    18500000  1373416662     1875000     732.489           1
10/ 7/2018 22: 2: 7         730         740         730         740       25000           736.667    18416666  1391833328     1900000     732.544           2
10/ 7/2018 22: 2: 8         730         730         730         730       25000               730    18250000  1410083328     1925000     732.511           1
10/ 7/2018 22: 2: 9         740         740         730         730       25000           733.333    18333333  1428416661     1950000     732.521           2
10/ 7/2018 22: 2:29         720         720         720         720       25000               720    18000000  1446416661     1975000     732.363           1
10/ 7/2018 23: 2: 0         730         730         730         730       25000               730    18250000  1464666661     2000000     732.333           1
10/ 7/2018 23: 2:19         740         740         740         740       25000               740    18500000  1483166661     2025000     732.428           1
10/ 7/2018 23: 2:22         730         730         730         730       25000               730    18250000  1501416661     2050000     732.398           1
10/ 7/2018 23: 2:24         740         740         740         740       25000               740    18500000  1519916661     2075000      732.49           1
10/ 7/2018 23: 2:27         730         730         730         730       25000               730    18250000  1538166661     2100000      732.46           1
10/ 7/2018 26: 2:27         720         720         720         720       25000               720    18000000  1556166661     2125000     732.314           1
10/ 7/2018 27: 2: 3         730         730         730         730       25000               730    18250000  1574416661     2150000     732.287           1
10/ 7/2018 27: 2: 6         720         720         720         720       25000               720    18000000  1592416661     2175000     732.146           1
10/ 7/2018 28: 2: 0         730         730         720         720       25000           723.333    18083333  1610499994     2200000     732.045           2
10/ 7/2018 28: 2: 4         730         730         730         730       25000               730    18250000  1628749994     2225000     732.022           1
10/ 7/2018 28: 2: 6         720         720         720         720       25000               720    18000000  1646749994     2250000     731.889           1
10/ 7/2018 28: 2: 7         730         730         720         720       25000           723.333    18083333  1664833327     2275000     731.795           2
10/ 7/2018 28: 2: 8         730         730         730         730       25000               730    18250000  1683083327     2300000     731.775           1
10/ 7/2018 28: 2:13         720         720         720         720       25000               720    18000000  1701083327     2325000     731.649           1
10/ 7/2018 45: 2:25         730         730         730         730       25000               730    18250000  1719333327     2350000     731.631           1
10/ 7/2018 47: 2: 3         720         720         720         720       25000               720    18000000  1737333327     2375000     731.509           1
10/ 7/2018 50: 2:19         720         720         720         720          20               720       14400  1737347727     2375020     731.509           1
10/ 7/2018 51: 2:51         730         730         730         730       25000               730    18250000  1755597727     2400020     731.493           1
10/ 7/2018 51: 2:52         710         710         710         710       25000               710    17750000  1773347727     2425020     731.271           1
10/ 7/2018 56: 2: 1         710         710         710         710          20               710       14200  1773361927     2425040     731.271           1
11/ 7/2018  2: 2:19         720         720         720         720       25000               720    18000000  1791361927     2450040     731.156           1
11/ 7/2018  2: 2:20         710         710         710         710       25000               710    17750000  1809111927     2475040     730.943           1
11/ 7/2018 12: 2:20         700         700         700         700       25000               700    17500000  1826611927     2500040     730.633           1
11/ 7/2018 14: 2:35         710         710         710         710       25000               710    17750000  1844361927     2525040     730.429           1
11/ 7/2018 14: 2:36         700         700         700         700       25000               700    17500000  1861861927     2550040      730.13           1
11/ 7/2018 14: 2:37         710         710         710         710       25000               710    17750000  1879611927     2575040     729.935           1
11/ 7/2018 17: 2:52         700         700         700         700       25000               700    17500000  1897111927     2600040     729.647           1
11/ 7/2018 18: 2:53         710         710         710         710       25000               710    17750000  1914861927     2625040      729.46           1
11/ 7/2018 20: 2:59         700         700         700         700       25000               700    17500000  1932361927     2650040     729.182           1
11/ 7/2018 25: 2:59         710         710         710         710       25000               710    17750000  1950111927     2675040     729.003           1
12/ 7/2018  5: 2:38         700         700         700         700       25000               700    17500000  1967611927     2700040     728.734           1
12/ 7/2018  5: 2:52         710         710         710         710       25000               710    17750000  1985361927     2725040     728.562           1
12/ 7/2018  5: 2:55         700         700         700         700       25000               700    17500000  2002861927     2750040     728.303           1
12/ 7/2018  6: 2:26         710         710         710         710       25000               710    17750000  2020611927     2775040     728.138           1
12/ 7/2018  6: 2:52         700         700         700         700       25000               700    17500000  2038111927     2800040     727.887           1
12/ 7/2018  8: 2:59         720         720         720         720       25000               720    18000000  2056111927     2825040     727.817           1
12/ 7/2018  9: 2: 0         710         710         700         700       25000           703.333    17583333  2073695260     2850040     727.602           2
12/ 7/2018  9: 2: 1         710         710         710         710       25000               710    17750000  2091445260     2875040     727.449           1
12/ 7/2018 14: 2:28         700         700         700         700       25000               700    17500000  2108945260     2900040     727.212           1
12/ 7/2018 20: 2:26         690         690         690         690       25000               690    17250000  2126195260     2925040     726.894           1
12/ 7/2018 20: 2:47         700         700         700         700       20000               700    14000000  2140195260     2945040     726.712           1
12/ 7/2018 20: 2:53         690         690         690         690       20000               690    13800000  2153995260     2965040     726.464           1
12/ 7/2018 23: 2:20         700         700         700         700       15000               700    10500000  2164495260     2980040     726.331           1
12/ 7/2018 23: 2:30         710         710         710         710       15000               710    10650000  2175145260     2995040     726.249           1
12/ 7/2018 23: 2:32         690         690         690         690       15000               690    10350000  2185495260     3010040     726.069           1
12/ 7/2018 23: 2:33         710         710         710         710       15000               710    10650000  2196145260     3025040     725.989           1
12/ 7/2018 23: 2:34         690         690         690         690       15000               690    10350000  2206495260     3040040     725.811           1
12/ 7/2018 23: 2:41         700         700         700         700       15000               700    10500000  2216995260     3055040     725.685           1
12/ 7/2018 36: 2:19         690         690         690         690       15000               690    10350000  2227345260     3070040      725.51           1
12/ 7/2018 36: 2:23         700         700         700         700       15000               700    10500000  2237845260     3085040     725.386           1
12/ 7/2018 36: 2:25         690         690         690         690       15000               690    10350000  2248195260     3100040     725.215           1
12/ 7/2018 36: 2:42         700         700         700         700       15000               700    10500000  2258695260     3115040     725.094           1
12/ 7/2018 36: 2:45         690         690         690         690       15000               690    10350000  2269045260     3130040     724.925           1
12/ 7/2018 37: 2: 9         680         680         680         680       15000               680    10200000  2279245260     3145040     724.711           1
12/ 7/2018 37: 2:27         690         690         690         690       15000               690    10350000  2289595260     3160040     724.546           1
12/ 7/2018 37: 2:32         680         680         680         680       15000               680    10200000  2299795260     3175040     724.336           1
12/ 7/2018 37: 2:33         700         700         690         690       15000           693.333    10400000  2310195260     3190040      724.19           2
12/ 7/2018 37: 2:58         680         680         680         680       15000               680    10200000  2320395260     3205040     723.983           1
12/ 7/2018 38: 2:22         670         670         670         670       15000               670    10050000  2330445260     3220040     723.732           1
12/ 7/2018 40: 2:18         660         660         660         660       15000               660     9900000  2340345260     3235040     723.436           1
12/ 7/2018 40: 2:20         670         670         670         670       15000               670    10050000  2350395260     3250040      723.19           1
12/ 7/2018 40: 2:49         680         680         670         670       15000           673.333    10100000  2360495260     3265040     722.961           2
12/ 7/2018 40: 2:52         680         680         680         680       15000               680    10200000  2370695260     3280040     722.764           1
12/ 7/2018 40: 2:53         670         670         670         670       15000               670    10050000  2380745260     3295040     722.524           1
12/ 7/2018 40: 2:58         680         680         680         680       15000               680    10200000  2390945260     3310040     722.331           1
12/ 7/2018 41: 2: 2         670         670         670         670       15000               670    10050000  2400995260     3325040     722.095           1
12/ 7/2018 42: 2: 9         660         660         660         660       15000               660     9900000  2410895260     3340040     721.816           1
12/ 7/2018 43: 2:38         670         670         670         670       15000               670    10050000  2420945260     3355040     721.585           1
12/ 7/2018 45: 2:19         660         660         660         660       15000               660     9900000  2430845260     3370040     721.311           1
12/ 7/2018 46: 2: 9         670         670         670         670       15000               670    10050000  2440895260     3385040     721.083           1
12/ 7/2018 46: 2:10         660         660         660         660       15000               660     9900000  2450795260     3400040     720.814           1
12/ 7/2018 46: 2:13         670         670         670         670       15000               670    10050000  2460845260     3415040      720.59           1
12/ 7/2018 46: 2:35         680         680         670         670       15000           673.333    10100000  2470945260     3430040     720.384           2
12/ 7/2018 50: 2:46         680         680         680         680       15000               680    10200000  2481145260     3445040     720.208           1
12/ 7/2018 50: 2:47         670         670         670         670       15000               670    10050000  2491195260     3460040      719.99           1
12/ 7/2018 52: 2:41         680         680         670         670       15000           673.333    10100000  2501295260     3475040     719.789           2
12/ 7/2018 52: 2:54         680         680         670         670       15000           673.333    10100000  2511395260     3490040     719.589           2
12/ 7/2018 53: 2:28         680         680         670         670       15000           673.333    10100000  2521495260     3505040     719.391           2
12/ 7/2018 56: 2:33         680         680         680         680       15000               680    10200000  2531695260     3520040     719.223           1
12/ 7/2018 56: 2:34         670         670         670         670       15000               670    10050000  2541745260     3535040     719.015           1
12/ 7/2018 56: 2:38         680         680         680         680       15000               680    10200000  2551945260     3550040      718.85           1
12/ 7/2018 56: 2:39         670         670         670         670       15000               670    10050000  2561995260     3565040     718.644           1
12/ 7/2018 56: 2:41         680         680         680         680       15000               680    10200000  2572195260     3580040     718.482           1
12/ 7/2018 56: 2:42         670         670         670         670       15000               670    10050000  2582245260     3595040      718.28           1
12/ 7/2018 58: 2:51         680         680         680         680       15000               680    10200000  2592445260     3610040     718.121           1
12/ 7/2018 58: 2:53         670         670         670         670       15000               670    10050000  2602495260     3625040     717.922           1
12/ 7/2018 58: 2:54         680         680         680         680       15000               680    10200000  2612695260     3640040     717.766           1
12/ 7/2018 58: 2:55         670         670         670         670       15000               670    10050000  2622745260     3655040      717.57           1
12/ 7/2018 59: 2: 1         660         660         660         660       15000               660     9900000  2632645260     3670040     717.334           1
12/ 7/2018 59: 2:33         670         670         660         660       15000           663.333     9950000  2642595260     3685040     717.114           2
14/ 7/2018  0: 2:25         660         660         660         660       25000               660    16500000  2659095260     3710040      716.73           1
14/ 7/2018  0: 2:39         650         650         650         650       25000               650    16250000  2675345260     3735040     716.283           1
14/ 7/2018  6: 2:48         660         660         660         660       25000               660    16500000  2691845260     3760040     715.909           1
14/ 7/2018  6: 2:49         650         660         650         660       25000           656.667    16416666  2708261926     3785040     715.517           2
14/ 7/2018  6: 2:50         650         650         650         650       25000               650    16250000  2724511926     3810040     715.087           1
14/ 7/2018  7: 2:23         640         650         640         650       25000           646.667    16166666  2740678592     3835040     714.641           2
14/ 7/2018  7: 2:27         640         640         640         640       25000               640    16000000  2756678592     3860040     714.158           1
14/ 7/2018  7: 2:38         630         630         630         630       25000               630    15750000  2772428592     3885040     713.616           1
14/ 7/2018  8: 2:49         640         640         640         640       25000               640    16000000  2788428592     3910040     713.146           1
14/ 7/2018  8: 2:50         630         630         630         630       25000               630    15750000  2804178592     3935040     712.618           1
14/ 7/2018  8: 2:52         640         640         640         640       25000               640    16000000  2820178592     3960040     712.159           1
14/ 7/2018  8: 2:53         630         630         630         630       25000               630    15750000  2835928592     3985040     711.644           1
14/ 7/2018  9: 2:23         640         640         640         640       25000               640    16000000  2851928592     4010040     711.197           1
14/ 7/2018  9: 2:25         630         630         630         630       25000               630    15750000  2867678592     4035040     710.694           1
14/ 7/2018 10: 2: 0         640         640         640         640       25000               640    16000000  2883678592     4060040     710.259           1
14/ 7/2018 10: 2: 1         630         630         630         630       25000               630    15750000  2899428592     4085040     709.767           1
14/ 7/2018 11: 2:31         640         640         640         640       25000               640    16000000  2915428592     4110040     709.343           1
14/ 7/2018 11: 2:38         630         630         630         630       25000               630    15750000  2931178592     4135040     708.863           1
14/ 7/2018 11: 2:42         640         640         640         640       25000               640    16000000  2947178592     4160040      708.45           1
14/ 7/2018 11: 2:43         630         630         630         630       25000               630    15750000  2962928592     4185040     707.981           1
14/ 7/2018 11: 2:52         620         620         620         620       25000               620    15500000  2978428592     4210040     707.459           1
14/ 7/2018 13: 2:32         630         630         630         630       25000               630    15750000  2994178592     4235040     707.001           1
14/ 7/2018 13: 2:33         620         620         620         620       25000               620    15500000  3009678592     4260040     706.491           1
14/ 7/2018 13: 2:41         630         630         630         630       25000               630    15750000  3025428592     4285040     706.044           1
14/ 7/2018 14: 2:45         620         620         620         620       25000               620    15500000  3040928592     4310040     705.545           1
14/ 7/2018 15: 2: 1         630         630         630         630       25000               630    15750000  3056678592     4335040      705.11           1
14/ 7/2018 15: 2: 3         620         620         620         620       25000               620    15500000  3072178592     4360040     704.622           1
14/ 7/2018 15: 2: 4         630         630         620         620       25000           623.333    15583333  3087761925     4385040     704.158           2
14/ 7/2018 15: 2:34         630         630         630         630       25000               630    15750000  3103511925     4410040     703.738           1
14/ 7/2018 15: 2:37         620         620         620         620       25000               620    15500000  3119011925     4435040     703.266           1
14/ 7/2018 15: 2:42         630         630         630         630       25000               630    15750000  3134761925     4460040     702.855           1
14/ 7/2018 18: 2: 1         640         640         630         630       25000           633.333    15833333  3150595258     4485040     702.468           2
14/ 7/2018 18: 2:48         640         640         630         630       25000           633.333    15833333  3166428591     4510040     702.084           2
14/ 7/2018 19: 2: 9         620         630         620         630       25000           626.667    15666666  3182095257     4535040     701.669           2
14/ 7/2018 19: 2:42         640         640         630         630       25000           633.333    15833333  3197928590     4560040     701.294           2
14/ 7/2018 20: 2: 8         640         640         630         630       25000           633.333    15833333  3213761923     4585040     700.923           2
14/ 7/2018 21: 2: 6         640         640         640         640       25000               640    16000000  3229761923     4610040     700.593           1
14/ 7/2018 22: 2:25         630         630         630         630       25000               630    15750000  3245511923     4635040     700.212           1
14/ 7/2018 23: 2:55         640         640         640         640       25000               640    16000000  3261511923     4660040     699.889           1
14/ 7/2018 23: 2:56         630         630         630         630       25000               630    15750000  3277261923     4685040     699.516           1
14/ 7/2018 28: 2: 6         640         640         630         630       25000           633.333    15833333  3293095256     4710040     699.165           2
14/ 7/2018 28: 2: 7         640         640         640         640       25000               640    16000000  3309095256     4735040     698.853           1
14/ 7/2018 28: 2: 8         630         630         630         630       25000               630    15750000  3324845256     4760040     698.491           1
14/ 7/2018 29: 2:20         620         620         620         620       25000               620    15500000  3340345256     4785040     698.081           1
14/ 7/2018 32: 2: 0         630         630         620         620       25000           623.333    15583333  3355928589     4810040     697.692           2
14/ 7/2018 33: 2:14         630         630         620         620       25000           623.333    15583333  3371511922     4835040     697.308           2
14/ 7/2018 34: 2:31         630         630         620         620       25000           623.333    15583333  3387095255     4860040     696.927           2
14/ 7/2018 35: 2:11         590         590         590         590       10000               590     5900000  3392995255     4870040     696.708           1
14/ 7/2018 38: 2:16         630         630         630         630       25000               630    15750000  3408745255     4895040     696.367           1
14/ 7/2018 38: 2:17         620         620         620         620       25000               620    15500000  3424245255     4920040     695.979           1
14/ 7/2018 39: 2:42         500         500         500         500         300               500      150000  3424395255     4920340     695.967           1
14/ 7/2018 41: 2:24         640         640         640         640       25000               640    16000000  3440395255     4945340     695.684           1
14/ 7/2018 41: 2:25         630         630         630         630       25000               630    15750000  3456145255     4970340     695.354           1
14/ 7/2018 41: 2:43         620         620         620         620       25000               620    15500000  3471645255     4995340     694.977           1
14/ 7/2018 42: 2:18         630         630         630         630       25000               630    15750000  3487395255     5020340     694.653           1
14/ 7/2018 42: 2:21         640         640         640         640       25000               640    16000000  3503395255     5045340     694.382           1
14/ 7/2018 42: 2:22         620         640         620         640       25000           633.333    15833333  3519228588     5070340     694.081           2
14/ 7/2018 42: 2:23         630         630         630         630       25000               630    15750000  3534978588     5095340     693.767           1
14/ 7/2018 42: 2:24         620         630         620         630       25000           626.667    15666666  3550645254     5120340     693.439           2
14/ 7/2018 42: 2:48         620         620         620         620       25000               620    15500000  3566145254     5145340     693.083           1
14/ 7/2018 45: 2:17         630         630         630         630       25000               630    15750000  3581895254     5170340     692.778           1
14/ 7/2018 45: 2:19         620         620         620         620       25000               620    15500000  3597395254     5195340     692.427           1
14/ 7/2018 45: 2:21         630         630         630         630       25000               630    15750000  3613145254     5220340     692.128           1
14/ 7/2018 52: 2:50         640         640         640         640       25000               640    16000000  3629145254     5245340      691.88           1
14/ 7/2018 53: 2:18         630         630         630         630       25000               630    15750000  3644895254     5270340     691.586           1
14/ 7/2018 58: 2:28         640         640         640         640       25000               640    16000000  3660895254     5295340     691.343           1
15/ 7/2018  1: 2:20         630         630         630         630       25000               630    15750000  3676645254     5320340     691.055           1
15/ 7/2018  6: 2: 8         640         640         640         640       25000               640    16000000  3692645254     5345340     690.816           1
15/ 7/2018  8: 2: 1         630         630         630         630       25000               630    15750000  3708395254     5370340     690.533           1
15/ 7/2018  9: 2:33         640         640         640         640       25000               640    16000000  3724395254     5395340     690.299           1
15/ 7/2018  9: 2:36         630         630         630         630       25000               630    15750000  3740145254     5420340      690.02           1
15/ 7/2018  9: 2:37         650         650         650         650       25000               650    16250000  3756395254     5445340     689.837           1
15/ 7/2018  9: 2:38         640         640         640         640       25000               640    16000000  3772395254     5470340     689.609           1
15/ 7/2018 23: 2: 2         630         630         630         630       25000               630    15750000  3788145254     5495340     689.338           1
15/ 7/2018 23: 2: 3         640         640         640         640       25000               640    16000000  3804145254     5520340     689.114           1
15/ 7/2018 23: 2: 4         650         650         650         650       25000               650    16250000  3820395254     5545340     688.938           1
15/ 7/2018 23: 2: 5         630         630         630         630       25000               630    15750000  3836145254     5570340     688.673           1
15/ 7/2018 30: 2:58         640         640         640         640       25000               640    16000000  3852145254     5595340     688.456           1
15/ 7/2018 31: 2: 1         630         630         630         630       25000               630    15750000  3867895254     5620340     688.196           1
15/ 7/2018 34: 2:33         620         620         620         620       25000               620    15500000  3883395254     5645340     687.894           1
15/ 7/2018 34: 2:37         630         630         620         620       25000           623.333    15583333  3898978587     5670340     687.609           2
15/ 7/2018 34: 2:48         630         630         620         620       25000           623.333    15583333  3914561920     5695340     687.327           2
15/ 7/2018 34: 2:50         630         630         630         630       25000               630    15750000  3930311920     5720340     687.077           1
15/ 7/2018 34: 2:59         620         620         620         620       25000               620    15500000  3945811920     5745340     686.785           1
15/ 7/2018 36: 2:41         630         630         630         630       25000               630    15750000  3961561920     5770340     686.539           1
15/ 7/2018 37: 2:18         620         620         620         620       25000               620    15500000  3977061920     5795340     686.252           1
15/ 7/2018 37: 2:19         630         630         630         630       25000               630    15750000  3992811920     5820340      686.01           1
15/ 7/2018 37: 2:22         620         620         620         620       25000               620    15500000  4008311920     5845340     685.728           1
15/ 7/2018 38: 2:23         630         630         620         620       25000           623.333    15583333  4023895253     5870340     685.462           2
15/ 7/2018 39: 2:47         630         630         630         630       25000               630    15750000  4039645253     5895340     685.227           1
15/ 7/2018 40: 2:49         620         620         620         620       25000               620    15500000  4055145253     5920340     684.951           1
15/ 7/2018 41: 2:39         630         630         630         630       25000               630    15750000  4070895253     5945340      684.72           1
15/ 7/2018 41: 2:40         620         620         620         620       25000               620    15500000  4086395253     5970340     684.449           1
15/ 7/2018 42: 2:15         630         630         630         630       25000               630    15750000  4102145253     5995340     684.222           1
15/ 7/2018 42: 2:16         620         620         620         620       25000               620    15500000  4117645253     6020340     683.956           1
15/ 7/2018 43: 2:27         630         630         630         630        1500               630      945000  4118590253     6021840     683.942           1
15/ 7/2018 45: 2:33         630         630         630         630       25000               630    15750000  4134340253     6046840     683.719           1
15/ 7/2018 45: 2:34         620         620         620         620       25000               620    15500000  4149840253     6071840     683.457           1
15/ 7/2018 45: 2:35         630         630         620         620       25000           623.333    15583333  4165423586     6096840      683.21           2
15/ 7/2018 46: 2:39         630         630         630         630       25000               630    15750000  4181173586     6121840     682.993           1
15/ 7/2018 46: 2:40         620         630         620         630       25000           626.667    15666666  4196840252     6146840     682.764           2
15/ 7/2018 46: 2:41         620         620         620         620       25000               620    15500000  4212340252     6171840      682.51           1
15/ 7/2018 49: 2:27         630         630         630         630       24000               630    15120000  4227460252     6195840     682.306           1
15/ 7/2018 49: 2:28         620         620         620         620       24000               620    14880000  4242340252     6219840     682.066           1
15/ 7/2018 50: 2:14         630         630         630         630       24000               630    15120000  4257460252     6243840     681.866           1
15/ 7/2018 52: 2: 1         620         620         620         620       23999               620    14879380  4272339632     6267839     681.629           1
15/ 7/2018 53: 2:40         630         630         630         630       23999               630    15119370  4287459002     6291838     681.432           1
15/ 7/2018 55: 2:51         640         640         640         640       23999               640    15359360  4302818362     6315837     681.274           1
15/ 7/2018 56: 2: 1         630         630         630         630       23999               630    15119370  4317937732     6339836      681.08           1
15/ 7/2018 56: 2:48         620         640         620         640       23999           633.333    15199366  4333137098     6363835       680.9           2
15/ 7/2018 56: 2:49         630         630         630         630       23999               630    15119370  4348256468     6387834     680.709           1
16/ 7/2018  2: 2:42         640         640         640         640       23999               640    15359360  4363615828     6411833     680.557           1
16/ 7/2018  2: 2:44         630         630         630         630       23999               630    15119370  4378735198     6435832     680.368           1
16/ 7/2018  3: 2: 4         650         650         650         650       23999               650    15599350  4394334548     6459831     680.255           1
16/ 7/2018  3: 2: 6         630         630         630         630       23999               630    15119370  4409453918     6483830     680.069           1
16/ 7/2018  4: 2:58         650         650         650         650       23999               650    15599350  4425053268     6507829     679.958           1
16/ 7/2018  4: 2:59         630         630         630         630       23999               630    15119370  4440172638     6531828     679.775           1
16/ 7/2018  5: 2: 5         640         640         640         640       23999               640    15359360  4455531998     6555827     679.629           1
16/ 7/2018  5: 2:21         650         650         640         640       23999           643.333    15439356  4470971354     6579826     679.497           2
16/ 7/2018  5: 2:30         650         650         650         650       23999               650    15599350  4486570704     6603825      679.39           1
16/ 7/2018  6: 2:23         650         650         650         650        1000               650      650000  4487220704     6604825     679.385           1
16/ 7/2018  6: 2:43         660         660         660         660       23999               660    15839340  4503060044     6628824     679.315           1
16/ 7/2018  7: 2:11         650         650         650         650       23999               650    15599350  4518659394     6652823     679.209           1
16/ 7/2018  7: 2:19         640         640         640         640        1800               640     1152000  4519811394     6654623     679.199           1
16/ 7/2018  7: 2:21         660         660         660         660       23999               660    15839340  4535650734     6678622      679.13           1
16/ 7/2018  7: 2:22         650         650         650         650       23999               650    15599350  4551250084     6702621     679.025           1
16/ 7/2018  8: 2: 5         660         660         660         660       23999               660    15839340  4567089424     6726620     678.958           1
16/ 7/2018  8: 2:57         650         650         650         650       23999               650    15599350  4582688774     6750619     678.855           1
16/ 7/2018  9: 2:26         670         670         670         670       23999               670    16079330  4598768104     6774618     678.823           1
16/ 7/2018  9: 2:28         660         660         660         660       23999               660    15839340  4614607444     6798617     678.757           1
16/ 7/2018  9: 2:39         650         650         650         650       23999               650    15599350  4630206794     6822616     678.656           1
16/ 7/2018  9: 2:40         660         660         660         660       23999               660    15839340  4646046134     6846615      678.59           1
16/ 7/2018 11: 2:49         650         650         650         650       23999               650    15599350  4661645484     6870614      678.49           1
16/ 7/2018 12: 2:10         660         660         660         660       23999               660    15839340  4677484824     6894613     678.426           1
16/ 7/2018 12: 2:11         650         650         650         650       23999               650    15599350  4693084174     6918612     678.327           1
16/ 7/2018 12: 2:12         660         660         660         660       23999               660    15839340  4708923514     6942611     678.264           1
16/ 7/2018 14: 2:13         670         670         670         670       23999               670    16079330  4725002844     6966610     678.236           1
16/ 7/2018 14: 2:28         680         680         680         680       23999               680    16319320  4741322164     6990609     678.242           1
16/ 7/2018 14: 2:29         670         670         670         670       23999               670    16079330  4757401494     7014608     678.213           1
16/ 7/2018 14: 2:42         680         680         680         680       23999               680    16319320  4773720814     7038607      678.22           1
16/ 7/2018 14: 2:43         670         670         670         670       23999               670    16079330  4789800144     7062606     678.192           1
16/ 7/2018 15: 2: 5         660         660         660         660       23999               660    15839340  4805639484     7086605      678.13           1
16/ 7/2018 15: 2: 8         670         670         670         670       23999               670    16079330  4821718814     7110604     678.103           1
16/ 7/2018 15: 2:14         660         660         660         660       23999               660    15839340  4837558154     7134603     678.042           1
16/ 7/2018 15: 2:17         670         670         670         670       23999               670    16079330  4853637484     7158602     678.015           1
16/ 7/2018 17: 2:28         660         660         660         660       23799               660    15707340  4869344824     7182401     677.955           1
16/ 7/2018 17: 2:34         670         670         670         670       23799               670    15945330  4885290154     7206200     677.929           1
16/ 7/2018 17: 2:37         660         660         660         660       23799               660    15707340  4900997494     7229999      677.87           1
16/ 7/2018 18: 2:37         650         650         650         650       23799               650    15469350  4916466844     7253798     677.778           1
16/ 7/2018 18: 2:38         660         660         660         660       23799               660    15707340  4932174184     7277597      677.72           1
16/ 7/2018 20: 2: 7         680         680         680         680       23799               680    16183320  4948357504     7301396     677.728           1
16/ 7/2018 20: 2: 8         660         660         660         660       23799               660    15707340  4964064844     7325195      677.67           1
16/ 7/2018 20: 2: 9         680         680         670         670       23799           673.333    16024660  4980089504     7348994     677.656           2
16/ 7/2018 20: 2:12         680         680         680         680       23799               680    16183320  4996272824     7372793     677.664           1
16/ 7/2018 20: 2:15         660         660         660         660       23799               660    15707340  5011980164     7396592     677.607           1
16/ 7/2018 20: 2:18         670         670         670         670       23799               670    15945330  5027925494     7420391     677.582           1
16/ 7/2018 20: 2:19         660         660         660         660       23799               660    15707340  5043632834     7444190     677.526           1
16/ 7/2018 23: 2:28         670         670         670         670       23799               670    15945330  5059578164     7467989     677.502           1
16/ 7/2018 24: 2: 5         660         660         660         660       23799               660    15707340  5075285504     7491788     677.446           1
16/ 7/2018 31: 2:13         660         660         660         660        1500               660      990000  5076275504     7493288     677.443           1
16/ 7/2018 31: 2:37         650         650         650         650       23799               650    15469350  5091744854     7517087     677.356           1
16/ 7/2018 34: 2:49         640         640         640         640       23799               640    15231360  5106976214     7540886     677.238           1
16/ 7/2018 35: 2:22         650         650         650         650       23799               650    15469350  5122445564     7564685     677.153           1
16/ 7/2018 35: 2:33         650         650         650         650        1500               650      975000  5123420564     7566185     677.147           1
16/ 7/2018 36: 2:10         620         620         620         620        1000               620      620000  5124040564     7567185      677.14           1
16/ 7/2018 36: 2:50         640         640         640         640       23799               640    15231360  5139271924     7590984     677.023           1
16/ 7/2018 37: 2:20         650         650         650         650       23799               650    15469350  5154741274     7614783     676.939           1
16/ 7/2018 52: 2:57         640         640         640         640       23799               640    15231360  5169972634     7638582     676.824           1
16/ 7/2018 52: 2:59         650         650         650         650       23799               650    15469350  5185441984     7662381      676.74           1
16/ 7/2018 53: 2: 0         640         640         640         640       23799               640    15231360  5200673344     7686180     676.627           1
16/ 7/2018 53: 2:34         630         630         630         630       23799               630    14993370  5215666714     7709979     676.483           1
16/ 7/2018 53: 2:35         640         640         640         640       23799               640    15231360  5230898074     7733778      676.37           1
16/ 7/2018 54: 2:53         650         650         650         650       23799               650    15469350  5246367424     7757577     676.289           1
16/ 7/2018 54: 2:55         640         640         640         640       23799               640    15231360  5261598784     7781376     676.178           1
16/ 7/2018 54: 2:56         650         650         650         650       23799               650    15469350  5277068134     7805175     676.099           1
16/ 7/2018 54: 2:57         640         640         640         640       23799               640    15231360  5292299494     7828974     675.989           1
16/ 7/2018 56: 2:53         650         650         650         650       23799               650    15469350  5307768844     7852773      675.91           1
16/ 7/2018 56: 2:54         640         640         640         640       23799               640    15231360  5323000204     7876572     675.802           1
16/ 7/2018 56: 2:56         650         650         650         650       23799               650    15469350  5338469554     7900371     675.724           1
16/ 7/2018 56: 2:59         640         640         640         640       23799               640    15231360  5353700914     7924170     675.617           1
16/ 7/2018 59: 2: 0         660         660         660         660       23799               660    15707340  5369408254     7947969      675.57           1
16/ 7/2018 59: 2: 1         650         650         650         650       23799               650    15469350  5384877604     7971768     675.494           1
16/ 7/2018 59: 2: 7         640         650         640         650       23799           646.667    15390020  5400267624     7995567     675.408           2
17/ 7/2018  0: 2: 4         640         640         640         640       23799               640    15231360  5415498984     8019366     675.303           1
17/ 7/2018  4: 2:58         650         650         650         650       23799               650    15469350  5430968334     8043165     675.228           1
17/ 7/2018  5: 2: 3         640         640         640         640       23799               640    15231360  5446199694     8066964     675.124           1
17/ 7/2018  6: 2: 5         650         650         650         650       23799               650    15469350  5461669044     8090763      675.05           1
17/ 7/2018  6: 2: 9         640         640         640         640       23799               640    15231360  5476900404     8114562     674.947           1
17/ 7/2018  6: 2:57         650         650         650         650       23799               650    15469350  5492369754     8138361     674.874           1
17/ 7/2018  7: 2:44         640         640         640         640       23799               640    15231360  5507601114     8162160     674.773           1
17/ 7/2018 11: 2:43         630         630         630         630       23799               630    14993370  5522594484     8185959     674.642           1
17/ 7/2018 12: 2:15         640         640         640         640       23799               640    15231360  5537825844     8209758     674.542           1
17/ 7/2018 14: 2:13         630         630         630         630       23799               630    14993370  5552819214     8233557     674.413           1
17/ 7/2018 15: 2: 6         640         640         630         630       23799           633.333    15072700  5567891914     8257356     674.295           2
17/ 7/2018 15: 2: 8         650         650         650         650       23799               650    15469350  5583361264     8281155     674.225           1
17/ 7/2018 15: 2: 9         630         630         630         630       23799               630    14993370  5598354634     8304954     674.098           1
17/ 7/2018 15: 2:10         640         640         630         630       23799           633.333    15072700  5613427334     8328753     673.982           2
17/ 7/2018 18: 2:38         640         640         640         640       23799               640    15231360  5628658694     8352552     673.885           1
17/ 7/2018 19: 2:55         630         630         630         630       23799               630    14993370  5643652064     8376351      673.76           1
17/ 7/2018 19: 2:59         640         640         640         640       23799               640    15231360  5658883424     8400150     673.665           1
17/ 7/2018 20: 2: 8         630         630         630         630       23799               630    14993370  5673876794     8423949     673.541           1
17/ 7/2018 20: 2: 9         640         640         640         640       23799               640    15231360  5689108154     8447748     673.447           1
17/ 7/2018 20: 2:26         630         630         630         630       23799               630    14993370  5704101524     8471547     673.325           1
17/ 7/2018 20: 2:31         640         640         640         640       23799               640    15231360  5719332884     8495346     673.231           1
17/ 7/2018 20: 2:33         630         630         630         630       23799               630    14993370  5734326254     8519145     673.111           1
17/ 7/2018 21: 2:16         640         640         640         640       23799               640    15231360  5749557614     8542944     673.018           1
17/ 7/2018 21: 2:53         630         630         630         630       23799               630    14993370  5764550984     8566743     672.899           1
17/ 7/2018 22: 2:34         640         640         640         640       23799               640    15231360  5779782344     8590542     672.808           1
17/ 7/2018 22: 2:38         630         630         630         630       23799               630    14993370  5794775714     8614341     672.689           1
17/ 7/2018 31: 2:38         640         640         630         630       23799           633.333    15072700  5809848414     8638140     672.581           2
17/ 7/2018 34: 2: 2         620         620         620         620       22800               620    14136000  5823984414     8660940     672.443           1
17/ 7/2018 34: 2:17         610         610         610         610       22800               610    13908000  5837892414     8683740     672.279           1
17/ 7/2018 34: 2:18         620         620         620         620       22800               620    14136000  5852028414     8706540     672.142           1
17/ 7/2018 34: 2:32         610         610         610         610       22800               610    13908000  5865936414     8729340     671.979           1
17/ 7/2018 36: 2:41         600         600         600         600       22800               600    13680000  5879616414     8752140     671.792           1
17/ 7/2018 36: 2:44         610         610         610         610       22800               610    13908000  5893524414     8774940     671.631           1
17/ 7/2018 37: 2:15         620         620         620         620       22800               620    14136000  5907660414     8797740     671.497           1
17/ 7/2018 37: 2:16         610         610         610         610       22800               610    13908000  5921568414     8820540     671.339           1
17/ 7/2018 37: 2:35         620         620         620         620       22800               620    14136000  5935704414     8843340     671.206           1
17/ 7/2018 37: 2:45         610         620         610         620       22800           616.667    14060000  5949764414     8866140     671.066           2
17/ 7/2018 37: 2:46         610         610         610         610       22800               610    13908000  5963672414     8888940     670.909           1
17/ 7/2018 38: 2:17         640         640         640         640        1001               640      640640  5964313054     8889941     670.906           1
17/ 7/2018 42: 2:11         600         600         600         600       22800               600    13680000  5977993054     8912741     670.724           1
17/ 7/2018 42: 2:41         610         610         610         610       22800               610    13908000  5991901054     8935541     670.569           1
17/ 7/2018 42: 2:46         600         600         600         600       22800               600    13680000  6005581054     8958341      670.39           1
17/ 7/2018 43: 2:29         610         610         610         610       22800               610    13908000  6019489054     8981141     670.237           1
17/ 7/2018 44: 2:21         600         610         600         610       22800           606.667    13832000  6033321054     9003941     670.076           2
17/ 7/2018 44: 2:22         600         600         600         600       22800               600    13680000  6047001054     9026741     669.899           1
17/ 7/2018 44: 2:47         610         610         610         610       22800               610    13908000  6060909054     9049541     669.748           1
17/ 7/2018 44: 2:51         600         600         600         600       22800               600    13680000  6074589054     9072341     669.572           1
17/ 7/2018 46: 2:13         610         610         610         610       22800               610    13908000  6088497054     9095141     669.423           1
17/ 7/2018 49: 2:14         600         600         600         600       22800               600    13680000  6102177054     9117941     669.249           1
17/ 7/2018 50: 2: 9         610         610         610         610       22800               610    13908000  6116085054     9140741     669.102           1
17/ 7/2018 50: 2:32         620         620         620         620       22800               620    14136000  6130221054     9163541     668.979           1
17/ 7/2018 50: 2:33         610         610         610         610       22800               610    13908000  6144129054     9186341     668.833           1
17/ 7/2018 50: 2:34         620         620         620         620       22800               620    14136000  6158265054     9209141     668.712           1
17/ 7/2018 50: 2:35         610         610         610         610       22800               610    13908000  6172173054     9231941     668.567           1
17/ 7/2018 50: 2:36         600         610         600         610       22800           606.667    13832000  6186005054     9254741     668.415           2
17/ 7/2018 50: 2:37         600         600         600         600       22800               600    13680000  6199685054     9277541     668.247           1
17/ 7/2018 51: 2: 8         610         610         610         610       22800               610    13908000  6213593054     9300341     668.104           1
17/ 7/2018 51: 2:32         600         600         600         600       22800               600    13680000  6227273054     9323141     667.937           1
17/ 7/2018 52: 2: 3         610         610         610         610       22800               610    13908000  6241181054     9345941     667.796           1
17/ 7/2018 57: 2:14         600         600         600         600       22800               600    13680000  6254861054     9368741     667.631           1
17/ 7/2018 58: 2:56         610         610         610         610       22800               610    13908000  6268769054     9391541     667.491           1
17/ 7/2018 59: 2: 5         620         620         610         610       22800           613.333    13984000  6282753054     9414341      667.36           2
