         Date              Open        High         Low       Close      Volume     Typical Price         V*P    Total VP     Total V        VWAP    Message Count
10/ 7/2018  0: 2: 3         420         420         420         420       50000               420    21000000    21000000       50000         420           1
10/ 7/2018  0: 2:11         410         410         410         410       50000               410    20500000    41500000      100000         415           1
10/ 7/2018  0: 2:13         420         420         420         420       50000               420    21000000    62500000      150000     416.667           1
10/ 7/2018  0: 2:28         410         410         410         410       50000               410    20500000    83000000      200000         415           1
10/ 7/2018  3: 2:42         400         400         400         400       50000               400    20000000   103000000      250000         412           1
10/ 7/2018  4: 2: 5         410         410         410         410       50000               410    20500000   123500000      300000     411.667           1
10/ 7/2018  4: 2:21         400         400         400         400       50000               400    20000000   143500000      350000         410           1
10/ 7/2018  4: 2:44         410         410         410         410       50000               410    20500000   164000000      400000         410           1
10/ 7/2018  5: 2:12         400         400         400         400       50000               400    20000000   184000000      450000     408.889           1
10/ 7/2018  5: 2:29         410         410         410         410       50000               410    20500000   204500000      500000         409           1
10/ 7/2018  7: 2:48         400         400         400         400       50000               400    20000000   224500000      550000     408.182           1
10/ 7/2018  9: 2:20         410         410         410         410       50000               410    20500000   245000000      600000     408.333           1
10/ 7/2018 10: 2:25         400         400         400         400       50000               400    20000000   265000000      650000     407.692           1
10/ 7/2018 11: 2:45         410         410         410         410       50000               410    20500000   285500000      700000     407.857           1
10/ 7/2018 11: 2:46         400         400         400         400       50000               400    20000000   305500000      750000     407.333           1
10/ 7/2018 12: 2: 1         410         410         410         410       50000               410    20500000   326000000      800000       407.5           1
10/ 7/2018 17: 2:38         420         420         420         420       50000               420    21000000   347000000      850000     408.235           1
10/ 7/2018 20: 2:36         410         410         410         410       50000               410    20500000   367500000      900000     408.333           1
10/ 7/2018 20: 2:38         420         420         420         420       50000               420    21000000   388500000      950000     408.947           1
10/ 7/2018 27: 2:52         410         410         410         410       50000               410    20500000   409000000     1000000         409           1
10/ 7/2018 37: 2: 8         400         400         400         400       50000               400    20000000   429000000     1050000     408.571           1
10/ 7/2018 37: 2:22         410         410         410         410       50000               410    20500000   449500000     1100000     408.636           1
11/ 7/2018  4: 2:47         400         400         400         400       50000               400    20000000   469500000     1150000     408.261           1
11/ 7/2018 11: 2:39         390         390         390         390       50000               390    19500000   489000000     1200000       407.5           1
11/ 7/2018 12: 2:28         380         380         380         380       50000               380    19000000   508000000     1250000       406.4           1
11/ 7/2018 12: 2:31         390         390         390         390       50000               390    19500000   527500000     1300000     405.769           1
11/ 7/2018 12: 2:47         380         380         380         380       50000               380    19000000   546500000     1350000     404.815           1
11/ 7/2018 12: 2:48         390         390         390         390       50000               390    19500000   566000000     1400000     404.286           1
11/ 7/2018 13: 2:24         380         380         380         380       50000               380    19000000   585000000     1450000     403.448           1
11/ 7/2018 15: 2:22         390         390         390         390       50000               390    19500000   604500000     1500000         403           1
11/ 7/2018 15: 2:23         380         380         380         380       50000               380    19000000   623500000     1550000     402.258           1
11/ 7/2018 16: 2:45         390         390         390         390       50000               390    19500000   643000000     1600000     401.875           1
11/ 7/2018 16: 2:49         380         380         380         380       50000               380    19000000   662000000     1650000     401.212           1
11/ 7/2018 23: 2:42         390         390         390         390       50000               390    19500000   681500000     1700000     400.882           1
11/ 7/2018 23: 2:45         380         380         380         380       50000               380    19000000   700500000     1750000     400.286           1
11/ 7/2018 24: 2: 4         390         390         390         390       50000               390    19500000   720000000     1800000         400           1
11/ 7/2018 24: 2: 5         380         380         380         380       50000               380    19000000   739000000     1850000     399.459           1
11/ 7/2018 24: 2: 8         390         390         390         390       50000               390    19500000   758500000     1900000     399.211           1
11/ 7/2018 24: 2: 9         380         380         380         380       50000               380    19000000   777500000     1950000     398.718           1
11/ 7/2018 24: 2:37         390         390         390         390       50000               390    19500000   797000000     2000000       398.5           1
11/ 7/2018 24: 2:51         380         380         380         380       50000               380    19000000   816000000     2050000     398.049           1
11/ 7/2018 24: 2:55         390         390         390         390       50000               390    19500000   835500000     2100000     397.857           1
12/ 7/2018 15: 2:26         380         380         380         380       50000               380    19000000   854500000     2150000     397.442           1
12/ 7/2018 16: 2: 2         390         390         390         390       50000               390    19500000   874000000     2200000     397.273           1
12/ 7/2018 16: 2: 3         380         380         380         380       50000               380    19000000   893000000     2250000     396.889           1
12/ 7/2018 16: 2: 4         390         390         390         390       50000               390    19500000   912500000     2300000     396.739           1
12/ 7/2018 16: 2:20         380         380         380         380       50000               380    19000000   931500000     2350000     396.383           1
12/ 7/2018 16: 2:23         390         390         390         390       50000               390    19500000   951000000     2400000      396.25           1
12/ 7/2018 16: 2:24         380         380         380         380       50000               380    19000000   970000000     2450000     395.918           1
12/ 7/2018 16: 2:32         390         390         390         390       50000               390    19500000   989500000     2500000       395.8           1
12/ 7/2018 16: 2:42         380         380         380         380       50000               380    19000000  1008500000     2550000      395.49           1
12/ 7/2018 17: 2:51         390         390         390         390       50000               390    19500000  1028000000     2600000     395.385           1
12/ 7/2018 17: 2:55         380         380         380         380       50000               380    19000000  1047000000     2650000     395.094           1
12/ 7/2018 17: 2:58         390         390         390         390       50000               390    19500000  1066500000     2700000         395           1
12/ 7/2018 17: 2:59         380         380         380         380       50000               380    19000000  1085500000     2750000     394.727           1
12/ 7/2018 26: 2: 9         370         370         370         370       50000               370    18500000  1104000000     2800000     394.286           1
12/ 7/2018 26: 2:16         380         380         380         380       50000               380    19000000  1123000000     2850000     394.035           1
12/ 7/2018 37: 2:28         370         370         370         370       50000               370    18500000  1141500000     2900000     393.621           1
12/ 7/2018 37: 2:37         380         380         380         380       50000               380    19000000  1160500000     2950000      393.39           1
12/ 7/2018 37: 2:39         370         370         370         370       50000               370    18500000  1179000000     3000000         393           1
12/ 7/2018 39: 2:42         380         380         380         380       50000               380    19000000  1198000000     3050000     392.787           1
12/ 7/2018 41: 2:16         370         370         370         370       50000               370    18500000  1216500000     3100000     392.419           1
12/ 7/2018 50: 2:32         380         380         380         380       50000               380    19000000  1235500000     3150000     392.222           1
12/ 7/2018 59: 2:17         390         390         390         390       50000               390    19500000  1255000000     3200000     392.188           1
14/ 7/2018  0: 2: 0         390         390         390         390       50000               390    19500000  1274500000     3250000     392.154           1
14/ 7/2018  2: 2:34         380         380         380         380       50000               380    19000000  1293500000     3300000      391.97           1
14/ 7/2018 22: 2:30         370         370         370         370       50000               370    18500000  1312000000     3350000     391.642           1
14/ 7/2018 22: 2:31         380         380         380         380       50000               380    19000000  1331000000     3400000     391.471           1
14/ 7/2018 22: 2:37         370         370         370         370       50000               370    18500000  1349500000     3450000     391.159           1
14/ 7/2018 24: 2:18         380         380         380         380       50000               380    19000000  1368500000     3500000         391           1
14/ 7/2018 24: 2:22         370         370         370         370       50000               370    18500000  1387000000     3550000     390.704           1
14/ 7/2018 24: 2:23         380         380         380         380       50000               380    19000000  1406000000     3600000     390.556           1
14/ 7/2018 24: 2:30         370         370         370         370       50000               370    18500000  1424500000     3650000     390.274           1
14/ 7/2018 30: 2:17         360         360         360         360       50000               360    18000000  1442500000     3700000     389.865           1
14/ 7/2018 32: 2:17         370         370         370         370       50000               370    18500000  1461000000     3750000       389.6           1
14/ 7/2018 40: 2:30         360         360         360         360       50000               360    18000000  1479000000     3800000     389.211           1
14/ 7/2018 40: 2:38         370         370         370         370       50000               370    18500000  1497500000     3850000     388.961           1
14/ 7/2018 40: 2:47         360         360         360         360       50000               360    18000000  1515500000     3900000      388.59           1
14/ 7/2018 42: 2:22         370         370         370         370       50000               370    18500000  1534000000     3950000     388.354           1
14/ 7/2018 42: 2:27         360         360         360         360       50000               360    18000000  1552000000     4000000         388           1
14/ 7/2018 45: 2:29         370         370         370         370       50000               370    18500000  1570500000     4050000     387.778           1
14/ 7/2018 45: 2:30         360         360         360         360       50000               360    18000000  1588500000     4100000     387.439           1
14/ 7/2018 46: 2:50         370         370         370         370       50000               370    18500000  1607000000     4150000     387.229           1
15/ 7/2018 19: 2:10         370         370         370         370         800               370      296000  1607296000     4150800     387.226           1
15/ 7/2018 46: 2:35         380         380         380         380       50000               380    19000000  1626296000     4200800      387.14           1
16/ 7/2018  5: 2: 1         390         390         390         390       50000               390    19500000  1645796000     4250800     387.173           1
16/ 7/2018 14: 2:26         400         400         400         400       50000               400    20000000  1665796000     4300800     387.322           1
16/ 7/2018 14: 2:30         390         390         390         390       50000               390    19500000  1685296000     4350800     387.353           1
16/ 7/2018 15: 2: 4         400         400         400         400       50000               400    20000000  1705296000     4400800     387.497           1
16/ 7/2018 15: 2:22         390         390         390         390       50000               390    19500000  1724796000     4450800     387.525           1
16/ 7/2018 15: 2:24         400         400         400         400       50000               400    20000000  1744796000     4500800     387.664           1
16/ 7/2018 15: 2:25         390         390         390         390        2500               390      975000  1745771000     4503300     387.665           1
16/ 7/2018 30: 2:23         390         390         390         390       50000               390    19500000  1765271000     4553300      387.69           1
16/ 7/2018 30: 2:48         390         390         390         390       10000               390     3900000  1769171000     4563300     387.696           1
16/ 7/2018 59: 2:56         380         380         380         380       50000               380    19000000  1788171000     4613300     387.612           1
17/ 7/2018  5: 2: 6         390         390         390         390       50000               390    19500000  1807671000     4663300     387.638           1
17/ 7/2018  5: 2: 7         380         380         380         380       50000               380    19000000  1826671000     4713300     387.557           1
17/ 7/2018  5: 2:18         390         390         390         390       50000               390    19500000  1846171000     4763300     387.582           1
17/ 7/2018  5: 2:31         380         380         380         380       50000               380    19000000  1865171000     4813300     387.504           1
17/ 7/2018 11: 2:34         370         370         370         370       50000               370    18500000  1883671000     4863300     387.324           1
17/ 7/2018 11: 2:39         380         380         380         380       50000               380    19000000  1902671000     4913300     387.249           1
17/ 7/2018 11: 2:41         370         370         370         370       50000               370    18500000  1921171000     4963300     387.075           1
17/ 7/2018 12: 2: 4         380         380         380         380       50000               380    19000000  1940171000     5013300     387.005           1
17/ 7/2018 12: 2:13         370         370         370         370       50000               370    18500000  1958671000     5063300     386.837           1
17/ 7/2018 12: 2:17         380         380         380         380       50000               380    19000000  1977671000     5113300      386.77           1
17/ 7/2018 12: 2:41         370         370         370         370       50000               370    18500000  1996171000     5163300     386.608           1
17/ 7/2018 21: 2:41         360         360         360         360       50000               360    18000000  2014171000     5213300     386.352           1
17/ 7/2018 22: 2:11         370         370         370         370       50000               370    18500000  2032671000     5263300     386.197           1
17/ 7/2018 23: 2:59         360         360         360         360       50000               360    18000000  2050671000     5313300     385.951           1
17/ 7/2018 26: 2:33         370         370         370         370       50000               370    18500000  2069171000     5363300     385.802           1
17/ 7/2018 27: 2: 0         360         360         360         360       50000               360    18000000  2087171000     5413300     385.564           1
17/ 7/2018 27: 2:19         370         370         370         370       50000               370    18500000  2105671000     5463300     385.421           1
17/ 7/2018 29: 2:39         360         360         360         360       50000               360    18000000  2123671000     5513300     385.191           1
17/ 7/2018 29: 2:40         370         370         370         370       50000               370    18500000  2142171000     5563300     385.054           1
17/ 7/2018 47: 2:12         380         380         380         380       50000               380    19000000  2161171000     5613300     385.009           1
17/ 7/2018 47: 2:53         370         370         370         370       50000               370    18500000  2179671000     5663300     384.876           1
17/ 7/2018 47: 2:54         380         380         380         380       50000               380    19000000  2198671000     5713300     384.834           1
17/ 7/2018 48: 2:36         370         370         370         370       50000               370    18500000  2217171000     5763300     384.705           1
17/ 7/2018 48: 2:59         380         380         380         380       50000               380    19000000  2236171000     5813300     384.665           1
17/ 7/2018 50: 2:21         370         370         370         370       50000               370    18500000  2254671000     5863300      384.54           1
17/ 7/2018 50: 2:37         380         380         380         380       50000               380    19000000  2273671000     5913300     384.501           1
17/ 7/2018 51: 2:47         370         370         370         370       50000               370    18500000  2292171000     5963300      384.38           1
17/ 7/2018 51: 2:54         380         380         380         380       50000               380    19000000  2311171000     6013300     384.343           1
17/ 7/2018 52: 2:20         370         370         370         370       50000               370    18500000  2329671000     6063300     384.225           1
17/ 7/2018 52: 2:21         380         380         380         380       50000               380    19000000  2348671000     6113300      384.19           1
17/ 7/2018 56: 2: 6         380         380         380         380       10000               380     3800000  2352471000     6123300     384.184           1
