         Date              Open        High         Low       Close      Volume     Typical Price         V*P    Total VP     Total V        VWAP    Message Count
10/ 7/2018  0: 2: 1          20          20          20          20           1                20          20          20           1          20           1
10/ 7/2018  0: 2:30          30          30          30          30        1250                30       37500       37520        1251      29.992           1
10/ 7/2018  1: 2:35          30          30          30          30        1250                30       37500       75020        2501      29.996           1
10/ 7/2018  5: 2:28          30          30          30          30        1250                30       37500      112520        3751     29.9973           1
10/ 7/2018  6: 2: 2          30          30          30          30        1250                30       37500      150020        5001      29.998           1
11/ 7/2018  5: 2:32          30          30          30          30        1250                30       37500      187520        6251     29.9984           1
11/ 7/2018  9: 2:18          30          30          30          30        1250                30       37500      225020        7501     29.9987           1
11/ 7/2018 11: 2:49          30          30          30          30        1250                30       37500      262520        8751     29.9989           1
11/ 7/2018 24: 2:35          30          30          30          30        1250                30       37500      300020       10001      29.999           1
11/ 7/2018 40: 2:33          30          30          30          30        1250                30       37500      337520       11251     29.9991           1
11/ 7/2018 46: 2:14          30          30          30          30        1250                30       37500      375020       12501     29.9992           1
11/ 7/2018 53: 2: 4          30          30          30          30        1250                30       37500      412520       13751     29.9993           1
11/ 7/2018 57: 2: 9          30          30          30          30        1250                30       37500      450020       15001     29.9993           1
11/ 7/2018 59: 2:20          30          30          30          30        1250                30       37500      487520       16251     29.9994           2
12/ 7/2018  4: 2:38          30          30          30          30        1250                30       37500      525020       17501     29.9994           2
12/ 7/2018  5: 2:33          30          30          30          30        1250                30       37500      562520       18751     29.9995           1
12/ 7/2018  5: 2:37          30          30          30          30        1250                30       37500      600020       20001     29.9995           1
12/ 7/2018  5: 2:41          30          30          30          30        1250                30       37500      637520       21251     29.9995           1
12/ 7/2018  5: 2:45          30          30          30          30        1250                30       37500      675020       22501     29.9996           1
12/ 7/2018  7: 2: 0          30          30          30          30        1250                30       37500      712520       23751     29.9996           1
12/ 7/2018  7: 2: 2          30          30          30          30        1250                30       37500      750020       25001     29.9996           1
12/ 7/2018  7: 2: 7          30          30          30          30        1250                30       37500      787520       26251     29.9996           1
12/ 7/2018  7: 2: 9          30          30          30          30        1250                30       37500      825020       27501     29.9996           1
12/ 7/2018 37: 2:40          30          30          30          30        1250                30       37500      862520       28751     29.9997           1
12/ 7/2018 37: 2:41          30          30          30          30        1250                30       37500      900020       30001     29.9997           1
14/ 7/2018  0: 2:20          30          30          30          30        1250                30       37500      937520       31251     29.9997           1
14/ 7/2018 37: 2:30          30          30          30          30        1250                30       37500      975020       32501     29.9997           1
14/ 7/2018 37: 2:32          30          30          30          30        1250                30       37500     1012520       33751     29.9997           1
14/ 7/2018 37: 2:58          30          30          30          30        1250                30       37500     1050020       35001     29.9997           1
14/ 7/2018 38: 2: 5          30          30          30          30        1250                30       37500     1087520       36251     29.9997           1
14/ 7/2018 38: 2:17          30          30          30          30        1250                30       37500     1125020       37501     29.9997           1
14/ 7/2018 40: 2: 9          30          30          30          30        1250                30       37500     1162520       38751     29.9997           1
14/ 7/2018 41: 2:35          30          30          30          30        1250                30       37500     1200020       40001     29.9998           1
14/ 7/2018 41: 2:37          30          30          30          30        1250                30       37500     1237520       41251     29.9998           1
14/ 7/2018 42: 2: 0          30          30          30          30        1250                30       37500     1275020       42501     29.9998           1
14/ 7/2018 42: 2: 2          30          30          30          30        1250                30       37500     1312520       43751     29.9998           1
