         Date              Open        High         Low       Close      Volume     Typical Price         V*P    Total VP     Total V        VWAP    Message Count
10/ 7/2018  0: 2: 3        1340        1340        1340        1340        5000              1340     6700000     6700000        5000        1340           1
10/ 7/2018  0: 2: 9        1360        1360        1360        1360        5000              1360     6800000    13500000       10000        1350           1
10/ 7/2018  0: 2:16        1350        1350        1350        1350        5000              1350     6750000    20250000       15000        1350           1
10/ 7/2018  0: 2:44        1360        1360        1360        1360        5000              1360     6800000    27050000       20000      1352.5           1
10/ 7/2018  0: 2:58        1370        1370        1370        1370        5000              1370     6850000    33900000       25000        1356           1
10/ 7/2018  1: 2:12        1360        1360        1360        1360        5000              1360     6800000    40700000       30000     1356.67           1
10/ 7/2018  2: 2: 8        1350        1350        1350        1350        5000              1350     6750000    47450000       35000     1355.71           1
10/ 7/2018  3: 2:25        1340        1340        1340        1340        5000              1340     6700000    54150000       40000     1353.75           1
10/ 7/2018  3: 2:46        1350        1350        1350        1350        5000              1350     6750000    60900000       45000     1353.33           1
10/ 7/2018  4: 2: 0        1340        1340        1340        1340        5000              1340     6700000    67600000       50000        1352           1
10/ 7/2018  4: 2:14        1330        1330        1330        1330        5000              1330     6650000    74250000       55000        1350           1
10/ 7/2018  5: 2: 3        1320        1320        1320        1320        5000              1320     6600000    80850000       60000      1347.5           1
10/ 7/2018  5: 2:24        1310        1310        1310        1310        5000              1310     6550000    87400000       65000     1344.62           1
10/ 7/2018  5: 2:45        1300        1300        1300        1300        5000              1300     6500000    93900000       70000     1341.43           1
10/ 7/2018  9: 2:15        1290        1290        1290        1290        5000              1290     6450000   100350000       75000        1338           1
10/ 7/2018  9: 2:50        1300        1300        1300        1300        5000              1300     6500000   106850000       80000     1335.62           1
10/ 7/2018 10: 2:39        1310        1310        1310        1310        5000              1310     6550000   113400000       85000     1334.12           1
10/ 7/2018 11: 2: 0        1320        1320        1320        1320        5000              1320     6600000   120000000       90000     1333.33           1
10/ 7/2018 12: 2:10        1310        1310        1310        1310        5000              1310     6550000   126550000       95000     1332.11           1
10/ 7/2018 12: 2:45        1300        1300        1300        1300        5000              1300     6500000   133050000      100000      1330.5           1
10/ 7/2018 13: 2:20        1290        1290        1290        1290        5000              1290     6450000   139500000      105000     1328.57           1
10/ 7/2018 14: 2:16        1300        1300        1300        1300        5000              1300     6500000   146000000      110000     1327.27           1
10/ 7/2018 14: 2:51        1310        1310        1310        1310        5000              1310     6550000   152550000      115000     1326.52           1
10/ 7/2018 14: 2:58        1320        1320        1320        1320        5000              1320     6600000   159150000      120000     1326.25           1
10/ 7/2018 15: 2:12        1310        1310        1310        1310        5000              1310     6550000   165700000      125000      1325.6           1
10/ 7/2018 15: 2:19        1300        1300        1300        1300        5000              1300     6500000   172200000      130000     1324.62           1
10/ 7/2018 15: 2:33        1290        1290        1290        1290        5000              1290     6450000   178650000      135000     1323.33           1
10/ 7/2018 16: 2: 8        1280        1280        1280        1280        5000              1280     6400000   185050000      140000     1321.79           1
10/ 7/2018 16: 2:36        1270        1270        1270        1270        5000              1270     6350000   191400000      145000        1320           1
10/ 7/2018 16: 2:43        1260        1260        1260        1260        5000              1260     6300000   197700000      150000        1318           1
10/ 7/2018 16: 2:57        1270        1270        1270        1270        5000              1270     6350000   204050000      155000     1316.45           1
10/ 7/2018 17: 2:39        1260        1260        1260        1260        5000              1260     6300000   210350000      160000     1314.69           1
10/ 7/2018 17: 2:53        1250        1250        1250        1250        5000              1250     6250000   216600000      165000     1312.73           1
10/ 7/2018 18: 2: 0        1240        1240        1240        1240        5000              1240     6200000   222800000      170000     1310.59           1
10/ 7/2018 18: 2: 7        1250        1250        1250        1250        5000              1250     6250000   229050000      175000     1308.86           1
10/ 7/2018 18: 2:14        1240        1240        1240        1240        5000              1240     6200000   235250000      180000     1306.94           1
10/ 7/2018 18: 2:28        1250        1250        1250        1250        5000              1250     6250000   241500000      185000     1305.41           1
10/ 7/2018 19: 2:38        1240        1240        1240        1240        5000              1240     6200000   247700000      190000     1303.68           1
10/ 7/2018 19: 2:45        1250        1250        1250        1250        5000              1250     6250000   253950000      195000     1302.31           1
10/ 7/2018 19: 2:52        1240        1240        1240        1240        5000              1240     6200000   260150000      200000     1300.75           1
10/ 7/2018 19: 2:59        1250        1250        1250        1250        5000              1250     6250000   266400000      205000     1299.51           1
10/ 7/2018 20: 2: 6        1240        1240        1240        1240        5000              1240     6200000   272600000      210000      1298.1           1
10/ 7/2018 20: 2:13        1250        1250        1250        1250        5000              1250     6250000   278850000      215000     1296.98           1
10/ 7/2018 28: 2:14        1230        1230        1230        1230        5000              1230     6150000   285000000      220000     1295.45           1
10/ 7/2018 28: 2:37        1240        1240        1240        1240        5000              1240     6200000   291200000      225000     1294.22           1
10/ 7/2018 28: 2:44        1250        1250        1250        1250        5000              1250     6250000   297450000      230000     1293.26           1
10/ 7/2018 29: 2:40        1240        1240        1240        1240        5000              1240     6200000   303650000      235000     1292.13           1
10/ 7/2018 29: 2:47        1250        1250        1250        1250        5000              1250     6250000   309900000      240000     1291.25           1
10/ 7/2018 30: 2: 1        1240        1240        1240        1240        5000              1240     6200000   316100000      245000      1290.2           1
10/ 7/2018 30: 2: 3        1230        1230        1230        1230        1000              1230     1230000   317330000      246000     1289.96           1
10/ 7/2018 30: 2: 8        1250        1250        1250        1250        5000              1250     6250000   323580000      251000     1289.16           1
10/ 7/2018 30: 2:15        1240        1240        1240        1240        5000              1240     6200000   329780000      256000      1288.2           1
10/ 7/2018 31: 2:39        1250        1250        1250        1250        5000              1250     6250000   336030000      261000     1287.47           1
10/ 7/2018 31: 2:53        1260        1260        1260        1260        5000              1260     6300000   342330000      266000     1286.95           1
10/ 7/2018 32: 2:56        1270        1270        1270        1270        5000              1270     6350000   348680000      271000     1286.64           1
10/ 7/2018 33: 2:31        1260        1260        1260        1260        5000              1260     6300000   354980000      276000     1286.16           1
10/ 7/2018 33: 2:59        1270        1270        1270        1270        5000              1270     6350000   361330000      281000     1285.87           1
10/ 7/2018 34: 2:20        1250        1250        1250        1250        1000              1250     1250000   362580000      282000     1285.74           1
10/ 7/2018 35: 2: 9        1260        1260        1260        1260        5000              1260     6300000   368880000      287000      1285.3           1
10/ 7/2018 35: 2:23        1250        1250        1250        1250        5000              1250     6250000   375130000      292000     1284.69           1
10/ 7/2018 35: 2:34        1200        1200        1200        1200        1000              1200     1200000   376330000      293000      1284.4           1
10/ 7/2018 37: 2:50        1260        1260        1260        1260        5000              1260     6300000   382630000      298000     1283.99           1
10/ 7/2018 40: 2:24        1250        1250        1250        1250        5000              1250     6250000   388880000      303000     1283.43           1
10/ 7/2018 40: 2:38        1240        1240        1240        1240        5000              1240     6200000   395080000      308000     1282.73           1
10/ 7/2018 40: 2:45        1250        1250        1250        1250        5000              1250     6250000   401330000      313000      1282.2           1
10/ 7/2018 42: 2:30        1260        1260        1260        1260        5000              1260     6300000   407630000      318000     1281.86           1
10/ 7/2018 43: 2:19        1250        1250        1250        1250        5000              1250     6250000   413880000      323000     1281.36           1
10/ 7/2018 46: 2:14        1240        1240        1240        1240        5000              1240     6200000   420080000      328000     1280.73           1
10/ 7/2018 47: 2:59        1250        1250        1250        1250        5000              1250     6250000   426330000      333000     1280.27           1
10/ 7/2018 48: 2:48        1260        1260        1260        1260        5000              1260     6300000   432630000      338000     1279.97           1
10/ 7/2018 48: 2:55        1270        1270        1270        1270        5000              1270     6350000   438980000      343000     1279.83           1
10/ 7/2018 49: 2:30        1280        1280        1280        1280        5000              1280     6400000   445380000      348000     1279.83           1
10/ 7/2018 49: 2:51        1290        1290        1290        1290        5000              1290     6450000   451830000      353000     1279.97           1
10/ 7/2018 50: 2:12        1300        1300        1300        1300        5000              1300     6500000   458330000      358000     1280.25           1
10/ 7/2018 50: 2:54        1290        1290        1290        1290        5000              1290     6450000   464780000      363000     1280.39           1
10/ 7/2018 53: 2:56        1280        1280        1280        1280        5000              1280     6400000   471180000      368000     1280.38           1
10/ 7/2018 54: 2:38        1290        1290        1290        1290        5000              1290     6450000   477630000      373000     1280.51           1
10/ 7/2018 55: 2:13        1280        1280        1280        1280        5000              1280     6400000   484030000      378000      1280.5           1
10/ 7/2018 55: 2:55        1290        1290        1290        1290        5000              1290     6450000   490480000      383000     1280.63           1
10/ 7/2018 56: 2:51        1300        1300        1300        1300        5000              1300     6500000   496980000      388000     1280.88           1
10/ 7/2018 57: 2:12        1290        1290        1290        1290        5000              1290     6450000   503430000      393000     1280.99           1
10/ 7/2018 57: 2:19        1300        1300        1300        1300        5000              1300     6500000   509930000      398000     1281.23           1
10/ 7/2018 57: 2:26        1290        1290        1290        1290        5000              1290     6450000   516380000      403000     1281.34           1
10/ 7/2018 59: 2:11        1280        1280        1280        1280        5000              1280     6400000   522780000      408000     1281.32           1
11/ 7/2018  0: 2:14        1290        1290        1290        1290        5000              1290     6450000   529230000      413000     1281.43           1
11/ 7/2018  0: 2:21        1280        1280        1280        1280        5000              1280     6400000   535630000      418000     1281.41           1
11/ 7/2018  0: 2:42        1290        1290        1290        1290        5000              1290     6450000   542080000      423000     1281.51           1
11/ 7/2018  0: 2:49        1280        1280        1280        1280        5000              1280     6400000   548480000      428000      1281.5           1
11/ 7/2018  0: 2:56        1290        1290        1290        1290        5000              1290     6450000   554930000      433000     1281.59           1
11/ 7/2018  2: 2:20        1300        1300        1300        1300        5000              1300     6500000   561430000      438000      1281.8           1
11/ 7/2018  2: 2:27        1290        1290        1290        1290        5000              1290     6450000   567880000      443000      1281.9           1
11/ 7/2018  3: 2:37        1280        1280        1280        1280        5000              1280     6400000   574280000      448000     1281.88           1
11/ 7/2018  3: 2:44        1290        1290        1290        1290        5000              1290     6450000   580730000      453000     1281.96           1
11/ 7/2018  3: 2:58        1280        1280        1280        1280        5000              1280     6400000   587130000      458000     1281.94           1
11/ 7/2018  4: 2: 5        1290        1290        1290        1290        5000              1290     6450000   593580000      463000     1282.03           1
11/ 7/2018  4: 2:40        1300        1300        1300        1300        5000              1300     6500000   600080000      468000     1282.22           1
11/ 7/2018  6: 2:39        1310        1310        1310        1310        5000              1310     6550000   606630000      473000     1282.52           1
11/ 7/2018  8: 2:17        1320        1320        1320        1320        5000              1320     6600000   613230000      478000     1282.91           1
11/ 7/2018 15: 2:59        1330        1330        1330        1330        5000              1330     6650000   619880000      483000      1283.4           1
11/ 7/2018 18: 2: 5        1320        1320        1320        1320        5000              1320     6600000   626480000      488000     1283.77           1
11/ 7/2018 19: 2:50        1310        1310        1310        1310        5000              1310     6550000   633030000      493000     1284.04           1
11/ 7/2018 26: 2:50        1320        1320        1320        1320        5000              1320     6600000   639630000      498000      1284.4           1
11/ 7/2018 28: 2:28        1310        1310        1310        1310        5000              1310     6550000   646180000      503000     1284.65           1
11/ 7/2018 29: 2:45        1320        1320        1320        1320        5000              1320     6600000   652780000      508000        1285           1
11/ 7/2018 29: 2:52        1310        1310        1310        1310        5000              1310     6550000   659330000      513000     1285.24           1
11/ 7/2018 30: 2: 6        1320        1320        1320        1320        5000              1320     6600000   665930000      518000     1285.58           1
11/ 7/2018 31: 2:44        1330        1330        1330        1330        5000              1330     6650000   672580000      523000        1286           1
11/ 7/2018 32: 2:26        1320        1320        1320        1320        5000              1320     6600000   679180000      528000     1286.33           1
11/ 7/2018 33: 2:36        1310        1310        1310        1310        5000              1310     6550000   685730000      533000     1286.55           1
11/ 7/2018 41: 2: 4        1320        1320        1320        1320        5000              1320     6600000   692330000      538000     1286.86           1
11/ 7/2018 41: 2:53        1310        1310        1310        1310        5000              1310     6550000   698880000      543000     1287.07           1
11/ 7/2018 42: 2: 7        1320        1320        1320        1320        5000              1320     6600000   705480000      548000     1287.37           1
11/ 7/2018 43: 2:45        1310        1310        1310        1310        5000              1310     6550000   712030000      553000     1287.58           1
11/ 7/2018 49: 2: 7        1320        1320        1320        1320        5000              1320     6600000   718630000      558000     1287.87           1
11/ 7/2018 49: 2:14        1310        1310        1310        1310        5000              1310     6550000   725180000      563000     1288.06           1
11/ 7/2018 49: 2:21        1320        1320        1320        1320        5000              1320     6600000   731780000      568000     1288.35           1
11/ 7/2018 49: 2:28        1310        1310        1310        1310        5000              1310     6550000   738330000      573000     1288.53           1
11/ 7/2018 49: 2:49        1320        1320        1320        1320        5000              1320     6600000   744930000      578000     1288.81           1
11/ 7/2018 49: 2:56        1310        1310        1310        1310        5000              1310     6550000   751480000      583000     1288.99           1
11/ 7/2018 53: 2:54        1320        1320        1320        1320        5000              1320     6600000   758080000      588000     1289.25           1
11/ 7/2018 54: 2: 1        1310        1310        1310        1310        5000              1310     6550000   764630000      593000     1289.43           1
11/ 7/2018 54: 2:22        1320        1320        1320        1320        5000              1320     6600000   771230000      598000     1289.68           1
11/ 7/2018 54: 2:29        1310        1310        1310        1310        5000              1310     6550000   777780000      603000     1289.85           1
11/ 7/2018 54: 2:50        1320        1320        1320        1320        5000              1320     6600000   784380000      608000      1290.1           1
12/ 7/2018  0: 2:33        1330        1330        1330        1330        5000              1330     6650000   791030000      613000     1290.42           1
12/ 7/2018  1: 2:36        1320        1320        1320        1320        5000              1320     6600000   797630000      618000     1290.66           1
12/ 7/2018  3: 2:35        1330        1330        1330        1330        5000              1330     6650000   804280000      623000     1290.98           1
12/ 7/2018  6: 2:44        1320        1320        1320        1320        5000              1320     6600000   810880000      628000     1291.21           1
12/ 7/2018  7: 2:12        1330        1330        1330        1330        5000              1330     6650000   817530000      633000     1291.52           1
12/ 7/2018  8: 2:29        1320        1320        1320        1320        5000              1320     6600000   824130000      638000     1291.74           1
12/ 7/2018  9: 2: 4        1310        1310        1310        1310        5000              1310     6550000   830680000      643000     1291.88           1
12/ 7/2018 15: 2:22        1320        1320        1320        1320        5000              1320     6600000   837280000      648000      1292.1           1
12/ 7/2018 17: 2:21        1310        1310        1310        1310        5000              1310     6550000   843830000      653000     1292.24           1
12/ 7/2018 23: 2:11        1300        1300        1300        1300        5000              1300     6500000   850330000      658000     1292.29           1
12/ 7/2018 24: 2:21        1310        1310        1310        1310        5000              1310     6550000   856880000      663000     1292.43           1
12/ 7/2018 24: 2:35        1300        1300        1300        1300        5000              1300     6500000   863380000      668000     1292.49           1
12/ 7/2018 24: 2:42        1310        1310        1310        1310        5000              1310     6550000   869930000      673000     1292.62           1
12/ 7/2018 24: 2:49        1300        1300        1300        1300        5000              1300     6500000   876430000      678000     1292.67           1
12/ 7/2018 25: 2: 3        1310        1310        1310        1310        5000              1310     6550000   882980000      683000      1292.8           1
12/ 7/2018 25: 2:10        1300        1300        1300        1300        5000              1300     6500000   889480000      688000     1292.85           1
12/ 7/2018 25: 2:38        1310        1310        1310        1310        5000              1310     6550000   896030000      693000     1292.97           1
12/ 7/2018 25: 2:45        1300        1300        1300        1300        5000              1300     6500000   902530000      698000     1293.02           1
12/ 7/2018 34: 2: 2        1290        1290        1290        1290        5000              1290     6450000   908980000      703000        1293           1
12/ 7/2018 39: 2:24        1280        1280        1280        1280        5000              1280     6400000   915380000      708000     1292.91           1
12/ 7/2018 41: 2:30        1290        1290        1290        1290        5000              1290     6450000   921830000      713000     1292.89           1
12/ 7/2018 45: 2:35        1280        1280        1280        1280        5000              1280     6400000   928230000      718000      1292.8           1
12/ 7/2018 46: 2:17        1290        1290        1290        1290        5000              1290     6450000   934680000      723000     1292.78           1
12/ 7/2018 47: 2: 6        1300        1300        1300        1300        5000              1300     6500000   941180000      728000     1292.83           1
12/ 7/2018 53: 2:31        1310        1310        1310        1310        5000              1310     6550000   947730000      733000     1292.95           1
14/ 7/2018  0: 2: 1        1290        1290        1280        1280        5000           1283.33     6416666   954146666      738000     1292.88           2
14/ 7/2018  0: 2: 8        1290        1290        1290        1290        5000              1290     6450000   960596666      743000     1292.86           1
14/ 7/2018  0: 2:15        1280        1280        1280        1280        5000              1280     6400000   966996666      748000     1292.78           1
14/ 7/2018  0: 2:22        1290        1290        1290        1290        5000              1290     6450000   973446666      753000     1292.76           1
14/ 7/2018  1: 2:11        1280        1280        1280        1280        5000              1280     6400000   979846666      758000     1292.67           1
14/ 7/2018 10: 2:59        1270        1270        1270        1270        5000              1270     6350000   986196666      763000     1292.53           1
14/ 7/2018 11: 2:13        1280        1280        1280        1280        5000              1280     6400000   992596666      768000     1292.44           1
14/ 7/2018 11: 2:41        1270        1270        1270        1270        5000              1270     6350000   998946666      773000      1292.3           1
14/ 7/2018 11: 2:48        1280        1280        1280        1280        5000              1280     6400000  1005346666      778000     1292.22           1
14/ 7/2018 11: 2:55        1270        1270        1270        1270        5000              1270     6350000  1011696666      783000     1292.08           1
14/ 7/2018 12: 2:37        1280        1280        1280        1280        5000              1280     6400000  1018096666      788000        1292           1
14/ 7/2018 12: 2:44        1270        1270        1270        1270        5000              1270     6350000  1024446666      793000     1291.86           1
14/ 7/2018 13: 2:12        1280        1280        1280        1280        5000              1280     6400000  1030846666      798000     1291.79           1
14/ 7/2018 13: 2:19        1270        1270        1270        1270        5000              1270     6350000  1037196666      803000     1291.65           1
14/ 7/2018 13: 2:26        1280        1280        1280        1280        5000              1280     6400000  1043596666      808000     1291.58           1
14/ 7/2018 13: 2:33        1270        1270        1270        1270        5000              1270     6350000  1049946666      813000     1291.45           1
14/ 7/2018 13: 2:54        1280        1280        1280        1280        5000              1280     6400000  1056346666      818000     1291.38           1
14/ 7/2018 14: 2: 1        1270        1270        1270        1270        5000              1270     6350000  1062696666      823000     1291.25           1
14/ 7/2018 14: 2:50        1280        1280        1280        1280        5000              1280     6400000  1069096666      828000     1291.18           1
14/ 7/2018 15: 2: 4        1270        1270        1270        1270        5000              1270     6350000  1075446666      833000     1291.05           1
14/ 7/2018 15: 2:18        1280        1280        1280        1280        5000              1280     6400000  1081846666      838000     1290.99           1
14/ 7/2018 15: 2:25        1270        1270        1270        1270        5000              1270     6350000  1088196666      843000     1290.86           1
14/ 7/2018 15: 2:39        1280        1280        1280        1280        5000              1280     6400000  1094596666      848000      1290.8           1
14/ 7/2018 15: 2:46        1270        1270        1270        1270        5000              1270     6350000  1100946666      853000     1290.68           1
14/ 7/2018 15: 2:53        1280        1280        1280        1280        5000              1280     6400000  1107346666      858000     1290.61           1
14/ 7/2018 16: 2:35        1270        1270        1270        1270        5000              1270     6350000  1113696666      863000     1290.49           1
14/ 7/2018 16: 2:56        1280        1280        1280        1280        5000              1280     6400000  1120096666      868000     1290.43           1
14/ 7/2018 17: 2:45        1290        1290        1290        1290        5000              1290     6450000  1126546666      873000     1290.43           1
14/ 7/2018 19: 2:23        1300        1300        1300        1300        5000              1300     6500000  1133046666      878000     1290.49           1
14/ 7/2018 22: 2:11        1310        1310        1310        1310        5000              1310     6550000  1139596666      883000      1290.6           1
14/ 7/2018 25: 2:41        1320        1320        1320        1320        5000              1320     6600000  1146196666      888000     1290.76           1
14/ 7/2018 26: 2: 2        1330        1330        1330        1330        5000              1330     6650000  1152846666      893000     1290.98           1
14/ 7/2018 28: 2:36        1320        1320        1320        1320        5000              1320     6600000  1159446666      898000     1291.14           1
14/ 7/2018 30: 2:21        1330        1330        1330        1330        5000              1330     6650000  1166096666      903000     1291.36           1
14/ 7/2018 31: 2: 3        1320        1320        1320        1320        5000              1320     6600000  1172696666      908000     1291.52           1
14/ 7/2018 31: 2:24        1330        1330        1330        1330        5000              1330     6650000  1179346666      913000     1291.73           1
14/ 7/2018 38: 2:59        1340        1340        1340        1340        5000              1340     6700000  1186046666      918000     1291.99           1
14/ 7/2018 42: 2:15        1330        1330        1330        1330        5000              1330     6650000  1192696666      923000      1292.2           1
14/ 7/2018 47: 2:37        1340        1340        1340        1340        5000              1340     6700000  1199396666      928000     1292.45           1
14/ 7/2018 48: 2: 5        1350        1350        1350        1350        5000              1350     6750000  1206146666      933000     1292.76           1
14/ 7/2018 53: 2:55        1360        1360        1360        1360        5000              1360     6800000  1212946666      938000     1293.12           1
14/ 7/2018 59: 2:24        1370        1370        1370        1370        5000              1370     6850000  1219796666      943000     1293.53           1
15/ 7/2018  3: 2:43        1360        1360        1360        1360        5000              1360     6800000  1226596666      948000     1293.88           1
15/ 7/2018  4: 2:32        1350        1350        1350        1350        5000              1350     6750000  1233346666      953000     1294.17           1
15/ 7/2018  4: 2:53        1360        1360        1360        1360        5000              1360     6800000  1240146666      958000     1294.52           1
15/ 7/2018  5: 2: 0        1350        1350        1350        1350        5000              1350     6750000  1246896666      963000      1294.8           1
15/ 7/2018  5: 2: 7        1360        1360        1360        1360        5000              1360     6800000  1253696666      968000     1295.14           1
15/ 7/2018  5: 2:14        1350        1350        1350        1350        5000              1350     6750000  1260446666      973000     1295.42           1
15/ 7/2018  6: 2:52        1340        1340        1340        1340        5000              1340     6700000  1267146666      978000     1295.65           1
15/ 7/2018  8: 2:23        1350        1350        1350        1350        5000              1350     6750000  1273896666      983000     1295.93           1
15/ 7/2018 10: 2: 1        1340        1340        1340        1340        5000              1340     6700000  1280596666      988000     1296.15           1
15/ 7/2018 15: 2: 9        1350        1350        1350        1350        5000              1350     6750000  1287346666      993000     1296.42           1
15/ 7/2018 15: 2:16        1340        1340        1340        1340        5000              1340     6700000  1294046666      998000     1296.64           1
15/ 7/2018 15: 2:23        1350        1350        1350        1350        5000              1350     6750000  1300796666     1003000     1296.91           1
15/ 7/2018 15: 2:37        1340        1340        1340        1340        5000              1340     6700000  1307496666     1008000     1297.12           1
15/ 7/2018 16: 2: 5        1350        1350        1350        1350        5000              1350     6750000  1314246666     1013000     1297.38           1
15/ 7/2018 16: 2:12        1340        1340        1340        1340        5000              1340     6700000  1320946666     1018000     1297.59           1
15/ 7/2018 20: 2:45        1350        1350        1350        1350        5000              1350     6750000  1327696666     1023000     1297.85           1
15/ 7/2018 21: 2:20        1340        1340        1340        1340        5000              1340     6700000  1334396666     1028000     1298.05           1
15/ 7/2018 22: 2:16        1350        1350        1350        1350        5000              1350     6750000  1341146666     1033000      1298.3           1
15/ 7/2018 23: 2:12        1340        1340        1340        1340        5000              1340     6700000  1347846666     1038000      1298.5           1
15/ 7/2018 27: 2:17        1350        1350        1350        1350        5000              1350     6750000  1354596666     1043000     1298.75           1
15/ 7/2018 27: 2:24        1340        1340        1340        1340        5000              1340     6700000  1361296666     1048000     1298.95           1
15/ 7/2018 45: 2:57        1330        1330        1330        1330        5000              1330     6650000  1367946666     1053000     1299.09           1
15/ 7/2018 46: 2:39        1320        1320        1320        1320        5000              1320     6600000  1374546666     1058000     1299.19           1
15/ 7/2018 56: 2:48        1310        1310        1310        1310        5000              1310     6550000  1381096666     1063000     1299.24           1
16/ 7/2018  0: 2:32        1320        1320        1320        1320        5000              1320     6600000  1387696666     1068000     1299.34           1
16/ 7/2018  2: 2:17        1330        1330        1330        1330        5000              1330     6650000  1394346666     1073000     1299.48           1
16/ 7/2018  5: 2:33        1320        1320        1320        1320        5000              1320     6600000  1400946666     1078000     1299.58           1
16/ 7/2018  6: 2:36        1310        1310        1310        1310        5000              1310     6550000  1407496666     1083000     1299.63           1
16/ 7/2018  9: 2:10        1320        1320        1320        1320        5000              1320     6600000  1414096666     1088000     1299.72           1
16/ 7/2018 13: 2:36        1310        1310        1310        1310        5000              1310     6550000  1420646666     1093000     1299.77           1
16/ 7/2018 20: 2:15        1300        1300        1300        1300        5000              1300     6500000  1427146666     1098000     1299.77           1
16/ 7/2018 21: 2:25        1290        1290        1290        1290        5000              1290     6450000  1433596666     1103000     1299.72           1
16/ 7/2018 23: 2:10        1280        1280        1280        1280        5000              1280     6400000  1439996666     1108000     1299.64           1
16/ 7/2018 23: 2:31        1290        1290        1290        1290        5000              1290     6450000  1446446666     1113000     1299.59           1
16/ 7/2018 24: 2:41        1300        1300        1300        1300        5000              1300     6500000  1452946666     1118000     1299.59           1
16/ 7/2018 30: 2: 3        1290        1290        1290        1290        5000              1290     6450000  1459396666     1123000     1299.55           1
16/ 7/2018 30: 2:10        1300        1300        1300        1300        5000              1300     6500000  1465896666     1128000     1299.55           1
16/ 7/2018 30: 2:38        1290        1290        1290        1290        5000              1290     6450000  1472346666     1133000     1299.51           1
16/ 7/2018 30: 2:45        1300        1300        1300        1300        5000              1300     6500000  1478846666     1138000     1299.51           1
16/ 7/2018 31: 2:20        1290        1290        1290        1290        5000              1290     6450000  1485296666     1143000     1299.47           1
16/ 7/2018 32: 2:23        1300        1300        1300        1300        5000              1300     6500000  1491796666     1148000     1299.47           1
16/ 7/2018 34: 2:22        1310        1310        1310        1310        5000              1310     6550000  1498346666     1153000     1299.52           1
16/ 7/2018 36: 2: 7        1320        1320        1320        1320        5000              1320     6600000  1504946666     1158000     1299.61           1
16/ 7/2018 40: 2:26        1310        1310        1310        1310        5000              1310     6550000  1511496666     1163000     1299.65           1
16/ 7/2018 41: 2: 1        1300        1300        1300        1300        5000              1300     6500000  1517996666     1168000     1299.65           1
16/ 7/2018 43: 2: 7        1310        1310        1310        1310        5000              1310     6550000  1524546666     1173000      1299.7           1
16/ 7/2018 43: 2:49        1300        1300        1300        1300        5000              1300     6500000  1531046666     1178000      1299.7           1
16/ 7/2018 44: 2:59        1290        1290        1290        1290        5000              1290     6450000  1537496666     1183000     1299.66           1
16/ 7/2018 46: 2:16        1300        1300        1300        1300        5000              1300     6500000  1543996666     1188000     1299.66           1
16/ 7/2018 47: 2:19        1310        1310        1310        1310        5000              1310     6550000  1550546666     1193000      1299.7           1
16/ 7/2018 47: 2:40        1320        1320        1320        1320        5000              1320     6600000  1557146666     1198000     1299.79           1
16/ 7/2018 50: 2:21        1310        1310        1310        1310        5000              1310     6550000  1563696666     1203000     1299.83           1
16/ 7/2018 50: 2:56        1300        1300        1300        1300        5000              1300     6500000  1570196666     1208000     1299.83           1
16/ 7/2018 52: 2:13        1310        1310        1310        1310        5000              1310     6550000  1576746666     1213000     1299.87           1
16/ 7/2018 52: 2:41        1320        1320        1320        1320        5000              1320     6600000  1583346666     1218000     1299.96           1
16/ 7/2018 52: 2:55        1310        1310        1310        1310        5000              1310     6550000  1589896666     1223000        1300           1
16/ 7/2018 53: 2:51        1300        1300        1300        1300        5000              1300     6500000  1596396666     1228000        1300           1
16/ 7/2018 54: 2:12        1290        1290        1290        1290        5000              1290     6450000  1602846666     1233000     1299.96           1
16/ 7/2018 54: 2:19        1300        1300        1300        1300        5000              1300     6500000  1609346666     1238000     1299.96           1
16/ 7/2018 54: 2:26        1290        1290        1290        1290        5000              1290     6450000  1615796666     1243000     1299.92           1
16/ 7/2018 54: 2:40        1300        1300        1300        1300        5000              1300     6500000  1622296666     1248000     1299.92           1
16/ 7/2018 56: 2:46        1290        1290        1290        1290        5000              1290     6450000  1628746666     1253000     1299.88           1
16/ 7/2018 57: 2:49        1300        1300        1300        1300        5000              1300     6500000  1635246666     1258000     1299.88           1
16/ 7/2018 58: 2:52        1310        1310        1310        1310        5000              1310     6550000  1641796666     1263000     1299.92           1
16/ 7/2018 59: 2:48        1320        1320        1320        1320        5000              1320     6600000  1648396666     1268000        1300           1
17/ 7/2018  0: 2: 2        1330        1330        1330        1330        5000              1330     6650000  1655046666     1273000     1300.12           1
17/ 7/2018  0: 2:51        1340        1340        1340        1340        5000              1340     6700000  1661746666     1278000     1300.27           1
17/ 7/2018  1: 2:47        1330        1330        1330        1330        5000              1330     6650000  1668396666     1283000     1300.39           1
17/ 7/2018  2: 2:50        1320        1320        1320        1320        5000              1320     6600000  1674996666     1288000     1300.46           1
17/ 7/2018  3: 2:39        1310        1310        1310        1310        5000              1310     6550000  1681546666     1293000      1300.5           1
17/ 7/2018  4: 2:21        1320        1320        1320        1320        5000              1320     6600000  1688146666     1298000     1300.58           1
17/ 7/2018  5: 2: 3        1330        1330        1330        1330        5000              1330     6650000  1694796666     1303000     1300.69           1
17/ 7/2018  8: 2:26        1320        1320        1320        1320        5000              1320     6600000  1701396666     1308000     1300.76           1
17/ 7/2018  8: 2:54        1330        1330        1330        1330        5000              1330     6650000  1708046666     1313000     1300.87           1
17/ 7/2018 10: 2: 4        1320        1320        1320        1320        5000              1320     6600000  1714646666     1318000     1300.95           1
17/ 7/2018 11: 2: 7        1310        1310        1310        1310        5000              1310     6550000  1721196666     1323000     1300.98           1
17/ 7/2018 12: 2:38        1300        1300        1300        1300        5000              1300     6500000  1727696666     1328000     1300.98           1
17/ 7/2018 14: 2:30        1290        1290        1290        1290        5000              1290     6450000  1734146666     1333000     1300.94           1
17/ 7/2018 16: 2:50        1300        1300        1300        1300        5000              1300     6500000  1740646666     1338000     1300.93           1
17/ 7/2018 17: 2:18        1290        1290        1290        1290        5000              1290     6450000  1747096666     1343000     1300.89           1
17/ 7/2018 18: 2: 7        1300        1300        1300        1300        5000              1300     6500000  1753596666     1348000     1300.89           1
17/ 7/2018 20: 2: 6        1310        1310        1310        1310        5000              1310     6550000  1760146666     1353000     1300.92           1
17/ 7/2018 20: 2:48        1300        1300        1300        1300        5000              1300     6500000  1766646666     1358000     1300.92           1
17/ 7/2018 24: 2:18        1310        1310        1310        1310        5000              1310     6550000  1773196666     1363000     1300.95           1
17/ 7/2018 25: 2: 7        1330        1330        1330        1330        5000              1330     6650000  1779846666     1368000     1301.06           1
17/ 7/2018 26: 2:10        1320        1320        1320        1320        5000              1320     6600000  1786446666     1373000     1301.13           1
17/ 7/2018 27: 2: 6        1310        1310        1310        1310        5000              1310     6550000  1792996666     1378000     1301.16           1
17/ 7/2018 28: 2:23        1320        1320        1320        1320        5000              1320     6600000  1799596666     1383000     1301.23           1
17/ 7/2018 29: 2:19        1310        1310        1310        1310        5000              1310     6550000  1806146666     1388000     1301.26           1
17/ 7/2018 29: 2:33        1320        1320        1320        1320        5000              1320     6600000  1812746666     1393000     1301.33           1
17/ 7/2018 30: 2:22        1330        1330        1330        1330        5000              1330     6650000  1819396666     1398000     1301.43           1
17/ 7/2018 31: 2: 4        1320        1320        1320        1320        5000              1320     6600000  1825996666     1403000     1301.49           1
17/ 7/2018 32: 2:56        1310        1310        1310        1310        5000              1310     6550000  1832546666     1408000     1301.52           1
17/ 7/2018 33: 2:52        1320        1320        1320        1320        5000              1320     6600000  1839146666     1413000     1301.59           1
17/ 7/2018 41: 2:27        1330        1330        1330        1330        5000              1330     6650000  1845796666     1418000     1301.69           1
17/ 7/2018 46: 2:14        1320        1320        1320        1320        5000              1320     6600000  1852396666     1423000     1301.75           1
17/ 7/2018 47: 2:10        1310        1310        1310        1310        5000              1310     6550000  1858946666     1428000     1301.78           1
17/ 7/2018 47: 2:17        1320        1320        1320        1320        5000              1320     6600000  1865546666     1433000     1301.85           1
17/ 7/2018 47: 2:38        1310        1310        1310        1310        5000              1310     6550000  1872096666     1438000     1301.88           1
17/ 7/2018 47: 2:45        1320        1320        1320        1320        5000              1320     6600000  1878696666     1443000     1301.94           1
17/ 7/2018 47: 2:59        1310        1310        1310        1310        5000              1310     6550000  1885246666     1448000     1301.97           1
17/ 7/2018 48: 2: 6        1320        1320        1320        1320        5000              1320     6600000  1891846666     1453000     1302.03           1
17/ 7/2018 48: 2:13        1310        1310        1310        1310        5000              1310     6550000  1898396666     1458000     1302.06           1
17/ 7/2018 48: 2:20        1320        1320        1320        1320        5000              1320     6600000  1904996666     1463000     1302.12           1
17/ 7/2018 49: 2:44        1310        1310        1310        1310        5000              1310     6550000  1911546666     1468000     1302.14           1
17/ 7/2018 50: 2:40        1300        1300        1300        1300        5000              1300     6500000  1918046666     1473000     1302.14           1
17/ 7/2018 51: 2: 8        1290        1290        1290        1290        5000              1290     6450000  1924496666     1478000      1302.1           1
17/ 7/2018 54: 2:45        1280        1280        1280        1280        5000              1280     6400000  1930896666     1483000     1302.02           1
17/ 7/2018 58: 2: 8        1290        1290        1290        1290        5000              1290     6450000  1937346666     1488000     1301.98           1
17/ 7/2018 59: 2:53        1300        1300        1300        1300        5000              1300     6500000  1943846666     1493000     1301.97           1
