         Date              Open        High         Low       Close      Volume     Typical Price         V*P    Total VP     Total V        VWAP    Message Count
10/ 7/2018  0: 2: 4         200         200         200         200           5               200        1000        1000           5         200           1
10/ 7/2018  0: 2:24         210         210         210         210      100000               210    21000000    21001000      100005         210           1
10/ 7/2018  3: 2:53         200         200         200         200       99994               200    19998800    40999800      199999         205           1
10/ 7/2018  3: 2:56         210         210         210         210       99994               210    20998740    61998540      299993     206.667           1
10/ 7/2018  5: 2: 0         200         200         200         200       99994               200    19998800    81997340      399987         205           1
10/ 7/2018  5: 2: 1         210         210         210         210       99994               210    20998740   102996080      499981         206           1
10/ 7/2018  5: 2:12         320         320         320         320        6000               320     1920000   104916080      505981     207.352           1
10/ 7/2018  5: 2:22         310         310         310         310        4000               310     1240000   106156080      509981     208.157           1
10/ 7/2018 10: 2: 0         200         200         200         200       99993               200    19998600   126154680      609974      206.82           1
10/ 7/2018 10: 2: 1         210         210         210         210       99993               210    20998530   147153210      709967     207.268           1
10/ 7/2018 11: 2:31         220         220         220         220       99993               220    21998460   169151670      809960      208.84           1
10/ 7/2018 12: 2: 8         210         210         210         210       99993               210    20998530   190150200      909953     208.967           1
10/ 7/2018 12: 2: 9         220         220         220         220       99993               220    21998460   212148660     1009946     210.059           1
10/ 7/2018 12: 2:28         210         210         210         210       99993               210    20998530   233147190     1109939     210.054           1
10/ 7/2018 12: 2:29         220         220         220         220       99993               220    21998460   255145650     1209932     210.876           1
10/ 7/2018 12: 2:34         210         210         210         210       99993               210    20998530   276144180     1309925     210.809           1
10/ 7/2018 12: 2:44         220         220         220         220       99993               220    21998460   298142640     1409918     211.461           1
10/ 7/2018 12: 2:45         210         210         210         210       99993               210    20998530   319141170     1509911     211.364           1
10/ 7/2018 12: 2:46         220         220         220         220       99993               220    21998460   341139630     1609904     211.901           1
10/ 7/2018 12: 2:47         210         210         210         210       99993               210    20998530   362138160     1709897     211.789           1
10/ 7/2018 14: 2:40         220         220         220         220       99993               220    21998460   384136620     1809890     212.243           1
10/ 7/2018 14: 2:44         210         210         210         210       99993               210    20998530   405135150     1909883     212.126           1
10/ 7/2018 14: 2:46         220         220         220         220       99993               220    21998460   427133610     2009876     212.517           1
10/ 7/2018 14: 2:48         210         210         210         210       99993               210    20998530   448132140     2109869     212.398           1
10/ 7/2018 14: 2:52         220         220         220         220       99993               220    21998460   470130600     2209862     212.742           1
10/ 7/2018 14: 2:54         210         210         210         210       99993               210    20998530   491129130     2309855     212.623           1
10/ 7/2018 14: 2:56         220         220         220         220       99993               220    21998460   513127590     2409848     212.929           1
10/ 7/2018 14: 2:59         210         210         210         210       99993               210    20998530   534126120     2509841     212.813           1
10/ 7/2018 15: 2: 0         220         220         220         220       99993               220    21998460   556124580     2609834     213.088           1
10/ 7/2018 15: 2: 1         210         210         210         210       99993               210    20998530   577123110     2709827     212.974           1
10/ 7/2018 15: 2: 2         220         220         220         220       99993               220    21998460   599121570     2809820     213.224           1
10/ 7/2018 15: 2: 5         210         210         210         210       99993               210    20998530   620120100     2909813     213.113           1
10/ 7/2018 15: 2: 6         220         220         220         220       99993               220    21998460   642118560     3009806     213.342           1
10/ 7/2018 15: 2:13         210         210         210         210       99993               210    20998530   663117090     3109799     213.235           1
10/ 7/2018 15: 2:15         220         220         220         220       99993               220    21998460   685115550     3209792     213.445           1
10/ 7/2018 15: 2:18         210         210         210         210       99993               210    20998530   706114080     3309785     213.341           1
10/ 7/2018 15: 2:19         220         220         220         220       99993               220    21998460   728112540     3409778     213.537           1
10/ 7/2018 15: 2:55         210         210         210         210       99993               210    20998530   749111070     3509771     213.436           1
10/ 7/2018 15: 2:56         220         220         220         220       99993               220    21998460   771109530     3609764     213.618           1
10/ 7/2018 15: 2:58         210         210         210         210       99993               210    20998530   792108060     3709757      213.52           1
10/ 7/2018 15: 2:59         220         220         220         220       99993               220    21998460   814106520     3809750      213.69           1
10/ 7/2018 16: 2: 3         210         210         210         210       99993               210    20998530   835105050     3909743     213.596           1
10/ 7/2018 16: 2: 5         220         220         220         220       99993               220    21998460   857103510     4009736     213.756           1
10/ 7/2018 16: 2: 6         210         210         210         210       99993               210    20998530   878102040     4109729     213.664           1
10/ 7/2018 16: 2:11         220         220         220         220       99993               220    21998460   900100500     4209722     213.815           1
10/ 7/2018 16: 2:14         210         210         210         210       99993               210    20998530   921099030     4309715     213.726           1
10/ 7/2018 16: 2:15         220         220         220         220       99993               220    21998460   943097490     4409708     213.868           1
10/ 7/2018 16: 2:16         210         210         210         210       99993               210    20998530   964096020     4509701     213.783           1
10/ 7/2018 16: 2:20         220         220         220         220       99993               220    21998460   986094480     4609694     213.918           1
10/ 7/2018 16: 2:21         210         210         210         210       99993               210    20998530  1007093010     4709687     213.834           1
10/ 7/2018 16: 2:27         220         220         220         220       99993               220    21998460  1029091470     4809680     213.963           1
10/ 7/2018 16: 2:29         210         210         210         210       99993               210    20998530  1050090000     4909673     213.882           1
10/ 7/2018 16: 2:40         220         220         220         220       99993               220    21998460  1072088460     5009666     214.004           1
10/ 7/2018 16: 2:41         210         210         210         210       99993               210    20998530  1093086990     5109659     213.926           1
10/ 7/2018 16: 2:42         220         220         220         220       99993               220    21998460  1115085450     5209652     214.042           1
10/ 7/2018 16: 2:43         210         210         210         210       99993               210    20998530  1136083980     5309645     213.966           1
10/ 7/2018 16: 2:48         220         220         220         220       99993               220    21998460  1158082440     5409638     214.078           1
10/ 7/2018 16: 2:49         210         210         210         210       99993               210    20998530  1179080970     5509631     214.004           1
10/ 7/2018 19: 2:25         220         220         220         220       99993               220    21998460  1201079430     5609624     214.111           1
10/ 7/2018 19: 2:26         210         210         210         210       99993               210    20998530  1222077960     5709617     214.039           1
10/ 7/2018 19: 2:50         220         220         220         220       99993               220    21998460  1244076420     5809610     214.141           1
10/ 7/2018 19: 2:52         210         210         210         210       99993               210    20998530  1265074950     5909603     214.071           1
10/ 7/2018 19: 2:59         220         220         220         220       99993               220    21998460  1287073410     6009596      214.17           1
10/ 7/2018 20: 2: 0         210         210         210         210       99993               210    20998530  1308071940     6109589     214.101           1
10/ 7/2018 20: 2:12         220         220         220         220       99993               220    21998460  1330070400     6209582     214.196           1
10/ 7/2018 20: 2:14         210         210         210         210       99993               210    20998530  1351068930     6309575      214.13           1
10/ 7/2018 20: 2:16         220         220         220         220       99993               220    21998460  1373067390     6409568     214.222           1
10/ 7/2018 20: 2:17         210         210         210         210       99993               210    20998530  1394065920     6509561     214.157           1
10/ 7/2018 20: 2:18         220         220         220         220       99993               220    21998460  1416064380     6609554     214.245           1
10/ 7/2018 20: 2:20         210         210         210         210       99993               210    20998530  1437062910     6709547     214.182           1
10/ 7/2018 20: 2:21         220         220         220         220       99993               220    21998460  1459061370     6809540     214.267           1
10/ 7/2018 20: 2:27         210         210         210         210       99993               210    20998530  1480059900     6909533     214.205           1
10/ 7/2018 21: 2: 4         220         220         220         220       99993               220    21998460  1502058360     7009526     214.288           1
10/ 7/2018 21: 2: 7         210         210         210         210       99993               210    20998530  1523056890     7109519     214.228           1
10/ 7/2018 21: 2:10         220         220         220         220       99993               220    21998460  1545055350     7209512     214.308           1
10/ 7/2018 21: 2:11         210         210         210         210       99993               210    20998530  1566053880     7309505     214.249           1
10/ 7/2018 21: 2:13         220         220         220         220       99993               220    21998460  1588052340     7409498     214.327           1
10/ 7/2018 21: 2:47         210         210         210         210       99993               210    20998530  1609050870     7509491     214.269           1
10/ 7/2018 21: 2:50         220         220         220         220       99993               220    21998460  1631049330     7609484     214.344           1
10/ 7/2018 22: 2:31         210         210         210         210       99993               210    20998530  1652047860     7709477     214.288           1
10/ 7/2018 22: 2:32         220         220         220         220       99993               220    21998460  1674046320     7809470     214.361           1
10/ 7/2018 30: 2: 0         210         210         210         210       99993               210    20998530  1695044850     7909463     214.306           1
10/ 7/2018 30: 2: 1         220         220         220         220       99993               220    21998460  1717043310     8009456     214.377           1
10/ 7/2018 32: 2:14         210         210         210         210       99993               210    20998530  1738041840     8109449     214.323           1
10/ 7/2018 32: 2:15         220         220         220         220       99993               220    21998460  1760040300     8209442     214.392           1
10/ 7/2018 32: 2:17         210         210         210         210       99993               210    20998530  1781038830     8309435     214.339           1
10/ 7/2018 32: 2:26         220         220         220         220       99993               220    21998460  1803037290     8409428     214.407           1
10/ 7/2018 32: 2:27         210         210         210         210       99993               210    20998530  1824035820     8509421     214.355           1
10/ 7/2018 32: 2:29         220         220         220         220       99993               220    21998460  1846034280     8609414      214.42           1
10/ 7/2018 32: 2:30         210         210         210         210       99993               210    20998530  1867032810     8709407      214.37           1
10/ 7/2018 32: 2:33         220         220         220         220       99993               220    21998460  1889031270     8809400     214.434           1
10/ 7/2018 32: 2:50         210         210         210         210       99993               210    20998530  1910029800     8909393     214.384           1
10/ 7/2018 32: 2:51         220         220         220         220       99993               220    21998460  1932028260     9009386     214.446           1
10/ 7/2018 33: 2: 1         210         210         210         210       99993               210    20998530  1953026790     9109379     214.397           1
10/ 7/2018 33: 2:12         220         220         220         220       99993               220    21998460  1975025250     9209372     214.458           1
10/ 7/2018 33: 2:14         210         210         210         210       99993               210    20998530  1996023780     9309365      214.41           1
10/ 7/2018 33: 2:17         220         220         220         220       99993               220    21998460  2018022240     9409358      214.47           1
10/ 7/2018 33: 2:18         210         210         210         210       99993               210    20998530  2039020770     9509351     214.423           1
10/ 7/2018 33: 2:20         220         220         220         220       99993               220    21998460  2061019230     9609344     214.481           1
10/ 7/2018 33: 2:21         210         210         210         210       99993               210    20998530  2082017760     9709337     214.435           1
10/ 7/2018 33: 2:22         220         220         220         220       99993               220    21998460  2104016220     9809330     214.491           1
10/ 7/2018 33: 2:48         210         210         210         210       99993               210    20998530  2125014750     9909323     214.446           1
10/ 7/2018 34: 2: 1         220         220         220         220       99993               220    21998460  2147013210    10009316     214.501           1
10/ 7/2018 34: 2: 2         210         210         210         210       99993               210    20998530  2168011740    10109309     214.457           1
10/ 7/2018 34: 2: 3         220         220         220         220       99993               220    21998460  2190010200    10209302     214.511           1
10/ 7/2018 34: 2: 6         210         210         210         210       99993               210    20998530  2211008730    10309295     214.468           1
10/ 7/2018 34: 2: 7         220         220         220         220       99993               220    21998460  2233007190    10409288     214.521           1
10/ 7/2018 34: 2:11         210         210         210         210       99993               210    20998530  2254005720    10509281     214.478           1
10/ 7/2018 34: 2:24         220         220         220         220       99993               220    21998460  2276004180    10609274      214.53           1
10/ 7/2018 34: 2:25         210         210         210         210       99993               210    20998530  2297002710    10709267     214.487           1
10/ 7/2018 34: 2:27         220         220         220         220       99993               220    21998460  2319001170    10809260     214.538           1
10/ 7/2018 34: 2:28         210         210         210         210       99993               210    20998530  2339999700    10909253     214.497           1
10/ 7/2018 34: 2:29         220         220         220         220       99993               220    21998460  2361998160    11009246     214.547           1
10/ 7/2018 34: 2:32         210         210         210         210       99993               210    20998530  2382996690    11109239     214.506           1
10/ 7/2018 34: 2:34         220         220         220         220       99993               220    21998460  2404995150    11209232     214.555           1
10/ 7/2018 34: 2:35         210         210         210         210       99993               210    20998530  2425993680    11309225     214.515           1
10/ 7/2018 34: 2:41         220         220         220         220       99993               220    21998460  2447992140    11409218     214.563           1
10/ 7/2018 34: 2:45         210         210         210         210       99993               210    20998530  2468990670    11509211     214.523           1
10/ 7/2018 34: 2:59         220         220         220         220       99993               220    21998460  2490989130    11609204      214.57           1
10/ 7/2018 35: 2: 0         210         210         210         210       99993               210    20998530  2511987660    11709197     214.531           1
10/ 7/2018 35: 2:39         220         220         220         220       99993               220    21998460  2533986120    11809190     214.577           1
10/ 7/2018 37: 2: 6         210         210         210         210       99993               210    20998530  2554984650    11909183     214.539           1
10/ 7/2018 37: 2:22         220         220         220         220       99993               220    21998460  2576983110    12009176     214.585           1
10/ 7/2018 40: 2: 0         210         210         210         210       99993               210    20998530  2597981640    12109169     214.547           1
10/ 7/2018 40: 2: 1         220         220         220         220       99993               220    21998460  2619980100    12209162     214.591           1
10/ 7/2018 40: 2:23         210         210         210         210       99993               210    20998530  2640978630    12309155     214.554           1
10/ 7/2018 40: 2:35         220         220         220         220       99993               220    21998460  2662977090    12409148     214.598           1
10/ 7/2018 40: 2:40         210         210         210         210       99993               210    20998530  2683975620    12509141     214.561           1
10/ 7/2018 40: 2:41         220         220         220         220       99993               220    21998460  2705974080    12609134     214.604           1
10/ 7/2018 41: 2:21         210         210         210         210       99993               210    20998530  2726972610    12709127     214.568           1
10/ 7/2018 43: 2: 9         220         220         220         220       99993               220    21998460  2748971070    12809120      214.61           1
10/ 7/2018 43: 2:36         210         210         210         210       99993               210    20998530  2769969600    12909113     214.575           1
10/ 7/2018 43: 2:39         220         220         220         220       99993               220    21998460  2791968060    13009106     214.616           1
10/ 7/2018 43: 2:40         210         210         210         210       99993               210    20998530  2812966590    13109099     214.581           1
10/ 7/2018 43: 2:41         220         220         220         220       99993               220    21998460  2834965050    13209092     214.622           1
10/ 7/2018 43: 2:42         210         210         210         210       99993               210    20998530  2855963580    13309085     214.588           1
10/ 7/2018 43: 2:43         220         220         220         220       99993               220    21998460  2877962040    13409078     214.628           1
10/ 7/2018 43: 2:47         210         210         210         210       99993               210    20998530  2898960570    13509071     214.594           1
10/ 7/2018 43: 2:52         220         220         220         220       99993               220    21998460  2920959030    13609064     214.633           1
10/ 7/2018 45: 2: 0         210         210         210         210       99993               210    20998530  2941957560    13709057       214.6           1
10/ 7/2018 45: 2: 1         220         220         220         220       99993               220    21998460  2963956020    13809050     214.639           1
10/ 7/2018 46: 2:17         210         210         210         210       99993               210    20998530  2984954550    13909043     214.605           1
10/ 7/2018 46: 2:34         220         220         220         220       99993               220    21998460  3006953010    14009036     214.644           1
10/ 7/2018 46: 2:35         210         210         210         210       99993               210    20998530  3027951540    14109029     214.611           1
10/ 7/2018 46: 2:36         220         220         220         220       99993               220    21998460  3049950000    14209022     214.649           1
10/ 7/2018 46: 2:39         210         210         210         210       99993               210    20998530  3070948530    14309015     214.616           1
10/ 7/2018 46: 2:47         220         220         220         220       99993               220    21998460  3092946990    14409008     214.654           1
10/ 7/2018 46: 2:48         210         210         210         210       99993               210    20998530  3113945520    14509001     214.622           1
10/ 7/2018 47: 2:50         220         220         220         220       99993               220    21998460  3135943980    14608994     214.658           1
10/ 7/2018 48: 2: 0         210         210         210         210       99993               210    20998530  3156942510    14708987     214.627           1
10/ 7/2018 48: 2: 6         220         220         220         220       99993               220    21998460  3178940970    14808980     214.663           1
10/ 7/2018 48: 2:14         210         210         210         210       99993               210    20998530  3199939500    14908973     214.632           1
10/ 7/2018 48: 2:16         220         220         220         220       99993               220    21998460  3221937960    15008966     214.668           1
10/ 7/2018 49: 2:14         210         210         210         210       99993               210    20998530  3242936490    15108959     214.637           1
10/ 7/2018 49: 2:16         220         220         220         220       99993               220    21998460  3264934950    15208952     214.672           1
10/ 7/2018 49: 2:17         210         210         210         210       99993               210    20998530  3285933480    15308945     214.641           1
10/ 7/2018 49: 2:30         220         220         220         220       99993               220    21998460  3307931940    15408938     214.676           1
10/ 7/2018 49: 2:31         210         210         210         210       99993               210    20998530  3328930470    15508931     214.646           1
10/ 7/2018 49: 2:34         220         220         220         220       99993               220    21998460  3350928930    15608924      214.68           1
10/ 7/2018 50: 2: 0         210         210         210         210       99993               210    20998530  3371927460    15708917     214.651           1
10/ 7/2018 50: 2: 6         220         220         220         220       99993               220    21998460  3393925920    15808910     214.684           1
10/ 7/2018 50: 2: 8         210         210         210         210       99993               210    20998530  3414924450    15908903     214.655           1
10/ 7/2018 50: 2: 9         220         220         220         220       99993               220    21998460  3436922910    16008896     214.688           1
10/ 7/2018 50: 2:11         210         210         210         210       99993               210    20998530  3457921440    16108889     214.659           1
10/ 7/2018 50: 2:12         220         220         220         220       99993               220    21998460  3479919900    16208882     214.692           1
10/ 7/2018 50: 2:14         210         210         210         210       99993               210    20998530  3500918430    16308875     214.663           1
10/ 7/2018 50: 2:15         220         220         220         220       99993               220    21998460  3522916890    16408868     214.696           1
10/ 7/2018 50: 2:17         210         210         210         210       99993               210    20998530  3543915420    16508861     214.667           1
10/ 7/2018 50: 2:41         220         220         220         220       99993               220    21998460  3565913880    16608854       214.7           1
10/ 7/2018 50: 2:43         210         210         210         210       99993               210    20998530  3586912410    16708847     214.671           1
10/ 7/2018 50: 2:48         220         220         220         220       99993               220    21998460  3608910870    16808840     214.703           1
10/ 7/2018 53: 2:57         210         210         210         210       99993               210    20998530  3629909400    16908833     214.675           1
10/ 7/2018 54: 2: 2         220         220         220         220       99993               220    21998460  3651907860    17008826     214.707           1
10/ 7/2018 54: 2: 3         210         210         210         210       99993               210    20998530  3672906390    17108819     214.679           1
10/ 7/2018 54: 2:19         220         220         220         220       99993               220    21998460  3694904850    17208812      214.71           1
10/ 7/2018 54: 2:26         210         210         210         210       99993               210    20998530  3715903380    17308805     214.683           1
10/ 7/2018 54: 2:30         220         220         220         220       99993               220    21998460  3737901840    17408798     214.713           1
10/ 7/2018 54: 2:32         210         210         210         210       99993               210    20998530  3758900370    17508791     214.686           1
10/ 7/2018 54: 2:33         220         220         220         220       99993               220    21998460  3780898830    17608784     214.717           1
10/ 7/2018 54: 2:38         210         210         210         210       99993               210    20998530  3801897360    17708777      214.69           1
10/ 7/2018 54: 2:47         220         220         220         220       99993               220    21998460  3823895820    17808770      214.72           1
10/ 7/2018 55: 2: 2         210         210         210         210       99993               210    20998530  3844894350    17908763     214.693           1
10/ 7/2018 55: 2: 3         220         220         220         220       99993               220    21998460  3866892810    18008756     214.723           1
10/ 7/2018 55: 2: 7         210         210         210         210       99993               210    20998530  3887891340    18108749     214.697           1
10/ 7/2018 55: 2: 9         220         220         220         220       99993               220    21998460  3909889800    18208742     214.726           1
10/ 7/2018 55: 2:15         210         210         210         210       99993               210    20998530  3930888330    18308735       214.7           1
10/ 7/2018 55: 2:26         220         220         220         220       99993               220    21998460  3952886790    18408728     214.729           1
10/ 7/2018 57: 2:50         210         210         210         210       99993               210    20998530  3973885320    18508721     214.703           1
10/ 7/2018 58: 2:39         220         220         220         220       99993               220    21998460  3995883780    18608714     214.732           1
10/ 7/2018 58: 2:58         210         210         210         210       99993               210    20998530  4016882310    18708707     214.707           1
10/ 7/2018 59: 2:56         220         220         220         220       99993               220    21998460  4038880770    18808700     214.735           1
11/ 7/2018  4: 2:26         210         210         210         210       99993               210    20998530  4059879300    18908693      214.71           1
11/ 7/2018  4: 2:32         220         220         220         220       99993               220    21998460  4081877760    19008686     214.738           1
11/ 7/2018  4: 2:37         210         210         210         210       99993               210    20998530  4102876290    19108679     214.713           1
11/ 7/2018  5: 2:21         220         220         220         220       99993               220    21998460  4124874750    19208672      214.74           1
11/ 7/2018  5: 2:22         210         210         210         210       99993               210    20998530  4145873280    19308665     214.716           1
11/ 7/2018  5: 2:24         220         220         220         220       99993               220    21998460  4167871740    19408658     214.743           1
11/ 7/2018  5: 2:25         210         210         210         210       99993               210    20998530  4188870270    19508651     214.719           1
11/ 7/2018  5: 2:26         220         220         220         220       99993               220    21998460  4210868730    19608644     214.746           1
11/ 7/2018  5: 2:27         210         210         210         210       99993               210    20998530  4231867260    19708637     214.721           1
11/ 7/2018  5: 2:29         220         220         210         210       99993           213.333    21331840  4253199100    19808630     214.714           2
11/ 7/2018  5: 2:34         220         220         220         220       99993               220    21998460  4275197560    19908623     214.741           1
11/ 7/2018  5: 2:36         210         210         210         210       99993               210    20998530  4296196090    20008616     214.717           1
11/ 7/2018  5: 2:41         220         220         220         220       99993               220    21998460  4318194550    20108609     214.744           1
11/ 7/2018  5: 2:43         210         210         210         210       99993               210    20998530  4339193080    20208602      214.72           1
11/ 7/2018  6: 2:33         220         220         220         220       99993               220    21998460  4361191540    20308595     214.746           1
11/ 7/2018  6: 2:38         210         210         210         210       99993               210    20998530  4382190070    20408588     214.723           1
11/ 7/2018  6: 2:42         220         220         220         220       99993               220    21998460  4404188530    20508581     214.749           1
11/ 7/2018  6: 2:51         210         210         210         210       99993               210    20998530  4425187060    20608574     214.726           1
11/ 7/2018  6: 2:52         220         220         220         220       99993               220    21998460  4447185520    20708567     214.751           1
11/ 7/2018 10: 2:19         210         210         210         210       99993               210    20998530  4468184050    20808560     214.728           1
11/ 7/2018 10: 2:20         220         220         220         220       99993               220    21998460  4490182510    20908553     214.753           1
11/ 7/2018 10: 2:31         210         210         210         210       99993               210    20998530  4511181040    21008546     214.731           1
11/ 7/2018 10: 2:36         220         220         220         220       99993               220    21998460  4533179500    21108539     214.756           1
11/ 7/2018 10: 2:40         210         210         210         210       99993               210    20998530  4554178030    21208532     214.733           1
11/ 7/2018 11: 2: 9         220         220         220         220       99993               220    21998460  4576176490    21308525     214.758           1
11/ 7/2018 11: 2:10         210         210         210         210       99993               210    20998530  4597175020    21408518     214.736           1
11/ 7/2018 11: 2:15         220         220         220         220       99993               220    21998460  4619173480    21508511      214.76           1
11/ 7/2018 11: 2:16         210         210         210         210       99993               210    20998530  4640172010    21608504     214.738           1
11/ 7/2018 11: 2:38         220         220         220         220       99993               220    21998460  4662170470    21708497     214.762           1
11/ 7/2018 11: 2:39         210         210         210         210       99993               210    20998530  4683169000    21808490     214.741           1
11/ 7/2018 12: 2:50         220         220         220         220       99993               220    21998460  4705167460    21908483     214.765           1
11/ 7/2018 12: 2:53         210         210         210         210       99993               210    20998530  4726165990    22008476     214.743           1
11/ 7/2018 12: 2:54         220         220         220         220       99993               220    21998460  4748164450    22108469     214.767           1
11/ 7/2018 13: 2:23         210         210         210         210       99993               210    20998530  4769162980    22208462     214.745           1
11/ 7/2018 13: 2:25         220         220         220         220       99993               220    21998460  4791161440    22308455     214.769           1
11/ 7/2018 13: 2:31         210         210         210         210       99993               210    20998530  4812159970    22408448     214.748           1
11/ 7/2018 16: 2:10         220         220         220         220       99993               220    21998460  4834158430    22508441     214.771           1
11/ 7/2018 16: 2:14         210         210         210         210       99993               210    20998530  4855156960    22608434      214.75           1
11/ 7/2018 16: 2:54         200         200         200         200       99993               200    19998600  4875155560    22708427     214.685           1
11/ 7/2018 55: 2: 0         190         190         190         190       99993               190    18998670  4894154230    22808420     214.577           1
11/ 7/2018 55: 2: 1         200         200         200         200       99993               200    19998600  4914152830    22908413     214.513           1
12/ 7/2018  7: 2:42         190         190         190         190       99993               190    18998670  4933151500    23008406     214.406           1
12/ 7/2018  7: 2:43         200         200         200         200       99993               200    19998600  4953150100    23108399     214.344           1
12/ 7/2018  7: 2:44         190         190         190         190       99993               190    18998670  4972148770    23208392     214.239           1
12/ 7/2018  7: 2:45         200         200         200         200       99993               200    19998600  4992147370    23308385     214.178           1
12/ 7/2018  9: 2:33         190         190         190         190       99993               190    18998670  5011146040    23408378     214.075           1
12/ 7/2018  9: 2:42         200         200         200         200       99993               200    19998600  5031144640    23508371     214.015           1
12/ 7/2018  9: 2:43         190         190         190         190       99993               190    18998670  5050143310    23608364     213.913           1
12/ 7/2018 13: 2:10         200         200         200         200       99993               200    19998600  5070141910    23708357     213.855           1
12/ 7/2018 13: 2:11         190         190         190         190       99993               190    18998670  5089140580    23808350     213.754           1
12/ 7/2018 13: 2:25         200         200         200         200       99993               200    19998600  5109139180    23908343     213.697           1
12/ 7/2018 13: 2:28         190         190         190         190       99993               190    18998670  5128137850    24008336     213.598           1
12/ 7/2018 13: 2:33         200         200         200         200       99993               200    19998600  5148136450    24108329     213.542           1
12/ 7/2018 13: 2:35         190         190         190         190       99993               190    18998670  5167135120    24208322     213.445           1
12/ 7/2018 13: 2:36         200         200         200         200       99993               200    19998600  5187133720    24308315     213.389           1
12/ 7/2018 14: 2: 5         190         190         190         190       99993               190    18998670  5206132390    24408308     213.293           1
12/ 7/2018 14: 2: 7         200         200         200         200       99993               200    19998600  5226130990    24508301     213.239           1
12/ 7/2018 14: 2: 8         190         190         190         190       99993               190    18998670  5245129660    24608294     213.145           1
12/ 7/2018 14: 2:19         200         200         200         200       99993               200    19998600  5265128260    24708287     213.092           1
12/ 7/2018 14: 2:20         190         190         190         190       99993               190    18998670  5284126930    24808280     212.999           1
12/ 7/2018 14: 2:22         200         200         200         200       99993               200    19998600  5304125530    24908273     212.946           1
12/ 7/2018 15: 2:22         190         190         190         190       99993               190    18998670  5323124200    25008266     212.855           1
12/ 7/2018 37: 2:51         200         200         200         200       99993               200    19998600  5343122800    25108259     212.803           1
12/ 7/2018 37: 2:52         190         190         190         190       99993               190    18998670  5362121470    25208252     212.713           1
12/ 7/2018 38: 2: 6         200         200         200         200       99993               200    19998600  5382120070    25308245     212.663           1
12/ 7/2018 38: 2: 9         190         190         190         190       99993               190    18998670  5401118740    25408238     212.574           1
12/ 7/2018 38: 2:34         200         200         200         200       99993               200    19998600  5421117340    25508231     212.524           1
12/ 7/2018 38: 2:35         190         190         190         190       99993               190    18998670  5440116010    25608224     212.436           1
12/ 7/2018 38: 2:36         200         200         200         200       99993               200    19998600  5460114610    25708217     212.388           1
12/ 7/2018 38: 2:42         190         190         190         190       99993               190    18998670  5479113280    25808210     212.301           1
12/ 7/2018 38: 2:43         200         200         200         200       99993               200    19998600  5499111880    25908203     212.254           1
12/ 7/2018 38: 2:47         190         190         190         190       99993               190    18998670  5518110550    26008196     212.168           1
12/ 7/2018 38: 2:48         200         200         200         200       99993               200    19998600  5538109150    26108189     212.122           1
12/ 7/2018 38: 2:51         190         190         190         190       99993               190    18998670  5557107820    26208182     212.037           1
12/ 7/2018 38: 2:54         200         200         200         200       99993               200    19998600  5577106420    26308175     211.991           1
12/ 7/2018 38: 2:58         190         190         190         190       99993               190    18998670  5596105090    26408168     211.908           1
12/ 7/2018 38: 2:59         200         200         200         200       99993               200    19998600  5616103690    26508161     211.863           1
12/ 7/2018 39: 2: 2         190         190         190         190       99993               190    18998670  5635102360    26608154     211.781           1
12/ 7/2018 39: 2: 4         200         200         200         200       99993               200    19998600  5655100960    26708147     211.737           1
12/ 7/2018 39: 2: 6         190         190         190         190       99993               190    18998670  5674099630    26808140     211.656           1
12/ 7/2018 39: 2: 8         200         200         200         200       99993               200    19998600  5694098230    26908133     211.613           1
12/ 7/2018 39: 2: 9         190         190         190         190       99993               190    18998670  5713096900    27008126     211.533           1
12/ 7/2018 39: 2:17         200         200         200         200       99993               200    19998600  5733095500    27108119      211.49           1
12/ 7/2018 39: 2:20         190         190         190         190       99993               190    18998670  5752094170    27208112     211.411           1
12/ 7/2018 39: 2:23         200         200         200         200       99993               200    19998600  5772092770    27308105     211.369           1
12/ 7/2018 39: 2:25         190         190         190         190       99993               190    18998670  5791091440    27408098     211.291           1
12/ 7/2018 39: 2:54         200         200         200         200       99993               200    19998600  5811090040    27508091      211.25           1
12/ 7/2018 40: 2: 1         190         190         190         190       99993               190    18998670  5830088710    27608084     211.173           1
12/ 7/2018 41: 2:37         200         200         200         200       99993               200    19998600  5850087310    27708077     211.133           1
12/ 7/2018 41: 2:38         190         190         190         190       99993               190    18998670  5869085980    27808070     211.057           1
12/ 7/2018 41: 2:39         200         200         200         200       99993               200    19998600  5889084580    27908063     211.017           1
12/ 7/2018 41: 2:42         190         190         190         190       99993               190    18998670  5908083250    28008056     210.942           1
12/ 7/2018 41: 2:43         200         200         200         200       99993               200    19998600  5928081850    28108049     210.903           1
12/ 7/2018 41: 2:45         190         190         190         190       99993               190    18998670  5947080520    28208042     210.829           1
12/ 7/2018 41: 2:56         200         200         200         200       99993               200    19998600  5967079120    28308035     210.791           1
12/ 7/2018 42: 2: 5         190         190         190         190       99993               190    18998670  5986077790    28408028     210.718           1
12/ 7/2018 46: 2:19         200         200         200         200       99993               200    19998600  6006076390    28508021      210.68           1
12/ 7/2018 46: 2:20         190         190         190         190       99993               190    18998670  6025075060    28608014     210.608           1
12/ 7/2018 46: 2:21         200         200         200         200       99993               200    19998600  6045073660    28708007     210.571           1
12/ 7/2018 46: 2:28         190         190         190         190       99993               190    18998670  6064072330    28808000       210.5           1
12/ 7/2018 46: 2:49         200         200         200         200       99993               200    19998600  6084070930    28907993     210.463           1
14/ 7/2018  0: 2:32         200         200         200         200      100000               200    20000000  6104070930    29007993     210.427           1
14/ 7/2018  8: 2:13         190         190         190         190      100000               190    19000000  6123070930    29107993     210.357           1
14/ 7/2018  8: 2:35         200         200         200         200      100000               200    20000000  6143070930    29207993     210.322           1
14/ 7/2018  8: 2:36         190         190         190         190      100000               190    19000000  6162070930    29307993     210.252           1
14/ 7/2018  8: 2:47         200         200         200         200      100000               200    20000000  6182070930    29407993     210.217           1
14/ 7/2018  9: 2:35         190         190         190         190      100000               190    19000000  6201070930    29507993     210.149           1
14/ 7/2018  9: 2:49         200         200         200         200      100000               200    20000000  6221070930    29607993     210.115           1
14/ 7/2018  9: 2:51         190         190         190         190      100000               190    19000000  6240070930    29707993     210.047           1
14/ 7/2018 10: 2: 1         200         200         200         200      100000               200    20000000  6260070930    29807993     210.013           1
14/ 7/2018 10: 2: 2         190         190         190         190      100000               190    19000000  6279070930    29907993     209.946           1
14/ 7/2018 10: 2:12         200         200         200         200      100000               200    20000000  6299070930    30007993     209.913           1
14/ 7/2018 10: 2:15         190         190         190         190      100000               190    19000000  6318070930    30107993     209.847           1
14/ 7/2018 11: 2:22         200         200         200         200      100000               200    20000000  6338070930    30207993     209.814           1
14/ 7/2018 11: 2:26         190         190         190         190      100000               190    19000000  6357070930    30307993     209.749           1
14/ 7/2018 11: 2:27         200         200         200         200      100000               200    20000000  6377070930    30407993     209.717           1
14/ 7/2018 11: 2:29         190         190         190         190      100000               190    19000000  6396070930    30507993     209.652           1
14/ 7/2018 11: 2:32         200         200         200         200      100000               200    20000000  6416070930    30607993     209.621           1
14/ 7/2018 11: 2:35         190         190         190         190      100000               190    19000000  6435070930    30707993     209.557           1
14/ 7/2018 25: 2: 0         180         180         180         180      100000               180    18000000  6453070930    30807993     209.461           1
14/ 7/2018 25: 2: 4         190         190         190         190      100000               190    19000000  6472070930    30907993     209.398           1
14/ 7/2018 30: 2: 0         180         180         180         180      100000               180    18000000  6490070930    31007993     209.303           1
14/ 7/2018 30: 2: 1         190         190         190         190      100000               190    19000000  6509070930    31107993     209.241           1
14/ 7/2018 35: 2: 0         180         180         180         180      100000               180    18000000  6527070930    31207993     209.147           1
14/ 7/2018 35: 2: 1         190         190         190         190      100000               190    19000000  6546070930    31307993     209.086           1
15/ 7/2018  7: 2:57         180         180         180         180      100000               180    18000000  6564070930    31407993     208.994           1
15/ 7/2018  8: 2: 0         190         190         190         190      100000               190    19000000  6583070930    31507993     208.933           1
15/ 7/2018  8: 2:22         180         180         180         180      100000               180    18000000  6601070930    31607993     208.842           1
15/ 7/2018  8: 2:25         190         190         190         190      100000               190    19000000  6620070930    31707993     208.782           1
15/ 7/2018 10: 2: 0         180         180         180         180      100000               180    18000000  6638070930    31807993     208.692           1
15/ 7/2018 10: 2: 1         190         190         190         190      100000               190    19000000  6657070930    31907993     208.633           1
15/ 7/2018 17: 2:11         180         180         180         180      100000               180    18000000  6675070930    32007993     208.544           1
15/ 7/2018 17: 2:12         190         190         190         190      100000               190    19000000  6694070930    32107993     208.486           1
15/ 7/2018 17: 2:13         180         180         180         180      100000               180    18000000  6712070930    32207993     208.398           1
15/ 7/2018 17: 2:15         190         190         190         190      100000               190    19000000  6731070930    32307993     208.341           1
15/ 7/2018 17: 2:22         180         180         180         180      100000               180    18000000  6749070930    32407993     208.253           1
15/ 7/2018 17: 2:29         190         190         190         190      100000               190    19000000  6768070930    32507993     208.197           1
15/ 7/2018 17: 2:31         180         180         180         180      100000               180    18000000  6786070930    32607993     208.111           1
15/ 7/2018 17: 2:36         190         190         190         190      100000               190    19000000  6805070930    32707993     208.055           1
15/ 7/2018 17: 2:37         180         180         180         180      100000               180    18000000  6823070930    32807993      207.97           1
15/ 7/2018 17: 2:39         190         190         190         190      100000               190    19000000  6842070930    32907993     207.915           1
15/ 7/2018 17: 2:42         180         180         180         180      100000               180    18000000  6860070930    33007993     207.831           1
15/ 7/2018 17: 2:43         190         190         190         190      100000               190    19000000  6879070930    33107993     207.777           1
15/ 7/2018 17: 2:48         180         180         180         180      100000               180    18000000  6897070930    33207993     207.693           1
15/ 7/2018 17: 2:53         190         190         190         190      100000               190    19000000  6916070930    33307993      207.64           1
15/ 7/2018 17: 2:55         180         180         180         180      100000               180    18000000  6934070930    33407993     207.557           1
15/ 7/2018 18: 2:35         190         190         190         190      100000               190    19000000  6953070930    33507993     207.505           1
15/ 7/2018 18: 2:37         180         180         180         180      100000               180    18000000  6971070930    33607993     207.423           1
15/ 7/2018 19: 2:31         190         190         190         190      100000               190    19000000  6990070930    33707993     207.371           1
15/ 7/2018 19: 2:32         180         180         180         180      100000               180    18000000  7008070930    33807993      207.29           1
15/ 7/2018 19: 2:48         190         190         190         190      100000               190    19000000  7027070930    33907993     207.239           1
15/ 7/2018 19: 2:49         180         180         180         180      100000               180    18000000  7045070930    34007993     207.159           1
15/ 7/2018 20: 2:41         190         190         190         190      100000               190    19000000  7064070930    34107993     207.109           1
15/ 7/2018 20: 2:42         180         180         180         180      100000               180    18000000  7082070930    34207993      207.03           1
15/ 7/2018 20: 2:57         190         190         190         190      100000               190    19000000  7101070930    34307993      206.98           1
15/ 7/2018 21: 2: 6         180         180         180         180      100000               180    18000000  7119070930    34407993     206.902           1
15/ 7/2018 22: 2:18         190         190         190         190      100000               190    19000000  7138070930    34507993     206.853           1
15/ 7/2018 22: 2:43         180         180         180         180      100000               180    18000000  7156070930    34607993     206.775           1
15/ 7/2018 22: 2:46         190         190         190         190      100000               190    19000000  7175070930    34707993     206.727           1
15/ 7/2018 22: 2:55         180         180         180         180      100000               180    18000000  7193070930    34807993      206.65           1
15/ 7/2018 23: 2:11         190         190         190         190      100000               190    19000000  7212070930    34907993     206.602           1
15/ 7/2018 23: 2:12         180         180         180         180      100000               180    18000000  7230070930    35007993     206.526           1
15/ 7/2018 23: 2:14         190         190         190         190      100000               190    19000000  7249070930    35107993     206.479           1
15/ 7/2018 23: 2:15         180         180         180         180      100000               180    18000000  7267070930    35207993     206.404           1
15/ 7/2018 23: 2:16         190         190         190         190      100000               190    19000000  7286070930    35307993     206.358           1
15/ 7/2018 23: 2:18         180         180         180         180      100000               180    18000000  7304070930    35407993     206.283           1
15/ 7/2018 23: 2:21         190         190         190         190      100000               190    19000000  7323070930    35507993     206.237           1
15/ 7/2018 23: 2:28         180         180         180         180      100000               180    18000000  7341070930    35607993     206.164           1
15/ 7/2018 23: 2:31         190         190         190         190      100000               190    19000000  7360070930    35707993     206.118           1
15/ 7/2018 23: 2:33         180         180         180         180      100000               180    18000000  7378070930    35807993     206.045           1
15/ 7/2018 23: 2:37         190         190         190         190      100000               190    19000000  7397070930    35907993     206.001           1
15/ 7/2018 23: 2:41         180         180         180         180      100000               180    18000000  7415070930    36007993     205.928           1
15/ 7/2018 23: 2:48         190         190         190         190      100000               190    19000000  7434070930    36107993     205.884           1
15/ 7/2018 23: 2:52         180         180         180         180      100000               180    18000000  7452070930    36207993     205.813           1
15/ 7/2018 23: 2:59         190         190         190         190      100000               190    19000000  7471070930    36307993     205.769           1
15/ 7/2018 24: 2: 0         180         180         180         180      100000               180    18000000  7489070930    36407993     205.699           1
15/ 7/2018 24: 2: 2         190         190         190         190      100000               190    19000000  7508070930    36507993     205.656           1
15/ 7/2018 24: 2: 3         180         180         180         180      100000               180    18000000  7526070930    36607993     205.585           1
15/ 7/2018 24: 2:16         190         190         190         190      100000               190    19000000  7545070930    36707993     205.543           1
15/ 7/2018 24: 2:17         180         180         180         180      100000               180    18000000  7563070930    36807993     205.474           1
15/ 7/2018 24: 2:42         190         190         190         190      100000               190    19000000  7582070930    36907993     205.432           1
15/ 7/2018 25: 2: 9         180         180         180         180      100000               180    18000000  7600070930    37007993     205.363           1
15/ 7/2018 25: 2:11         190         190         190         190      100000               190    19000000  7619070930    37107993     205.322           1
15/ 7/2018 25: 2:22         180         180         180         180      100000               180    18000000  7637070930    37207993     205.254           1
15/ 7/2018 25: 2:29         190         190         190         190      100000               190    19000000  7656070930    37307993     205.213           1
15/ 7/2018 25: 2:30         180         180         180         180      100000               180    18000000  7674070930    37407993     205.145           1
15/ 7/2018 25: 2:37         190         190         190         190      100000               190    19000000  7693070930    37507993     205.105           1
15/ 7/2018 25: 2:40         180         180         180         180      100000               180    18000000  7711070930    37607993     205.038           1
15/ 7/2018 25: 2:51         190         190         190         190      100000               190    19000000  7730070930    37707993     204.998           1
15/ 7/2018 25: 2:54         180         180         180         180      100000               180    18000000  7748070930    37807993     204.932           1
15/ 7/2018 25: 2:57         190         190         190         190      100000               190    19000000  7767070930    37907993     204.893           1
15/ 7/2018 25: 2:59         180         180         180         180      100000               180    18000000  7785070930    38007993     204.827           1
15/ 7/2018 26: 2: 3         190         190         190         190      100000               190    19000000  7804070930    38107993     204.788           1
15/ 7/2018 26: 2: 4         180         180         180         180      100000               180    18000000  7822070930    38207993     204.723           1
15/ 7/2018 26: 2: 5         190         190         190         190      100000               190    19000000  7841070930    38307993     204.685           1
15/ 7/2018 26: 2: 6         180         180         180         180      100000               180    18000000  7859070930    38407993     204.621           1
15/ 7/2018 26: 2: 9         190         190         190         190      100000               190    19000000  7878070930    38507993     204.583           1
15/ 7/2018 26: 2:59         180         180         180         180      100000               180    18000000  7896070930    38607993     204.519           1
15/ 7/2018 27: 2: 9         190         190         190         190      100000               190    19000000  7915070930    38707993     204.482           1
15/ 7/2018 27: 2:12         180         180         180         180      100000               180    18000000  7933070930    38807993     204.418           1
15/ 7/2018 27: 2:35         190         190         190         190      100000               190    19000000  7952070930    38907993     204.381           1
15/ 7/2018 27: 2:36         180         180         180         180      100000               180    18000000  7970070930    39007993     204.319           1
15/ 7/2018 28: 2: 2         190         190         190         190      100000               190    19000000  7989070930    39107993     204.282           1
15/ 7/2018 28: 2: 8         180         180         180         180      100000               180    18000000  8007070930    39207993      204.22           1
15/ 7/2018 28: 2:22         190         190         190         190      100000               190    19000000  8026070930    39307993     204.184           1
15/ 7/2018 28: 2:30         180         190         180         190      100000           186.667    18666666  8044737596    39407993      204.14           2
15/ 7/2018 30: 2:22         180         180         180         180      100000               180    18000000  8062737596    39507993     204.079           1
15/ 7/2018 30: 2:59         190         190         190         190      100000               190    19000000  8081737596    39607993     204.043           1
15/ 7/2018 31: 2: 3         180         180         180         180      100000               180    18000000  8099737596    39707993     203.983           1
15/ 7/2018 33: 2:39         190         190         190         190      100000               190    19000000  8118737596    39807993     203.947           1
15/ 7/2018 33: 2:46         180         180         180         180      100000               180    18000000  8136737596    39907993     203.887           1
15/ 7/2018 33: 2:49         190         190         190         190      100000               190    19000000  8155737596    40007993     203.853           1
15/ 7/2018 34: 2: 8         180         180         180         180      100000               180    18000000  8173737596    40107993     203.793           1
15/ 7/2018 34: 2:10         190         190         190         190      100000               190    19000000  8192737596    40207993     203.759           1
15/ 7/2018 35: 2: 4         180         180         180         180      100000               180    18000000  8210737596    40307993       203.7           1
15/ 7/2018 35: 2:20         190         190         190         190      100000               190    19000000  8229737596    40407993     203.666           1
15/ 7/2018 35: 2:21         180         180         180         180      100000               180    18000000  8247737596    40507993     203.608           1
15/ 7/2018 36: 2:11         190         190         190         190      100000               190    19000000  8266737596    40607993     203.574           1
15/ 7/2018 36: 2:12         180         180         180         180      100000               180    18000000  8284737596    40707993     203.516           1
15/ 7/2018 36: 2:14         190         190         190         190      100000               190    19000000  8303737596    40807993     203.483           1
15/ 7/2018 36: 2:26         180         180         180         180      100000               180    18000000  8321737596    40907993     203.426           1
15/ 7/2018 36: 2:38         190         190         190         190      100000               190    19000000  8340737596    41007993     203.393           1
15/ 7/2018 36: 2:47         180         180         180         180      100000               180    18000000  8358737596    41107993     203.336           1
15/ 7/2018 36: 2:48         190         190         190         190      100000               190    19000000  8377737596    41207993     203.304           1
15/ 7/2018 36: 2:49         180         180         180         180      100000               180    18000000  8395737596    41307993     203.247           1
15/ 7/2018 37: 2:13         190         190         190         190      100000               190    19000000  8414737596    41407993     203.215           1
15/ 7/2018 37: 2:14         180         180         180         180      100000               180    18000000  8432737596    41507993     203.159           1
15/ 7/2018 37: 2:22         190         190         190         190      100000               190    19000000  8451737596    41607993     203.128           1
15/ 7/2018 39: 2: 6         180         180         180         180      100000               180    18000000  8469737596    41707993     203.072           1
15/ 7/2018 39: 2: 7         190         190         190         190      100000               190    19000000  8488737596    41807993     203.041           1
15/ 7/2018 39: 2: 9         180         180         180         180      100000               180    18000000  8506737596    41907993     202.986           1
15/ 7/2018 39: 2:10         190         190         190         190      100000               190    19000000  8525737596    42007993     202.955           1
15/ 7/2018 39: 2:12         180         180         180         180      100000               180    18000000  8543737596    42107993     202.901           1
15/ 7/2018 39: 2:17         190         190         190         190      100000               190    19000000  8562737596    42207993      202.87           1
15/ 7/2018 39: 2:18         180         180         180         180      100000               180    18000000  8580737596    42307993     202.816           1
15/ 7/2018 39: 2:19         190         190         190         190      100000               190    19000000  8599737596    42407993     202.786           1
15/ 7/2018 39: 2:22         180         180         180         180      100000               180    18000000  8617737596    42507993     202.732           1
15/ 7/2018 39: 2:23         190         190         190         190      100000               190    19000000  8636737596    42607993     202.702           1
15/ 7/2018 39: 2:26         180         180         180         180      100000               180    18000000  8654737596    42707993     202.649           1
15/ 7/2018 39: 2:27         190         190         190         190      100000               190    19000000  8673737596    42807993      202.62           1
15/ 7/2018 39: 2:30         180         180         180         180      100000               180    18000000  8691737596    42907993     202.567           1
15/ 7/2018 39: 2:36         190         190         190         190      100000               190    19000000  8710737596    43007993     202.538           1
15/ 7/2018 39: 2:37         180         180         180         180      100000               180    18000000  8728737596    43107993     202.485           1
15/ 7/2018 39: 2:39         190         190         190         190      100000               190    19000000  8747737596    43207993     202.456           1
15/ 7/2018 40: 2: 0         180         180         180         180      100000               180    18000000  8765737596    43307993     202.405           1
15/ 7/2018 40: 2: 1         190         190         190         190      100000               190    19000000  8784737596    43407993     202.376           1
15/ 7/2018 41: 2:21         180         180         180         180      100000               180    18000000  8802737596    43507993     202.325           1
15/ 7/2018 41: 2:23         190         190         190         190      100000               190    19000000  8821737596    43607993     202.296           1
15/ 7/2018 41: 2:30         180         180         180         180      100000               180    18000000  8839737596    43707993     202.245           1
15/ 7/2018 42: 2:18         190         190         190         190      100000               190    19000000  8858737596    43807993     202.217           1
15/ 7/2018 42: 2:19         180         180         180         180      100000               180    18000000  8876737596    43907993     202.167           1
15/ 7/2018 42: 2:50         190         190         190         190      100000               190    19000000  8895737596    44007993     202.139           1
15/ 7/2018 42: 2:51         180         180         180         180      100000               180    18000000  8913737596    44107993     202.089           1
15/ 7/2018 43: 2: 7         190         190         190         190      100000               190    19000000  8932737596    44207993     202.062           1
15/ 7/2018 43: 2:18         180         180         180         180      100000               180    18000000  8950737596    44307993     202.012           1
15/ 7/2018 43: 2:28         190         190         190         190      100000               190    19000000  8969737596    44407993     201.985           1
15/ 7/2018 43: 2:31         180         180         180         180      100000               180    18000000  8987737596    44507993     201.935           1
15/ 7/2018 44: 2:59         190         190         190         190      100000               190    19000000  9006737596    44607993     201.909           1
15/ 7/2018 45: 2: 0         180         180         180         180      100000               180    18000000  9024737596    44707993      201.86           1
15/ 7/2018 45: 2: 1         190         190         190         190      100000               190    19000000  9043737596    44807993     201.833           1
15/ 7/2018 45: 2: 3         180         190         180         190      100000           186.667    18666666  9062404262    44907993     201.799           2
15/ 7/2018 45: 2: 5         180         180         180         180      100000               180    18000000  9080404262    45007993     201.751           1
15/ 7/2018 45: 2:12         190         190         190         190      100000               190    19000000  9099404262    45107993     201.725           1
15/ 7/2018 45: 2:15         180         180         180         180      100000               180    18000000  9117404262    45207993     201.677           1
15/ 7/2018 45: 2:32         190         190         190         190      100000               190    19000000  9136404262    45307993     201.651           1
15/ 7/2018 45: 2:45         180         180         180         180      100000               180    18000000  9154404262    45407993     201.603           1
15/ 7/2018 46: 2:15         190         190         190         190      100000               190    19000000  9173404262    45507993     201.578           1
15/ 7/2018 46: 2:16         180         180         180         180      100000               180    18000000  9191404262    45607993     201.531           1
15/ 7/2018 46: 2:22         190         190         190         190      100000               190    19000000  9210404262    45707993     201.505           1
15/ 7/2018 46: 2:24         180         180         180         180      100000               180    18000000  9228404262    45807993     201.458           1
15/ 7/2018 46: 2:25         190         190         190         190      100000               190    19000000  9247404262    45907993     201.433           1
15/ 7/2018 46: 2:26         180         180         180         180      100000               180    18000000  9265404262    46007993     201.387           1
15/ 7/2018 46: 2:34         190         190         190         190      100000               190    19000000  9284404262    46107993     201.362           1
15/ 7/2018 46: 2:37         180         180         180         180      100000               180    18000000  9302404262    46207993     201.316           1
15/ 7/2018 46: 2:49         190         190         190         190      100000               190    19000000  9321404262    46307993     201.291           1
15/ 7/2018 46: 2:51         180         180         180         180      100000               180    18000000  9339404262    46407993     201.246           1
15/ 7/2018 46: 2:52         190         190         190         190      100000               190    19000000  9358404262    46507993     201.221           1
15/ 7/2018 46: 2:53         180         180         180         180      100000               180    18000000  9376404262    46607993     201.176           1
15/ 7/2018 48: 2:50         190         190         190         190      100000               190    19000000  9395404262    46707993     201.152           1
15/ 7/2018 48: 2:51         180         180         180         180      100000               180    18000000  9413404262    46807993     201.107           1
15/ 7/2018 48: 2:55         190         190         190         190      100000               190    19000000  9432404262    46907993     201.083           1
15/ 7/2018 48: 2:56         180         180         180         180      100000               180    18000000  9450404262    47007993     201.038           1
16/ 7/2018  0: 2: 0         170         170         170         170      100000               170    17000000  9467404262    47107993     200.972           1
16/ 7/2018  0: 2: 1         180         180         180         180      100000               180    18000000  9485404262    47207993     200.928           1
16/ 7/2018  7: 2:15         170         170         170         170      100000               170    17000000  9502404262    47307993     200.863           1
16/ 7/2018  7: 2:24         180         180         180         180      100000               180    18000000  9520404262    47407993     200.819           1
16/ 7/2018  7: 2:26         170         170         170         170      100000               170    17000000  9537404262    47507993     200.754           1
16/ 7/2018  7: 2:30         180         180         180         180      100000               180    18000000  9555404262    47607993      200.71           1
16/ 7/2018  7: 2:52         170         170         170         170      100000               170    17000000  9572404262    47707993     200.646           1
16/ 7/2018  7: 2:58         180         180         180         180      100000               180    18000000  9590404262    47807993     200.603           1
16/ 7/2018  7: 2:59         170         170         170         170      100000               170    17000000  9607404262    47907993     200.539           1
16/ 7/2018  8: 2: 9         180         180         180         180      100000               180    18000000  9625404262    48007993     200.496           1
16/ 7/2018  8: 2:10         170         170         170         170      100000               170    17000000  9642404262    48107993     200.432           1
16/ 7/2018  8: 2:14         180         180         180         180      100000               180    18000000  9660404262    48207993      200.39           1
16/ 7/2018  8: 2:15         170         170         170         170      100000               170    17000000  9677404262    48307993     200.327           1
16/ 7/2018  8: 2:20         180         180         180         180      100000               180    18000000  9695404262    48407993     200.285           1
16/ 7/2018  8: 2:21         170         170         170         170      100000               170    17000000  9712404262    48507993     200.223           1
16/ 7/2018  8: 2:30         180         180         180         180      100000               180    18000000  9730404262    48607993     200.181           1
16/ 7/2018  8: 2:31         170         170         170         170      100000               170    17000000  9747404262    48707993     200.119           1
16/ 7/2018  8: 2:32         180         180         180         180      100000               180    18000000  9765404262    48807993     200.078           1
16/ 7/2018  8: 2:34         170         170         170         170      100000               170    17000000  9782404262    48907993     200.016           1
16/ 7/2018  8: 2:35         180         180         180         180      100000               180    18000000  9800404262    49007993     199.976           1
16/ 7/2018  8: 2:39         170         170         170         170      100000               170    17000000  9817404262    49107993     199.915           1
16/ 7/2018  8: 2:40         180         180         180         180      100000               180    18000000  9835404262    49207993     199.874           1
16/ 7/2018  8: 2:46         170         170         170         170      100000               170    17000000  9852404262    49307993     199.814           1
16/ 7/2018  8: 2:49         180         180         180         180      100000               180    18000000  9870404262    49407993     199.773           1
16/ 7/2018  9: 2:10         170         170         170         170      100000               170    17000000  9887404262    49507993     199.713           1
16/ 7/2018  9: 2:28         180         180         180         180      100000               180    18000000  9905404262    49607993     199.674           1
16/ 7/2018  9: 2:29         170         170         170         170      100000               170    17000000  9922404262    49707993     199.614           1
16/ 7/2018  9: 2:57         180         180         180         180      100000               180    18000000  9940404262    49807993     199.574           1
16/ 7/2018 10: 2: 7         170         170         170         170      100000               170    17000000  9957404262    49907993     199.515           1
16/ 7/2018 10: 2:10         180         180         180         180      100000               180    18000000  9975404262    50007993     199.476           1
16/ 7/2018 10: 2:13         170         170         170         170      100000               170    17000000  9992404262    50107993     199.417           1
16/ 7/2018 10: 2:17         180         180         180         180      100000               180    18000000 10010404262    50207993     199.379           1
16/ 7/2018 10: 2:22         170         170         170         170      100000               170    17000000 10027404262    50307993      199.32           1
16/ 7/2018 10: 2:23         180         180         180         180      100000               180    18000000 10045404262    50407993     199.282           1
16/ 7/2018 10: 2:24         170         170         170         170      100000               170    17000000 10062404262    50507993     199.224           1
16/ 7/2018 10: 2:43         180         180         180         180      100000               180    18000000 10080404262    50607993     199.186           1
16/ 7/2018 10: 2:44         170         170         170         170      100000               170    17000000 10097404262    50707993     199.128           1
16/ 7/2018 10: 2:59         180         180         180         180      100000               180    18000000 10115404262    50807993     199.091           1
16/ 7/2018 14: 2:27         170         170         170         170      100000               170    17000000 10132404262    50907993     199.034           1
16/ 7/2018 14: 2:28         180         180         180         180      100000               180    18000000 10150404262    51007993     198.996           1
16/ 7/2018 15: 2: 0         170         170         170         170      100000               170    17000000 10167404262    51107993      198.94           1
16/ 7/2018 15: 2: 1         180         180         180         180      100000               180    18000000 10185404262    51207993     198.903           1
16/ 7/2018 30: 2:40         170         170         170         170       90835               170    15441950 10200846212    51298828     198.851           1
16/ 7/2018 30: 2:42         180         180         180         180       90835               180    16350300 10217196512    51389663     198.818           1
16/ 7/2018 30: 2:56         170         170         170         170       90835               170    15441950 10232638462    51480498     198.767           1
16/ 7/2018 30: 2:58         180         180         180         180       90835               180    16350300 10248988762    51571333     198.734           1
16/ 7/2018 30: 2:59         170         170         170         170       90835               170    15441950 10264430712    51662168     198.684           1
16/ 7/2018 31: 2: 0         180         180         180         180       90835               180    16350300 10280781012    51753003     198.651           1
16/ 7/2018 31: 2: 6         170         170         170         170       90835               170    15441950 10296222962    51843838     198.601           1
16/ 7/2018 31: 2: 7         180         180         180         180       90835               180    16350300 10312573262    51934673     198.568           1
16/ 7/2018 31: 2:13         170         170         170         170       90835               170    15441950 10328015212    52025508     198.518           1
16/ 7/2018 35: 2:24         180         180         180         180       90835               180    16350300 10344365512    52116343     198.486           1
16/ 7/2018 35: 2:26         170         170         170         170       90835               170    15441950 10359807462    52207178     198.436           1
16/ 7/2018 35: 2:34         180         180         180         180       90835               180    16350300 10376157762    52298013     198.404           1
16/ 7/2018 35: 2:36         170         170         170         170       90835               170    15441950 10391599712    52388848     198.355           1
16/ 7/2018 35: 2:49         180         180         180         180       90835               180    16350300 10407950012    52479683     198.323           1
16/ 7/2018 35: 2:52         170         170         170         170       90835               170    15441950 10423391962    52570518     198.274           1
16/ 7/2018 37: 2: 5         180         180         180         180       90835               180    16350300 10439742262    52661353     198.243           1
16/ 7/2018 37: 2: 6         170         170         170         170       90835               170    15441950 10455184212    52752188     198.194           1
16/ 7/2018 37: 2: 9         180         180         180         180       90835               180    16350300 10471534512    52843023     198.163           1
16/ 7/2018 37: 2:10         170         170         170         170       90835               170    15441950 10486976462    52933858     198.115           1
16/ 7/2018 37: 2:52         180         180         180         180       90835               180    16350300 10503326762    53024693     198.084           1
16/ 7/2018 37: 2:54         170         170         170         170       90835               170    15441950 10518768712    53115528     198.036           1
16/ 7/2018 37: 2:58         180         180         180         180       90835               180    16350300 10535119012    53206363     198.005           1
16/ 7/2018 37: 2:59         170         170         170         170       90835               170    15441950 10550560962    53297198     197.957           1
16/ 7/2018 38: 2: 1         180         180         180         180       90835               180    16350300 10566911262    53388033     197.927           1
16/ 7/2018 38: 2: 4         170         170         170         170       90835               170    15441950 10582353212    53478868     197.879           1
16/ 7/2018 38: 2: 8         180         180         180         180       90835               180    16350300 10598703512    53569703     197.849           1
16/ 7/2018 38: 2:12         170         170         170         170       90835               170    15441950 10614145462    53660538     197.802           1
16/ 7/2018 41: 2:22         180         180         180         180       83835               180    15090300 10629235762    53744373     197.774           1
16/ 7/2018 41: 2:23         170         170         170         170       83835               170    14251950 10643487712    53828208     197.731           1
16/ 7/2018 41: 2:43         180         180         180         180       83835               180    15090300 10658578012    53912043     197.703           1
16/ 7/2018 41: 2:45         170         170         170         170       83835               170    14251950 10672829962    53995878      197.66           1
16/ 7/2018 42: 2:48         160         160         160         160        5000               160      800000 10673629962    54000878     197.657           1
16/ 7/2018 42: 2:50         180         180         180         180       83835               180    15090300 10688720262    54084713     197.629           1
16/ 7/2018 42: 2:52         170         170         170         170       83835               170    14251950 10702972212    54168548     197.586           1
16/ 7/2018 42: 2:53         180         180         180         180       83835               180    15090300 10718062512    54252383     197.559           1
16/ 7/2018 42: 2:54         170         170         170         170       83835               170    14251950 10732314462    54336218     197.517           1
16/ 7/2018 42: 2:58         180         180         180         180       83835               180    15090300 10747404762    54420053      197.49           1
16/ 7/2018 43: 2: 4         170         170         170         170       83835               170    14251950 10761656712    54503888     197.448           1
16/ 7/2018 43: 2: 5         180         180         180         180       83835               180    15090300 10776747012    54587723     197.421           1
16/ 7/2018 43: 2: 6         170         170         170         170       83835               170    14251950 10790998962    54671558     197.379           1
16/ 7/2018 43: 2:19         180         180         180         180       83835               180    15090300 10806089262    54755393     197.352           1
16/ 7/2018 43: 2:20         170         170         170         170       83835               170    14251950 10820341212    54839228      197.31           1
16/ 7/2018 43: 2:24         180         180         180         180       83835               180    15090300 10835431512    54923063     197.284           1
16/ 7/2018 43: 2:44         170         170         170         170       83835               170    14251950 10849683462    55006898     197.242           1
16/ 7/2018 44: 2:40         180         180         180         180       83835               180    15090300 10864773762    55090733     197.216           1
16/ 7/2018 44: 2:48         170         170         170         170       83835               170    14251950 10879025712    55174568     197.175           1
16/ 7/2018 45: 2:13         180         180         180         180       83835               180    15090300 10894116012    55258403     197.149           1
16/ 7/2018 45: 2:14         170         170         170         170       83835               170    14251950 10908367962    55342238     197.107           1
16/ 7/2018 45: 2:38         180         180         180         180       83835               180    15090300 10923458262    55426073     197.082           1
16/ 7/2018 47: 2: 5         170         170         170         170       11236               170     1910120 10925368382    55437309     197.076           1
17/ 7/2018 10: 2: 0         170         170         170         170       72599               170    12341830 10937710212    55509908     197.041           1
17/ 7/2018 10: 2: 1         180         180         180         180       72599               180    13067820 10950778032    55582507     197.018           1
17/ 7/2018 15: 2:45         170         170         170         170       72599               170    12341830 10963119862    55655106     196.983           1
17/ 7/2018 15: 2:53         180         180         180         180       72599               180    13067820 10976187682    55727705     196.961           1
17/ 7/2018 15: 2:54         170         170         170         170       72599               170    12341830 10988529512    55800304     196.926           1
17/ 7/2018 15: 2:55         180         180         180         180       72599               180    13067820 11001597332    55872903     196.904           1
17/ 7/2018 15: 2:56         170         170         170         170       72599               170    12341830 11013939162    55945502     196.869           1
17/ 7/2018 15: 2:57         180         180         180         180       72599               180    13067820 11027006982    56018101     196.847           1
17/ 7/2018 15: 2:58         170         170         170         170       72599               170    12341830 11039348812    56090700     196.812           1
17/ 7/2018 16: 2: 5         180         180         180         180       72599               180    13067820 11052416632    56163299     196.791           1
17/ 7/2018 16: 2: 7         170         170         170         170       72599               170    12341830 11064758462    56235898     196.756           1
17/ 7/2018 16: 2:15         180         180         180         180       72599               180    13067820 11077826282    56308497     196.735           1
17/ 7/2018 25: 2:29         170         170         170         170       72599               170    12341830 11090168112    56381096       196.7           1
17/ 7/2018 25: 2:30         180         180         180         180       72599               180    13067820 11103235932    56453695     196.679           1
17/ 7/2018 25: 2:31         170         170         170         170       72599               170    12341830 11115577762    56526294     196.644           1
17/ 7/2018 25: 2:34         180         180         180         180       72599               180    13067820 11128645582    56598893     196.623           1
17/ 7/2018 25: 2:36         170         170         170         170       72599               170    12341830 11140987412    56671492     196.589           1
17/ 7/2018 25: 2:38         180         180         180         180       72599               180    13067820 11154055232    56744091     196.568           1
17/ 7/2018 25: 2:40         170         170         170         170       72599               170    12341830 11166397062    56816690     196.534           1
17/ 7/2018 25: 2:41         180         180         180         180       72599               180    13067820 11179464882    56889289     196.513           1
17/ 7/2018 25: 2:43         170         170         170         170       72599               170    12341830 11191806712    56961888     196.479           1
17/ 7/2018 25: 2:44         180         180         180         180       72599               180    13067820 11204874532    57034487     196.458           1
17/ 7/2018 25: 2:46         170         170         170         170       72599               170    12341830 11217216362    57107086     196.424           1
17/ 7/2018 25: 2:47         180         180         180         180       72599               180    13067820 11230284182    57179685     196.403           1
17/ 7/2018 26: 2: 1         170         170         170         170       72599               170    12341830 11242626012    57252284      196.37           1
17/ 7/2018 26: 2: 5         180         180         180         180       72599               180    13067820 11255693832    57324883     196.349           1
17/ 7/2018 26: 2:31         170         170         170         170       72599               170    12341830 11268035662    57397482     196.316           1
17/ 7/2018 26: 2:32         180         180         180         180       72599               180    13067820 11281103482    57470081     196.295           1
17/ 7/2018 26: 2:41         170         170         170         170       72599               170    12341830 11293445312    57542680     196.262           1
17/ 7/2018 27: 2:34         180         180         180         180       72599               180    13067820 11306513132    57615279     196.242           1
17/ 7/2018 27: 2:35         170         170         170         170       72599               170    12341830 11318854962    57687878     196.209           1
17/ 7/2018 27: 2:48         180         180         180         180       72599               180    13067820 11331922782    57760477     196.188           1
17/ 7/2018 27: 2:49         170         170         170         170       72599               170    12341830 11344264612    57833076     196.155           1
17/ 7/2018 28: 2:13         180         180         180         180       72599               180    13067820 11357332432    57905675     196.135           1
17/ 7/2018 28: 2:14         170         170         170         170       72599               170    12341830 11369674262    57978274     196.102           1
17/ 7/2018 28: 2:21         180         180         180         180       72599               180    13067820 11382742082    58050873     196.082           1
17/ 7/2018 28: 2:22         170         170         170         170       72599               170    12341830 11395083912    58123472      196.05           1
17/ 7/2018 28: 2:24         180         180         180         180       72599               180    13067820 11408151732    58196071      196.03           1
17/ 7/2018 28: 2:28         170         170         170         170       72599               170    12341830 11420493562    58268670     195.997           1
17/ 7/2018 28: 2:31         180         180         180         180       72599               180    13067820 11433561382    58341269     195.977           1
17/ 7/2018 28: 2:33         170         170         170         170       72599               170    12341830 11445903212    58413868     195.945           1
17/ 7/2018 28: 2:39         180         180         180         180       72599               180    13067820 11458971032    58486467     195.925           1
17/ 7/2018 28: 2:42         170         170         170         170       72599               170    12341830 11471312862    58559066     195.893           1
17/ 7/2018 28: 2:44         180         180         180         180       72599               180    13067820 11484380682    58631665     195.873           1
17/ 7/2018 29: 2:34         170         170         170         170       72599               170    12341830 11496722512    58704264     195.841           1
17/ 7/2018 30: 2:29         180         180         180         180       72599               180    13067820 11509790332    58776863     195.822           1
17/ 7/2018 30: 2:30         170         170         170         170       72599               170    12341830 11522132162    58849462      195.79           1
17/ 7/2018 31: 2: 4         180         180         180         180       72599               180    13067820 11535199982    58922061      195.77           1
17/ 7/2018 35: 2: 0         170         170         170         170       72599               170    12341830 11547541812    58994660     195.739           1
17/ 7/2018 35: 2: 1         180         180         180         180       72599               180    13067820 11560609632    59067259     195.719           1
