         Date              Open        High         Low       Close      Volume     Typical Price         V*P    Total VP     Total V        VWAP    Message Count
10/ 7/2018  0: 2:24         270         270         270         270      100000               270    27000000    27000000      100000         270           1
10/ 7/2018  2: 2:42         280         280         280         280      100000               280    28000000    55000000      200000         275           1
10/ 7/2018  2: 2:43         270         270         270         270      100000               270    27000000    82000000      300000     273.333           1
10/ 7/2018  2: 2:44         280         280         280         280      100000               280    28000000   110000000      400000         275           1
10/ 7/2018  2: 2:46         270         270         270         270      100000               270    27000000   137000000      500000         274           1
10/ 7/2018  2: 2:53         280         280         280         280      100000               280    28000000   165000000      600000         275           1
10/ 7/2018  3: 2:17         270         270         270         270      100000               270    27000000   192000000      700000     274.286           1
10/ 7/2018  4: 2:21         280         280         280         280      100000               280    28000000   220000000      800000         275           1
10/ 7/2018  4: 2:22         270         270         270         270      100000               270    27000000   247000000      900000     274.444           1
10/ 7/2018  4: 2:23         280         280         280         280      100000               280    28000000   275000000     1000000         275           1
10/ 7/2018  4: 2:33         270         270         270         270      100000               270    27000000   302000000     1100000     274.545           1
10/ 7/2018  4: 2:34         280         280         280         280      100000               280    28000000   330000000     1200000         275           1
10/ 7/2018  4: 2:35         270         270         270         270      100000               270    27000000   357000000     1300000     274.615           1
10/ 7/2018  5: 2:36         280         280         280         280      100000               280    28000000   385000000     1400000         275           1
10/ 7/2018  5: 2:38         270         270         270         270      100000               270    27000000   412000000     1500000     274.667           1
10/ 7/2018  5: 2:43         280         280         280         280      100000               280    28000000   440000000     1600000         275           1
10/ 7/2018  5: 2:46         270         270         270         270      100000               270    27000000   467000000     1700000     274.706           1
10/ 7/2018  6: 2: 0         280         280         280         280      100000               280    28000000   495000000     1800000         275           1
10/ 7/2018  6: 2: 5         270         270         270         270      100000               270    27000000   522000000     1900000     274.737           1
10/ 7/2018  6: 2:27         280         280         280         280      100000               280    28000000   550000000     2000000         275           1
10/ 7/2018  6: 2:28         270         270         270         270      100000               270    27000000   577000000     2100000     274.762           1
10/ 7/2018  6: 2:31         280         280         280         280      100000               280    28000000   605000000     2200000         275           1
10/ 7/2018  7: 2: 4         270         270         270         270      100000               270    27000000   632000000     2300000     274.783           1
10/ 7/2018  7: 2:12         280         280         280         280      100000               280    28000000   660000000     2400000         275           1
10/ 7/2018  7: 2:14         270         270         270         270      100000               270    27000000   687000000     2500000       274.8           1
10/ 7/2018  7: 2:27         280         280         280         280      100000               280    28000000   715000000     2600000         275           1
10/ 7/2018  7: 2:28         270         270         270         270      100000               270    27000000   742000000     2700000     274.815           1
10/ 7/2018  7: 2:54         280         280         280         280      100000               280    28000000   770000000     2800000         275           1
10/ 7/2018  7: 2:55         270         270         270         270      100000               270    27000000   797000000     2900000     274.828           1
10/ 7/2018  7: 2:58         280         280         280         280      100000               280    28000000   825000000     3000000         275           1
10/ 7/2018  8: 2: 1         270         270         270         270      100000               270    27000000   852000000     3100000     274.839           1
10/ 7/2018  8: 2: 2         280         280         280         280      100000               280    28000000   880000000     3200000         275           1
10/ 7/2018  8: 2: 4         270         270         270         270      100000               270    27000000   907000000     3300000     274.848           1
10/ 7/2018  8: 2:32         280         280         280         280      100000               280    28000000   935000000     3400000         275           1
10/ 7/2018  8: 2:42         270         270         270         270      100000               270    27000000   962000000     3500000     274.857           1
10/ 7/2018  8: 2:43         280         280         280         280      100000               280    28000000   990000000     3600000         275           1
10/ 7/2018  8: 2:44         270         270         270         270      100000               270    27000000  1017000000     3700000     274.865           1
10/ 7/2018  8: 2:45         280         280         280         280      100000               280    28000000  1045000000     3800000         275           1
10/ 7/2018 17: 2:25         270         270         270         270      100000               270    27000000  1072000000     3900000     274.872           1
10/ 7/2018 17: 2:27         280         280         280         280      100000               280    28000000  1100000000     4000000         275           1
10/ 7/2018 17: 2:29         270         270         270         270      100000               270    27000000  1127000000     4100000     274.878           1
10/ 7/2018 17: 2:41         280         280         280         280      100000               280    28000000  1155000000     4200000         275           1
10/ 7/2018 17: 2:42         270         270         270         270      100000               270    27000000  1182000000     4300000     274.884           1
10/ 7/2018 17: 2:43         280         280         280         280      100000               280    28000000  1210000000     4400000         275           1
10/ 7/2018 17: 2:44         270         270         270         270      100000               270    27000000  1237000000     4500000     274.889           1
10/ 7/2018 18: 2: 8         280         280         280         280      100000               280    28000000  1265000000     4600000         275           1
10/ 7/2018 18: 2:28         270         270         270         270      100000               270    27000000  1292000000     4700000     274.894           1
10/ 7/2018 18: 2:31         280         280         280         280      100000               280    28000000  1320000000     4800000         275           1
10/ 7/2018 28: 2: 3         270         270         270         270      100000               270    27000000  1347000000     4900000     274.898           1
10/ 7/2018 28: 2: 4         280         280         280         280      100000               280    28000000  1375000000     5000000         275           1
10/ 7/2018 28: 2:45         270         270         270         270      100000               270    27000000  1402000000     5100000     274.902           1
10/ 7/2018 29: 2: 0         280         280         280         280      100000               280    28000000  1430000000     5200000         275           1
10/ 7/2018 29: 2: 1         270         270         270         270      100000               270    27000000  1457000000     5300000     274.906           1
10/ 7/2018 29: 2:29         280         280         280         280      100000               280    28000000  1485000000     5400000         275           1
10/ 7/2018 31: 2:40         270         270         270         270      100000               270    27000000  1512000000     5500000     274.909           1
10/ 7/2018 31: 2:55         280         280         280         280      100000               280    28000000  1540000000     5600000         275           1
10/ 7/2018 38: 2:52         270         270         270         270      100000               270    27000000  1567000000     5700000     274.912           1
10/ 7/2018 38: 2:58         280         280         280         280      100000               280    28000000  1595000000     5800000         275           1
10/ 7/2018 38: 2:59         270         270         270         270      100000               270    27000000  1622000000     5900000     274.915           1
10/ 7/2018 39: 2: 0         280         280         280         280      100000               280    28000000  1650000000     6000000         275           1
10/ 7/2018 39: 2: 3         270         270         270         270      100000               270    27000000  1677000000     6100000     274.918           1
10/ 7/2018 39: 2:12         280         280         280         280      100000               280    28000000  1705000000     6200000         275           1
10/ 7/2018 39: 2:14         270         270         270         270      100000               270    27000000  1732000000     6300000     274.921           1
10/ 7/2018 39: 2:19         280         280         280         280      100000               280    28000000  1760000000     6400000         275           1
10/ 7/2018 39: 2:20         270         270         270         270      100000               270    27000000  1787000000     6500000     274.923           1
10/ 7/2018 39: 2:28         280         280         280         280      100000               280    28000000  1815000000     6600000         275           1
10/ 7/2018 40: 2:59         270         270         270         270      100000               270    27000000  1842000000     6700000     274.925           1
10/ 7/2018 41: 2: 3         280         280         280         280      100000               280    28000000  1870000000     6800000         275           1
10/ 7/2018 41: 2:26         270         270         270         270      100000               270    27000000  1897000000     6900000     274.928           1
10/ 7/2018 41: 2:41         280         280         280         280      100000               280    28000000  1925000000     7000000         275           1
10/ 7/2018 41: 2:43         270         270         270         270      100000               270    27000000  1952000000     7100000      274.93           1
10/ 7/2018 42: 2: 1         280         280         280         280      100000               280    28000000  1980000000     7200000         275           1
10/ 7/2018 42: 2: 4         270         270         270         270      100000               270    27000000  2007000000     7300000     274.932           1
10/ 7/2018 42: 2: 5         280         280         280         280      100000               280    28000000  2035000000     7400000         275           1
10/ 7/2018 42: 2:17         270         270         270         270      100000               270    27000000  2062000000     7500000     274.933           1
10/ 7/2018 42: 2:18         280         280         280         280      100000               280    28000000  2090000000     7600000         275           1
10/ 7/2018 42: 2:23         270         270         270         270      100000               270    27000000  2117000000     7700000     274.935           1
10/ 7/2018 42: 2:25         280         280         280         280      100000               280    28000000  2145000000     7800000         275           1
10/ 7/2018 42: 2:32         270         270         270         270      100000               270    27000000  2172000000     7900000     274.937           1
10/ 7/2018 42: 2:33         280         280         280         280      100000               280    28000000  2200000000     8000000         275           1
10/ 7/2018 42: 2:36         270         270         270         270      100000               270    27000000  2227000000     8100000     274.938           1
10/ 7/2018 42: 2:50         280         280         280         280      100000               280    28000000  2255000000     8200000         275           1
10/ 7/2018 42: 2:51         270         270         270         270      100000               270    27000000  2282000000     8300000      274.94           1
10/ 7/2018 44: 2:25         280         280         280         280      100000               280    28000000  2310000000     8400000         275           1
10/ 7/2018 44: 2:35         270         270         270         270      100000               270    27000000  2337000000     8500000     274.941           1
10/ 7/2018 44: 2:37         280         280         280         280      100000               280    28000000  2365000000     8600000         275           1
10/ 7/2018 44: 2:40         270         270         270         270      100000               270    27000000  2392000000     8700000     274.943           1
10/ 7/2018 45: 2: 1         280         280         280         280      100000               280    28000000  2420000000     8800000         275           1
10/ 7/2018 45: 2: 7         270         270         270         270      100000               270    27000000  2447000000     8900000     274.944           1
10/ 7/2018 45: 2: 8         280         280         280         280      100000               280    28000000  2475000000     9000000         275           1
10/ 7/2018 45: 2:13         270         270         270         270      100000               270    27000000  2502000000     9100000     274.945           1
10/ 7/2018 46: 2: 0         280         280         280         280      100000               280    28000000  2530000000     9200000         275           1
10/ 7/2018 46: 2: 1         270         270         270         270      100000               270    27000000  2557000000     9300000     274.946           1
10/ 7/2018 46: 2:49         280         280         280         280      100000               280    28000000  2585000000     9400000         275           1
10/ 7/2018 47: 2: 7         270         270         270         270      100000               270    27000000  2612000000     9500000     274.947           1
10/ 7/2018 47: 2: 8         280         280         280         280      100000               280    28000000  2640000000     9600000         275           1
10/ 7/2018 47: 2:32         270         270         270         270      100000               270    27000000  2667000000     9700000     274.948           1
10/ 7/2018 47: 2:33         280         280         280         280      100000               280    28000000  2695000000     9800000         275           1
10/ 7/2018 48: 2:13         270         270         270         270      100000               270    27000000  2722000000     9900000     274.949           1
10/ 7/2018 48: 2:15         280         280         280         280      100000               280    28000000  2750000000    10000000         275           1
10/ 7/2018 48: 2:20         270         270         270         270      100000               270    27000000  2777000000    10100000      274.95           1
10/ 7/2018 48: 2:21         280         280         280         280      100000               280    28000000  2805000000    10200000         275           1
10/ 7/2018 48: 2:24         270         270         270         270      100000               270    27000000  2832000000    10300000     274.951           1
10/ 7/2018 48: 2:25         280         280         280         280      100000               280    28000000  2860000000    10400000         275           1
10/ 7/2018 48: 2:26         270         270         270         270      100000               270    27000000  2887000000    10500000     274.952           1
10/ 7/2018 48: 2:27         280         280         280         280      100000               280    28000000  2915000000    10600000         275           1
10/ 7/2018 48: 2:29         270         270         270         270      100000               270    27000000  2942000000    10700000     274.953           1
10/ 7/2018 48: 2:30         280         280         280         280      100000               280    28000000  2970000000    10800000         275           1
10/ 7/2018 48: 2:31         270         270         270         270      100000               270    27000000  2997000000    10900000     274.954           1
10/ 7/2018 48: 2:32         280         280         280         280      100000               280    28000000  3025000000    11000000         275           1
10/ 7/2018 48: 2:49         270         270         270         270      100000               270    27000000  3052000000    11100000     274.955           1
10/ 7/2018 48: 2:50         280         280         280         280      100000               280    28000000  3080000000    11200000         275           1
10/ 7/2018 49: 2:33         270         270         270         270      100000               270    27000000  3107000000    11300000     274.956           1
10/ 7/2018 49: 2:34         280         280         280         280      100000               280    28000000  3135000000    11400000         275           1
10/ 7/2018 49: 2:47         270         270         270         270      100000               270    27000000  3162000000    11500000     274.957           1
10/ 7/2018 49: 2:48         280         280         280         280      100000               280    28000000  3190000000    11600000         275           1
11/ 7/2018  1: 2:31         270         270         270         270      100000               270    27000000  3217000000    11700000     274.957           1
11/ 7/2018  1: 2:32         280         280         280         280      100000               280    28000000  3245000000    11800000         275           1
11/ 7/2018  2: 2: 8         270         270         270         270      100000               270    27000000  3272000000    11900000     274.958           1
11/ 7/2018  2: 2:18         280         280         280         280      100000               280    28000000  3300000000    12000000         275           1
11/ 7/2018  2: 2:20         270         270         270         270      100000               270    27000000  3327000000    12100000     274.959           1
11/ 7/2018  2: 2:23         280         280         280         280      100000               280    28000000  3355000000    12200000         275           1
11/ 7/2018  2: 2:25         270         270         270         270      100000               270    27000000  3382000000    12300000     274.959           1
11/ 7/2018  2: 2:27         280         280         280         280      100000               280    28000000  3410000000    12400000         275           1
11/ 7/2018  2: 2:29         270         270         270         270      100000               270    27000000  3437000000    12500000      274.96           1
11/ 7/2018  2: 2:30         280         280         280         280      100000               280    28000000  3465000000    12600000         275           1
11/ 7/2018  2: 2:32         270         270         270         270      100000               270    27000000  3492000000    12700000     274.961           1
11/ 7/2018  2: 2:35         280         280         280         280      100000               280    28000000  3520000000    12800000         275           1
11/ 7/2018  2: 2:45         270         270         270         270      100000               270    27000000  3547000000    12900000     274.961           1
11/ 7/2018  2: 2:54         280         280         280         280      100000               280    28000000  3575000000    13000000         275           1
11/ 7/2018  2: 2:55         270         270         270         270      100000               270    27000000  3602000000    13100000     274.962           1
11/ 7/2018  2: 2:58         280         280         280         280      100000               280    28000000  3630000000    13200000         275           1
11/ 7/2018  3: 2: 1         270         270         270         270      100000               270    27000000  3657000000    13300000     274.962           1
11/ 7/2018  3: 2: 2         280         280         280         280      100000               280    28000000  3685000000    13400000         275           1
11/ 7/2018 15: 2: 0         270         270         270         270      100000               270    27000000  3712000000    13500000     274.963           1
11/ 7/2018 15: 2:23         280         280         280         280      100000               280    28000000  3740000000    13600000         275           1
11/ 7/2018 15: 2:24         270         270         270         270      100000               270    27000000  3767000000    13700000     274.964           1
11/ 7/2018 31: 2:39         280         280         270         270      100000           273.333    27333333  3794333333    13800000     274.952           2
11/ 7/2018 33: 2:34         280         280         280         280      100000               280    28000000  3822333333    13900000     274.988           1
11/ 7/2018 33: 2:35         270         270         270         270      100000               270    27000000  3849333333    14000000     274.952           1
11/ 7/2018 33: 2:41         280         280         280         280      100000               280    28000000  3877333333    14100000     274.988           1
11/ 7/2018 33: 2:46         270         270         270         270      100000               270    27000000  3904333333    14200000     274.953           1
11/ 7/2018 33: 2:47         280         280         280         280      100000               280    28000000  3932333333    14300000     274.988           1
11/ 7/2018 33: 2:56         270         270         270         270      100000               270    27000000  3959333333    14400000     274.954           1
11/ 7/2018 33: 2:57         280         280         280         280      100000               280    28000000  3987333333    14500000     274.989           1
11/ 7/2018 34: 2:56         270         270         270         270      100000               270    27000000  4014333333    14600000     274.954           1
11/ 7/2018 34: 2:58         280         280         280         280      100000               280    28000000  4042333333    14700000     274.989           1
11/ 7/2018 35: 2: 4         270         270         270         270      100000               270    27000000  4069333333    14800000     274.955           1
11/ 7/2018 35: 2: 5         280         280         280         280      100000               280    28000000  4097333333    14900000     274.989           1
11/ 7/2018 35: 2: 6         270         270         270         270      100000               270    27000000  4124333333    15000000     274.956           1
11/ 7/2018 35: 2: 7         280         280         280         280      100000               280    28000000  4152333333    15100000     274.989           1
11/ 7/2018 35: 2:24         270         270         270         270      100000               270    27000000  4179333333    15200000     274.956           1
11/ 7/2018 35: 2:29         280         280         280         280      100000               280    28000000  4207333333    15300000     274.989           1
11/ 7/2018 35: 2:32         270         270         270         270      100000               270    27000000  4234333333    15400000     274.957           1
11/ 7/2018 35: 2:33         280         280         280         280      100000               280    28000000  4262333333    15500000     274.989           1
11/ 7/2018 35: 2:34         270         270         270         270      100000               270    27000000  4289333333    15600000     274.957           1
11/ 7/2018 35: 2:35         280         280         280         280      100000               280    28000000  4317333333    15700000     274.989           1
11/ 7/2018 35: 2:40         270         270         270         270      100000               270    27000000  4344333333    15800000     274.958           1
11/ 7/2018 35: 2:56         280         280         280         280      100000               280    28000000  4372333333    15900000      274.99           1
11/ 7/2018 35: 2:58         270         270         270         270      100000               270    27000000  4399333333    16000000     274.958           1
11/ 7/2018 36: 2:20         280         280         280         280      100000               280    28000000  4427333333    16100000      274.99           1
11/ 7/2018 36: 2:21         270         270         270         270      100000               270    27000000  4454333333    16200000     274.959           1
11/ 7/2018 36: 2:22         280         280         280         280      100000               280    28000000  4482333333    16300000      274.99           1
11/ 7/2018 36: 2:24         270         270         270         270      100000               270    27000000  4509333333    16400000     274.959           1
11/ 7/2018 36: 2:27         280         280         280         280      100000               280    28000000  4537333333    16500000      274.99           1
11/ 7/2018 36: 2:29         270         270         270         270      100000               270    27000000  4564333333    16600000      274.96           1
11/ 7/2018 36: 2:57         280         280         280         280      100000               280    28000000  4592333333    16700000      274.99           1
11/ 7/2018 36: 2:59         270         270         270         270      100000               270    27000000  4619333333    16800000      274.96           1
11/ 7/2018 37: 2: 3         280         280         280         280      100000               280    28000000  4647333333    16900000      274.99           1
11/ 7/2018 37: 2: 4         270         270         270         270      100000               270    27000000  4674333333    17000000     274.961           1
11/ 7/2018 37: 2:27         280         280         270         270      100000           273.333    27333333  4701666666    17100000     274.951           2
11/ 7/2018 37: 2:28         280         280         280         280      100000               280    28000000  4729666666    17200000     274.981           1
11/ 7/2018 37: 2:34         270         270         270         270      100000               270    27000000  4756666666    17300000     274.952           1
11/ 7/2018 37: 2:48         280         280         280         280      100000               280    28000000  4784666666    17400000     274.981           1
11/ 7/2018 37: 2:49         270         270         270         270      100000               270    27000000  4811666666    17500000     274.952           1
11/ 7/2018 37: 2:58         280         280         280         280      100000               280    28000000  4839666666    17600000     274.981           1
11/ 7/2018 38: 2:10         270         270         270         270      100000               270    27000000  4866666666    17700000     274.953           1
11/ 7/2018 38: 2:11         280         280         280         280      100000               280    28000000  4894666666    17800000     274.981           1
11/ 7/2018 38: 2:13         270         270         270         270      100000               270    27000000  4921666666    17900000     274.953           1
11/ 7/2018 38: 2:15         280         280         280         280      100000               280    28000000  4949666666    18000000     274.981           1
11/ 7/2018 39: 2: 8         270         270         270         270      100000               270    27000000  4976666666    18100000     274.954           1
11/ 7/2018 39: 2:18         280         280         270         270      100000           273.333    27333333  5003999999    18200000     274.945           2
11/ 7/2018 39: 2:56         280         280         280         280      100000               280    28000000  5031999999    18300000     274.973           1
11/ 7/2018 40: 2: 9         270         270         270         270      100000               270    27000000  5058999999    18400000     274.946           1
11/ 7/2018 40: 2:10         280         280         280         280      100000               280    28000000  5086999999    18500000     274.973           1
11/ 7/2018 40: 2:14         270         270         270         270      100000               270    27000000  5113999999    18600000     274.946           1
11/ 7/2018 40: 2:15         280         280         280         280      100000               280    28000000  5141999999    18700000     274.973           1
11/ 7/2018 40: 2:20         270         270         270         270      100000               270    27000000  5168999999    18800000     274.947           1
11/ 7/2018 40: 2:21         280         280         280         280      100000               280    28000000  5196999999    18900000     274.974           1
11/ 7/2018 40: 2:23         270         270         270         270      100000               270    27000000  5223999999    19000000     274.947           1
11/ 7/2018 40: 2:25         280         280         280         280      100000               280    28000000  5251999999    19100000     274.974           1
11/ 7/2018 40: 2:28         270         270         270         270      100000               270    27000000  5278999999    19200000     274.948           1
11/ 7/2018 40: 2:30         280         280         280         280      100000               280    28000000  5306999999    19300000     274.974           1
11/ 7/2018 40: 2:31         270         270         270         270      100000               270    27000000  5333999999    19400000     274.948           1
11/ 7/2018 40: 2:32         280         280         280         280      100000               280    28000000  5361999999    19500000     274.974           1
11/ 7/2018 40: 2:39         270         270         270         270      100000               270    27000000  5388999999    19600000     274.949           1
11/ 7/2018 40: 2:40         280         280         280         280      100000               280    28000000  5416999999    19700000     274.975           1
11/ 7/2018 41: 2: 1         270         270         270         270      100000               270    27000000  5443999999    19800000     274.949           1
11/ 7/2018 41: 2:14         280         280         280         280      100000               280    28000000  5471999999    19900000     274.975           1
11/ 7/2018 41: 2:15         270         270         270         270      100000               270    27000000  5498999999    20000000      274.95           1
11/ 7/2018 52: 2: 8         280         280         280         280      100000               280    28000000  5526999999    20100000     274.975           1
11/ 7/2018 52: 2:18         270         270         270         270      100000               270    27000000  5553999999    20200000      274.95           1
11/ 7/2018 52: 2:21         280         280         270         270      100000           273.333    27333333  5581333332    20300000     274.943           2
11/ 7/2018 52: 2:22         280         280         280         280      100000               280    28000000  5609333332    20400000     274.967           1
11/ 7/2018 52: 2:30         270         270         270         270      100000               270    27000000  5636333332    20500000     274.943           1
11/ 7/2018 52: 2:31         280         280         280         280      100000               280    28000000  5664333332    20600000     274.968           1
11/ 7/2018 52: 2:32         270         270         270         270      100000               270    27000000  5691333332    20700000     274.944           1
11/ 7/2018 52: 2:34         280         280         280         280      100000               280    28000000  5719333332    20800000     274.968           1
11/ 7/2018 52: 2:42         270         270         270         270      100000               270    27000000  5746333332    20900000     274.944           1
11/ 7/2018 52: 2:43         280         280         280         280      100000               280    28000000  5774333332    21000000     274.968           1
11/ 7/2018 53: 2:25         270         270         270         270      100000               270    27000000  5801333332    21100000     274.945           1
11/ 7/2018 53: 2:26         280         280         280         280      100000               280    28000000  5829333332    21200000     274.969           1
11/ 7/2018 53: 2:32         270         270         270         270      100000               270    27000000  5856333332    21300000     274.945           1
11/ 7/2018 53: 2:33         280         280         280         280      100000               280    28000000  5884333332    21400000     274.969           1
11/ 7/2018 53: 2:46         270         270         270         270      100000               270    27000000  5911333332    21500000     274.946           1
11/ 7/2018 53: 2:47         280         280         280         280      100000               280    28000000  5939333332    21600000     274.969           1
11/ 7/2018 53: 2:48         270         270         270         270      100000               270    27000000  5966333332    21700000     274.946           1
11/ 7/2018 53: 2:49         280         280         280         280      100000               280    28000000  5994333332    21800000     274.969           1
11/ 7/2018 53: 2:54         270         270         270         270      100000               270    27000000  6021333332    21900000     274.947           1
11/ 7/2018 53: 2:56         280         280         280         280      100000               280    28000000  6049333332    22000000      274.97           1
11/ 7/2018 55: 2:47         270         270         270         270      100000               270    27000000  6076333332    22100000     274.947           1
11/ 7/2018 55: 2:48         280         280         280         280      100000               280    28000000  6104333332    22200000      274.97           1
11/ 7/2018 55: 2:50         270         270         270         270      100000               270    27000000  6131333332    22300000     274.948           1
11/ 7/2018 55: 2:51         280         280         280         280      100000               280    28000000  6159333332    22400000      274.97           1
11/ 7/2018 55: 2:59         270         270         270         270      100000               270    27000000  6186333332    22500000     274.948           1
11/ 7/2018 56: 2: 0         280         280         280         280      100000               280    28000000  6214333332    22600000     274.971           1
11/ 7/2018 56: 2: 7         270         270         270         270      100000               270    27000000  6241333332    22700000     274.949           1
11/ 7/2018 56: 2: 8         280         280         280         280      100000               280    28000000  6269333332    22800000     274.971           1
11/ 7/2018 56: 2: 9         270         270         270         270      100000               270    27000000  6296333332    22900000     274.949           1
11/ 7/2018 56: 2:10         280         280         280         280      100000               280    28000000  6324333332    23000000     274.971           1
11/ 7/2018 56: 2:33         270         270         270         270      100000               270    27000000  6351333332    23100000     274.949           1
11/ 7/2018 56: 2:52         280         280         280         280      100000               280    28000000  6379333332    23200000     274.971           1
11/ 7/2018 56: 2:54         270         270         270         270      100000               270    27000000  6406333332    23300000      274.95           1
11/ 7/2018 56: 2:56         280         280         280         280      100000               280    28000000  6434333332    23400000     274.972           1
11/ 7/2018 56: 2:57         270         270         270         270      100000               270    27000000  6461333332    23500000      274.95           1
11/ 7/2018 57: 2: 4         280         280         280         280      100000               280    28000000  6489333332    23600000     274.972           1
11/ 7/2018 57: 2:17         270         270         270         270      100000               270    27000000  6516333332    23700000     274.951           1
11/ 7/2018 57: 2:19         280         280         280         280      100000               280    28000000  6544333332    23800000     274.972           1
11/ 7/2018 57: 2:20         270         270         270         270      100000               270    27000000  6571333332    23900000     274.951           1
11/ 7/2018 57: 2:21         280         280         280         280      100000               280    28000000  6599333332    24000000     274.972           1
11/ 7/2018 57: 2:49         270         270         270         270      100000               270    27000000  6626333332    24100000     274.952           1
11/ 7/2018 57: 2:57         280         280         280         280      100000               280    28000000  6654333332    24200000     274.972           1
11/ 7/2018 57: 2:59         270         270         270         270      100000               270    27000000  6681333332    24300000     274.952           1
11/ 7/2018 58: 2:17         280         280         280         280      100000               280    28000000  6709333332    24400000     274.973           1
11/ 7/2018 58: 2:19         270         270         270         270      100000               270    27000000  6736333332    24500000     274.952           1
11/ 7/2018 59: 2:50         280         280         280         280      100000               280    28000000  6764333332    24600000     274.973           1
12/ 7/2018  0: 2:52         270         270         270         270      100000               270    27000000  6791333332    24700000     274.953           1
12/ 7/2018  0: 2:53         280         280         280         280      100000               280    28000000  6819333332    24800000     274.973           1
12/ 7/2018  0: 2:56         270         280         270         280      100000           276.667    27666666  6846999998    24900000      274.98           2
12/ 7/2018  0: 2:57         270         270         270         270      100000               270    27000000  6873999998    25000000      274.96           1
12/ 7/2018  1: 2:22         280         280         280         280      100000               280    28000000  6901999998    25100000      274.98           1
12/ 7/2018  1: 2:24         270         270         270         270      100000               270    27000000  6928999998    25200000      274.96           1
12/ 7/2018  1: 2:31         280         280         280         280      100000               280    28000000  6956999998    25300000      274.98           1
12/ 7/2018  1: 2:34         270         270         270         270      100000               270    27000000  6983999998    25400000     274.961           1
12/ 7/2018  1: 2:40         280         280         280         280      100000               280    28000000  7011999998    25500000      274.98           1
12/ 7/2018  1: 2:48         270         270         270         270      100000               270    27000000  7038999998    25600000     274.961           1
12/ 7/2018  1: 2:51         280         280         280         280      100000               280    28000000  7066999998    25700000     274.981           1
12/ 7/2018  1: 2:54         270         270         270         270      100000               270    27000000  7093999998    25800000     274.961           1
12/ 7/2018  1: 2:56         280         280         270         270      100000           273.333    27333333  7121333331    25900000     274.955           2
12/ 7/2018  3: 2:32         280         280         280         280      100000               280    28000000  7149333331    26000000     274.974           1
12/ 7/2018  3: 2:59         270         270         270         270      100000               270    27000000  7176333331    26100000     274.955           1
12/ 7/2018  4: 2: 0         280         280         280         280      100000               280    28000000  7204333331    26200000     274.975           1
12/ 7/2018  4: 2:15         270         270         270         270      100000               270    27000000  7231333331    26300000     274.956           1
12/ 7/2018  4: 2:19         280         280         280         280      100000               280    28000000  7259333331    26400000     274.975           1
12/ 7/2018  4: 2:20         270         270         270         270      100000               270    27000000  7286333331    26500000     274.956           1
12/ 7/2018  4: 2:21         280         280         280         280      100000               280    28000000  7314333331    26600000     274.975           1
12/ 7/2018  4: 2:23         270         270         270         270      100000               270    27000000  7341333331    26700000     274.956           1
12/ 7/2018  4: 2:25         280         280         280         280      100000               280    28000000  7369333331    26800000     274.975           1
12/ 7/2018  6: 2:56         270         270         270         270      100000               270    27000000  7396333331    26900000     274.957           1
12/ 7/2018  6: 2:57         280         280         280         280      100000               280    28000000  7424333331    27000000     274.975           1
12/ 7/2018  7: 2: 7         270         270         270         270      100000               270    27000000  7451333331    27100000     274.957           1
12/ 7/2018  7: 2: 8         280         280         280         280      100000               280    28000000  7479333331    27200000     274.975           1
12/ 7/2018  7: 2:11         270         270         270         270      100000               270    27000000  7506333331    27300000     274.957           1
12/ 7/2018  7: 2:12         280         280         280         280      100000               280    28000000  7534333331    27400000     274.976           1
12/ 7/2018  7: 2:22         270         270         270         270      100000               270    27000000  7561333331    27500000     274.958           1
12/ 7/2018  7: 2:23         280         280         280         280      100000               280    28000000  7589333331    27600000     274.976           1
12/ 7/2018  7: 2:26         270         270         270         270      100000               270    27000000  7616333331    27700000     274.958           1
12/ 7/2018  8: 2: 1         280         280         280         280      100000               280    28000000  7644333331    27800000     274.976           1
12/ 7/2018  8: 2: 2         270         270         270         270      100000               270    27000000  7671333331    27900000     274.958           1
12/ 7/2018  8: 2: 7         280         280         280         280      100000               280    28000000  7699333331    28000000     274.976           1
12/ 7/2018  8: 2:13         270         270         270         270      100000               270    27000000  7726333331    28100000     274.958           1
12/ 7/2018  9: 2:11         280         280         280         280      100000               280    28000000  7754333331    28200000     274.976           1
12/ 7/2018  9: 2:21         270         270         270         270      100000               270    27000000  7781333331    28300000     274.959           1
12/ 7/2018  9: 2:22         280         280         280         280      100000               280    28000000  7809333331    28400000     274.977           1
12/ 7/2018  9: 2:23         270         270         270         270      100000               270    27000000  7836333331    28500000     274.959           1
12/ 7/2018  9: 2:57         280         280         280         280      100000               280    28000000  7864333331    28600000     274.977           1
12/ 7/2018  9: 2:58         270         270         270         270      100000               270    27000000  7891333331    28700000     274.959           1
12/ 7/2018 10: 2: 0         280         280         280         280      100000               280    28000000  7919333331    28800000     274.977           1
12/ 7/2018 10: 2: 3         270         270         270         270      100000               270    27000000  7946333331    28900000      274.96           1
12/ 7/2018 10: 2:48         280         280         280         280      100000               280    28000000  7974333331    29000000     274.977           1
12/ 7/2018 10: 2:53         270         270         270         270      100000               270    27000000  8001333331    29100000      274.96           1
12/ 7/2018 10: 2:54         280         280         280         280      100000               280    28000000  8029333331    29200000     274.977           1
12/ 7/2018 11: 2: 2         270         270         270         270      100000               270    27000000  8056333331    29300000      274.96           1
12/ 7/2018 11: 2: 3         280         280         280         280      100000               280    28000000  8084333331    29400000     274.977           1
12/ 7/2018 11: 2:11         270         270         270         270      100000               270    27000000  8111333331    29500000      274.96           1
12/ 7/2018 11: 2:12         280         280         280         280      100000               280    28000000  8139333331    29600000     274.977           1
12/ 7/2018 11: 2:13         270         270         270         270      100000               270    27000000  8166333331    29700000     274.961           1
12/ 7/2018 11: 2:14         280         280         280         280      100000               280    28000000  8194333331    29800000     274.978           1
12/ 7/2018 30: 2:39         270         270         270         270      100000               270    27000000  8221333331    29900000     274.961           1
12/ 7/2018 32: 2:55         280         280         280         280      100000               280    28000000  8249333331    30000000     274.978           1
12/ 7/2018 32: 2:56         270         270         270         270      100000               270    27000000  8276333331    30100000     274.961           1
12/ 7/2018 33: 2: 3         280         280         280         280      100000               280    28000000  8304333331    30200000     274.978           1
12/ 7/2018 33: 2: 7         270         270         270         270      100000               270    27000000  8331333331    30300000     274.961           1
12/ 7/2018 33: 2: 9         280         280         280         280      100000               280    28000000  8359333331    30400000     274.978           1
12/ 7/2018 33: 2:14         270         270         270         270      100000               270    27000000  8386333331    30500000     274.962           1
12/ 7/2018 33: 2:47         280         280         280         280      100000               280    28000000  8414333331    30600000     274.978           1
12/ 7/2018 33: 2:52         270         270         270         270      100000               270    27000000  8441333331    30700000     274.962           1
12/ 7/2018 33: 2:56         280         280         280         280      100000               280    28000000  8469333331    30800000     274.978           1
12/ 7/2018 33: 2:57         270         270         270         270      100000               270    27000000  8496333331    30900000     274.962           1
12/ 7/2018 33: 2:58         280         280         280         280      100000               280    28000000  8524333331    31000000     274.978           1
12/ 7/2018 34: 2: 1         270         270         270         270      100000               270    27000000  8551333331    31100000     274.962           1
12/ 7/2018 34: 2: 2         280         280         280         280      100000               280    28000000  8579333331    31200000     274.979           1
12/ 7/2018 34: 2: 3         270         270         270         270      100000               270    27000000  8606333331    31300000     274.963           1
12/ 7/2018 34: 2: 4         280         280         280         280      100000               280    28000000  8634333331    31400000     274.979           1
12/ 7/2018 34: 2: 5         270         270         270         270      100000               270    27000000  8661333331    31500000     274.963           1
12/ 7/2018 34: 2:33         280         280         280         280      100000               280    28000000  8689333331    31600000     274.979           1
12/ 7/2018 34: 2:43         270         270         270         270      100000               270    27000000  8716333331    31700000     274.963           1
12/ 7/2018 34: 2:59         280         280         280         280      100000               280    28000000  8744333331    31800000     274.979           1
12/ 7/2018 35: 2: 3         270         270         270         270      100000               270    27000000  8771333331    31900000     274.963           1
12/ 7/2018 35: 2: 7         280         280         280         280      100000               280    28000000  8799333331    32000000     274.979           1
12/ 7/2018 35: 2:20         270         270         270         270      100000               270    27000000  8826333331    32100000     274.964           1
12/ 7/2018 35: 2:27         280         280         280         280      100000               280    28000000  8854333331    32200000     274.979           1
12/ 7/2018 35: 2:28         270         270         270         270      100000               270    27000000  8881333331    32300000     274.964           1
12/ 7/2018 35: 2:43         280         280         280         280      100000               280    28000000  8909333331    32400000     274.979           1
12/ 7/2018 35: 2:47         270         270         270         270      100000               270    27000000  8936333331    32500000     274.964           1
12/ 7/2018 35: 2:54         280         280         280         280      100000               280    28000000  8964333331    32600000      274.98           1
12/ 7/2018 36: 2: 2         270         270         270         270      100000               270    27000000  8991333331    32700000     274.964           1
12/ 7/2018 36: 2: 4         280         280         280         280      100000               280    28000000  9019333331    32800000      274.98           1
12/ 7/2018 36: 2:23         270         270         270         270      100000               270    27000000  9046333331    32900000     274.965           1
12/ 7/2018 37: 2:49         280         280         280         280      100000               280    28000000  9074333331    33000000      274.98           1
12/ 7/2018 38: 2:27         270         270         270         270      100000               270    27000000  9101333331    33100000     274.965           1
12/ 7/2018 38: 2:28         280         280         280         280      100000               280    28000000  9129333331    33200000      274.98           1
12/ 7/2018 38: 2:34         270         270         270         270      100000               270    27000000  9156333331    33300000     274.965           1
12/ 7/2018 38: 2:35         280         280         280         280      100000               280    28000000  9184333331    33400000      274.98           1
12/ 7/2018 38: 2:42         270         270         270         270      100000               270    27000000  9211333331    33500000     274.965           1
12/ 7/2018 38: 2:47         280         280         280         280      100000               280    28000000  9239333331    33600000      274.98           1
12/ 7/2018 39: 2:22         270         270         270         270      100000               270    27000000  9266333331    33700000     274.965           1
12/ 7/2018 39: 2:26         280         280         280         280      100000               280    28000000  9294333331    33800000      274.98           1
12/ 7/2018 39: 2:30         270         270         270         270      100000               270    27000000  9321333331    33900000     274.966           1
12/ 7/2018 39: 2:34         280         280         280         280      100000               280    28000000  9349333331    34000000      274.98           1
12/ 7/2018 39: 2:36         270         270         270         270      100000               270    27000000  9376333331    34100000     274.966           1
12/ 7/2018 39: 2:37         280         280         280         280      100000               280    28000000  9404333331    34200000     274.981           1
12/ 7/2018 39: 2:47         270         270         270         270      100000               270    27000000  9431333331    34300000     274.966           1
12/ 7/2018 39: 2:48         280         280         280         280      100000               280    28000000  9459333331    34400000     274.981           1
12/ 7/2018 40: 2:33         270         270         270         270      100000               270    27000000  9486333331    34500000     274.966           1
12/ 7/2018 40: 2:38         280         280         280         280      100000               280    28000000  9514333331    34600000     274.981           1
12/ 7/2018 40: 2:40         270         270         270         270      100000               270    27000000  9541333331    34700000     274.966           1
12/ 7/2018 40: 2:56         280         280         280         280      100000               280    28000000  9569333331    34800000     274.981           1
12/ 7/2018 41: 2: 5         270         270         270         270      100000               270    27000000  9596333331    34900000     274.967           1
12/ 7/2018 41: 2: 8         280         280         270         270      100000           273.333    27333333  9623666664    35000000     274.962           2
12/ 7/2018 41: 2:12         280         280         280         280      100000               280    28000000  9651666664    35100000     274.976           1
12/ 7/2018 41: 2:23         270         270         270         270      100000               270    27000000  9678666664    35200000     274.962           1
12/ 7/2018 41: 2:24         280         280         280         280      100000               280    28000000  9706666664    35300000     274.976           1
12/ 7/2018 41: 2:26         270         270         270         270      100000               270    27000000  9733666664    35400000     274.962           1
12/ 7/2018 41: 2:28         280         280         280         280      100000               280    28000000  9761666664    35500000     274.977           1
12/ 7/2018 41: 2:31         270         270         270         270      100000               270    27000000  9788666664    35600000     274.963           1
12/ 7/2018 43: 2: 1         280         280         280         280      100000               280    28000000  9816666664    35700000     274.977           1
12/ 7/2018 43: 2: 3         270         270         270         270      100000               270    27000000  9843666664    35800000     274.963           1
12/ 7/2018 43: 2:24         280         280         280         280      100000               280    28000000  9871666664    35900000     274.977           1
12/ 7/2018 43: 2:34         270         270         270         270      100000               270    27000000  9898666664    36000000     274.963           1
12/ 7/2018 44: 2:23         280         280         280         280      100000               280    28000000  9926666664    36100000     274.977           1
12/ 7/2018 44: 2:24         270         270         270         270      100000               270    27000000  9953666664    36200000     274.963           1
12/ 7/2018 44: 2:42         280         280         280         280      100000               280    28000000  9981666664    36300000     274.977           1
12/ 7/2018 44: 2:44         270         270         270         270      100000               270    27000000 10008666664    36400000     274.963           1
12/ 7/2018 48: 2: 9         280         280         280         280      100000               280    28000000 10036666664    36500000     274.977           1
12/ 7/2018 48: 2:11         270         270         270         270      100000               270    27000000 10063666664    36600000     274.964           1
12/ 7/2018 48: 2:17         280         280         280         280      100000               280    28000000 10091666664    36700000     274.977           1
12/ 7/2018 49: 2: 2         270         270         270         270      100000               270    27000000 10118666664    36800000     274.964           1
12/ 7/2018 49: 2: 3         280         280         280         280      100000               280    28000000 10146666664    36900000     274.977           1
12/ 7/2018 49: 2: 8         270         270         270         270      100000               270    27000000 10173666664    37000000     274.964           1
12/ 7/2018 49: 2:28         280         280         280         280      100000               280    28000000 10201666664    37100000     274.978           1
12/ 7/2018 49: 2:29         270         270         270         270      100000               270    27000000 10228666664    37200000     274.964           1
12/ 7/2018 49: 2:31         280         280         270         270      100000           273.333    27333333 10255999997    37300000      274.96           2
12/ 7/2018 49: 2:47         280         280         280         280      100000               280    28000000 10283999997    37400000     274.973           1
12/ 7/2018 50: 2:55         270         270         270         270      100000               270    27000000 10310999997    37500000      274.96           1
12/ 7/2018 51: 2: 4         280         280         280         280      100000               280    28000000 10338999997    37600000     274.973           1
12/ 7/2018 51: 2: 9         270         270         270         270      100000               270    27000000 10365999997    37700000      274.96           1
12/ 7/2018 51: 2:20         280         280         280         280      100000               280    28000000 10393999997    37800000     274.974           1
12/ 7/2018 51: 2:39         270         270         270         270      100000               270    27000000 10420999997    37900000      274.96           1
12/ 7/2018 51: 2:41         280         280         280         280      100000               280    28000000 10448999997    38000000     274.974           1
12/ 7/2018 51: 2:51         270         270         270         270      100000               270    27000000 10475999997    38100000     274.961           1
12/ 7/2018 51: 2:53         280         280         270         270      100000           273.333    27333333 10503333330    38200000     274.956           2
12/ 7/2018 51: 2:54         280         280         280         280      100000               280    28000000 10531333330    38300000      274.97           1
12/ 7/2018 52: 2:48         270         270         270         270      100000               270    27000000 10558333330    38400000     274.957           1
12/ 7/2018 52: 2:50         280         280         280         280      100000               280    28000000 10586333330    38500000      274.97           1
12/ 7/2018 52: 2:52         270         270         270         270      100000               270    27000000 10613333330    38600000     274.957           1
12/ 7/2018 52: 2:57         280         280         280         280      100000               280    28000000 10641333330    38700000      274.97           1
12/ 7/2018 53: 2: 4         270         270         270         270      100000               270    27000000 10668333330    38800000     274.957           1
12/ 7/2018 53: 2: 6         280         280         280         280      100000               280    28000000 10696333330    38900000      274.97           1
12/ 7/2018 53: 2: 7         270         270         270         270      100000               270    27000000 10723333330    39000000     274.957           1
12/ 7/2018 53: 2:18         280         280         280         280      100000               280    28000000 10751333330    39100000      274.97           1
12/ 7/2018 53: 2:22         270         270         270         270      100000               270    27000000 10778333330    39200000     274.957           1
12/ 7/2018 53: 2:35         280         280         280         280      100000               280    28000000 10806333330    39300000      274.97           1
12/ 7/2018 54: 2:13         270         270         270         270      100000               270    27000000 10833333330    39400000     274.958           1
12/ 7/2018 54: 2:14         280         280         280         280      100000               280    28000000 10861333330    39500000      274.97           1
12/ 7/2018 54: 2:24         270         270         270         270      100000               270    27000000 10888333330    39600000     274.958           1
12/ 7/2018 54: 2:25         280         280         280         280      100000               280    28000000 10916333330    39700000     274.971           1
12/ 7/2018 54: 2:32         270         270         270         270      100000               270    27000000 10943333330    39800000     274.958           1
12/ 7/2018 54: 2:33         280         280         280         280      100000               280    28000000 10971333330    39900000     274.971           1
12/ 7/2018 54: 2:58         270         270         270         270      100000               270    27000000 10998333330    40000000     274.958           1
12/ 7/2018 54: 2:59         280         280         280         280      100000               280    28000000 11026333330    40100000     274.971           1
12/ 7/2018 55: 2: 1         270         270         270         270      100000               270    27000000 11053333330    40200000     274.959           1
12/ 7/2018 55: 2: 2         280         280         280         280      100000               280    28000000 11081333330    40300000     274.971           1
12/ 7/2018 55: 2: 5         270         270         270         270      100000               270    27000000 11108333330    40400000     274.959           1
12/ 7/2018 55: 2: 6         280         280         280         280      100000               280    28000000 11136333330    40500000     274.971           1
12/ 7/2018 55: 2:11         270         270         270         270      100000               270    27000000 11163333330    40600000     274.959           1
12/ 7/2018 55: 2:12         280         280         280         280      100000               280    28000000 11191333330    40700000     274.971           1
14/ 7/2018  0: 2:31         270         270         270         270      100000               270    27000000 11218333330    40800000     274.959           1
14/ 7/2018 10: 2: 3         280         280         270         270      100000           273.333    27333333 11245666663    40900000     274.955           2
14/ 7/2018 10: 2:11         280         280         280         280      100000               280    28000000 11273666663    41000000     274.967           1
14/ 7/2018 10: 2:13         270         270         270         270      100000               270    27000000 11300666663    41100000     274.955           1
14/ 7/2018 10: 2:45         280         280         280         280      100000               280    28000000 11328666663    41200000     274.968           1
14/ 7/2018 10: 2:46         270         270         270         270      100000               270    27000000 11355666663    41300000     274.956           1
14/ 7/2018 11: 2:21         280         280         270         270      100000           273.333    27333333 11382999996    41400000     274.952           2
14/ 7/2018 11: 2:22         280         280         280         280      100000               280    28000000 11410999996    41500000     274.964           1
14/ 7/2018 11: 2:43         270         270         270         270      100000               270    27000000 11437999996    41600000     274.952           1
14/ 7/2018 11: 2:45         280         280         280         280      100000               280    28000000 11465999996    41700000     274.964           1
14/ 7/2018 11: 2:49         270         270         270         270      100000               270    27000000 11492999996    41800000     274.952           1
14/ 7/2018 11: 2:50         280         280         280         280      100000               280    28000000 11520999996    41900000     274.964           1
14/ 7/2018 13: 2: 4         270         270         270         270      100000               270    27000000 11547999996    42000000     274.952           1
14/ 7/2018 13: 2: 6         280         280         280         280      100000               280    28000000 11575999996    42100000     274.964           1
14/ 7/2018 13: 2: 7         270         270         270         270      100000               270    27000000 11602999996    42200000     274.953           1
14/ 7/2018 13: 2: 8         280         280         280         280      100000               280    28000000 11630999996    42300000     274.965           1
14/ 7/2018 17: 2: 3         270         270         270         270      100000               270    27000000 11657999996    42400000     274.953           1
14/ 7/2018 17: 2: 4         280         280         280         280      100000               280    28000000 11685999996    42500000     274.965           1
14/ 7/2018 18: 2:56         270         270         270         270      100000               270    27000000 11712999996    42600000     274.953           1
14/ 7/2018 18: 2:57         280         280         280         280      100000               280    28000000 11740999996    42700000     274.965           1
14/ 7/2018 19: 2: 7         270         270         270         270      100000               270    27000000 11767999996    42800000     274.953           1
14/ 7/2018 19: 2: 8         280         280         280         280      100000               280    28000000 11795999996    42900000     274.965           1
14/ 7/2018 19: 2:34         270         270         270         270      100000               270    27000000 11822999996    43000000     274.953           1
14/ 7/2018 19: 2:37         280         280         280         280      100000               280    28000000 11850999996    43100000     274.965           1
14/ 7/2018 19: 2:42         270         270         270         270      100000               270    27000000 11877999996    43200000     274.954           1
14/ 7/2018 23: 2:10         280         280         280         280      100000               280    28000000 11905999996    43300000     274.965           1
14/ 7/2018 23: 2:11         270         270         270         270      100000               270    27000000 11932999996    43400000     274.954           1
14/ 7/2018 23: 2:30         280         280         280         280      100000               280    28000000 11960999996    43500000     274.966           1
14/ 7/2018 23: 2:33         270         270         270         270      100000               270    27000000 11987999996    43600000     274.954           1
14/ 7/2018 24: 2: 8         280         280         280         280      100000               280    28000000 12015999996    43700000     274.966           1
14/ 7/2018 24: 2:12         270         270         270         270      100000               270    27000000 12042999996    43800000     274.954           1
14/ 7/2018 25: 2:39         280         280         270         270      100000           273.333    27333333 12070333329    43900000     274.951           2
14/ 7/2018 26: 2: 4         280         280         280         280      100000               280    28000000 12098333329    44000000     274.962           1
14/ 7/2018 26: 2: 6         270         270         270         270      100000               270    27000000 12125333329    44100000     274.951           1
14/ 7/2018 28: 2: 4         280         280         280         280      100000               280    28000000 12153333329    44200000     274.962           1
14/ 7/2018 28: 2: 5         270         270         270         270      100000               270    27000000 12180333329    44300000     274.951           1
14/ 7/2018 30: 2:24         280         280         280         280      100000               280    28000000 12208333329    44400000     274.962           1
14/ 7/2018 30: 2:25         270         270         270         270      100000               270    27000000 12235333329    44500000     274.951           1
14/ 7/2018 31: 2:14         280         280         280         280      100000               280    28000000 12263333329    44600000     274.963           1
14/ 7/2018 31: 2:15         270         270         270         270      100000               270    27000000 12290333329    44700000     274.952           1
15/ 7/2018 34: 2:21         280         280         280         280      100000               280    28000000 12318333329    44800000     274.963           1
15/ 7/2018 34: 2:41         270         270         270         270      100000               270    27000000 12345333329    44900000     274.952           1
15/ 7/2018 34: 2:48         280         280         280         280      100000               280    28000000 12373333329    45000000     274.963           1
15/ 7/2018 36: 2:34         270         270         270         270      100000               270    27000000 12400333329    45100000     274.952           1
15/ 7/2018 36: 2:35         280         280         280         280      100000               280    28000000 12428333329    45200000     274.963           1
15/ 7/2018 36: 2:38         270         270         270         270      100000               270    27000000 12455333329    45300000     274.952           1
15/ 7/2018 39: 2:54         280         280         280         280      100000               280    28000000 12483333329    45400000     274.963           1
15/ 7/2018 40: 2: 9         270         270         270         270      100000               270    27000000 12510333329    45500000     274.952           1
15/ 7/2018 40: 2:10         280         280         280         280      100000               280    28000000 12538333329    45600000     274.963           1
15/ 7/2018 40: 2:14         270         280         270         280      100000           276.667    27666666 12565999995    45700000     274.967           2
15/ 7/2018 40: 2:35         270         270         270         270      100000               270    27000000 12592999995    45800000     274.956           1
15/ 7/2018 40: 2:58         280         280         280         280      100000               280    28000000 12620999995    45900000     274.967           1
15/ 7/2018 40: 2:59         270         270         270         270      100000               270    27000000 12647999995    46000000     274.957           1
15/ 7/2018 41: 2:28         280         280         280         280      100000               280    28000000 12675999995    46100000     274.967           1
15/ 7/2018 41: 2:29         270         270         270         270      100000               270    27000000 12702999995    46200000     274.957           1
15/ 7/2018 58: 2: 9         280         280         280         280      100000               280    28000000 12730999995    46300000     274.968           1
15/ 7/2018 58: 2:19         270         270         270         270      100000               270    27000000 12757999995    46400000     274.957           1
15/ 7/2018 58: 2:23         280         280         280         280      100000               280    28000000 12785999995    46500000     274.968           1
15/ 7/2018 59: 2:32         270         270         270         270      100000               270    27000000 12812999995    46600000     274.957           1
15/ 7/2018 59: 2:34         280         280         280         280      100000               280    28000000 12840999995    46700000     274.968           1
15/ 7/2018 59: 2:42         270         270         270         270      100000               270    27000000 12867999995    46800000     274.957           1
15/ 7/2018 59: 2:43         280         280         280         280      100000               280    28000000 12895999995    46900000     274.968           1
15/ 7/2018 59: 2:50         270         270         270         270      100000               270    27000000 12922999995    47000000     274.957           1
15/ 7/2018 59: 2:51         280         280         280         280      100000               280    28000000 12950999995    47100000     274.968           1
15/ 7/2018 59: 2:57         270         270         270         270      100000               270    27000000 12977999995    47200000     274.958           1
15/ 7/2018 59: 2:59         280         280         280         280      100000               280    28000000 13005999995    47300000     274.968           1
16/ 7/2018  0: 2: 2         270         270         270         270      100000               270    27000000 13032999995    47400000     274.958           1
16/ 7/2018  0: 2:13         280         280         280         280      100000               280    28000000 13060999995    47500000     274.968           1
16/ 7/2018  0: 2:39         270         270         270         270      100000               270    27000000 13087999995    47600000     274.958           1
16/ 7/2018  0: 2:40         280         280         280         280      100000               280    28000000 13115999995    47700000     274.969           1
16/ 7/2018  0: 2:41         270         270         270         270      100000               270    27000000 13142999995    47800000     274.958           1
16/ 7/2018  0: 2:43         280         280         280         280      100000               280    28000000 13170999995    47900000     274.969           1
16/ 7/2018  0: 2:48         270         270         270         270      100000               270    27000000 13197999995    48000000     274.958           1
16/ 7/2018  0: 2:49         280         280         280         280      100000               280    28000000 13225999995    48100000     274.969           1
16/ 7/2018  0: 2:50         270         270         270         270      100000               270    27000000 13252999995    48200000     274.959           1
16/ 7/2018  0: 2:51         280         280         280         280      100000               280    28000000 13280999995    48300000     274.969           1
16/ 7/2018  0: 2:54         270         270         270         270      100000               270    27000000 13307999995    48400000     274.959           1
16/ 7/2018  0: 2:55         280         280         280         280      100000               280    28000000 13335999995    48500000     274.969           1
16/ 7/2018  1: 2:36         270         270         270         270      100000               270    27000000 13362999995    48600000     274.959           1
16/ 7/2018  1: 2:39         280         280         280         280      100000               280    28000000 13390999995    48700000     274.969           1
16/ 7/2018  4: 2:30         270         270         270         270      100000               270    27000000 13417999995    48800000     274.959           1
16/ 7/2018  4: 2:31         280         280         280         280      100000               280    28000000 13445999995    48900000     274.969           1
16/ 7/2018  5: 2:13         270         270         270         270      100000               270    27000000 13472999995    49000000     274.959           1
16/ 7/2018  5: 2:14         280         280         280         280      100000               280    28000000 13500999995    49100000     274.969           1
16/ 7/2018  5: 2:16         270         270         270         270      100000               270    27000000 13527999995    49200000     274.959           1
16/ 7/2018  5: 2:30         280         280         280         280      100000               280    28000000 13555999995    49300000      274.97           1
16/ 7/2018  5: 2:33         270         270         270         270      100000               270    27000000 13582999995    49400000      274.96           1
16/ 7/2018  7: 2:26         280         280         280         280      100000               280    28000000 13610999995    49500000      274.97           1
16/ 7/2018 46: 2: 1         290         290         290         290      100000               290    29000000 13639999995    49600000         275           1
16/ 7/2018 46: 2: 3         280         280         280         280      100000               280    28000000 13667999995    49700000      275.01           1
16/ 7/2018 46: 2: 5         290         290         290         290      100000               290    29000000 13696999995    49800000      275.04           1
16/ 7/2018 46: 2: 6         280         280         280         280      100000               280    28000000 13724999995    49900000      275.05           1
16/ 7/2018 46: 2: 7         290         290         290         290      100000               290    29000000 13753999995    50000000      275.08           1
16/ 7/2018 46: 2:14         280         280         280         280      100000               280    28000000 13781999995    50100000      275.09           1
16/ 7/2018 46: 2:15         290         290         290         290      100000               290    29000000 13810999995    50200000      275.12           1
16/ 7/2018 46: 2:16         280         280         280         280      100000               280    28000000 13838999995    50300000     275.129           1
16/ 7/2018 46: 2:17         290         290         290         290      100000               290    29000000 13867999995    50400000     275.159           1
16/ 7/2018 46: 2:19         280         280         280         280      100000               280    28000000 13895999995    50500000     275.168           1
16/ 7/2018 46: 2:34         290         290         290         290      100000               290    29000000 13924999995    50600000     275.198           1
16/ 7/2018 46: 2:35         280         280         280         280      100000               280    28000000 13952999995    50700000     275.207           1
16/ 7/2018 46: 2:36         290         290         290         290      100000               290    29000000 13981999995    50800000     275.236           1
16/ 7/2018 46: 2:41         280         280         280         280      100000               280    28000000 14009999995    50900000     275.246           1
17/ 7/2018  0: 2:11         290         290         290         290      100000               290    29000000 14038999995    51000000     275.275           1
17/ 7/2018  0: 2:12         280         280         280         280      100000               280    28000000 14066999995    51100000     275.284           1
17/ 7/2018  0: 2:14         290         290         290         290      100000               290    29000000 14095999995    51200000     275.312           1
17/ 7/2018  0: 2:20         280         280         280         280      100000               280    28000000 14123999995    51300000     275.322           1
17/ 7/2018 41: 2:42         290         290         290         290      100000               290    29000000 14152999995    51400000      275.35           1
17/ 7/2018 41: 2:59         280         280         280         280      100000               280    28000000 14180999995    51500000     275.359           1
17/ 7/2018 42: 2: 1         290         290         290         290      100000               290    29000000 14209999995    51600000     275.388           1
17/ 7/2018 42: 2:12         280         280         280         280      100000               280    28000000 14237999995    51700000     275.397           1
17/ 7/2018 43: 2:10         290         290         290         290      100000               290    29000000 14266999995    51800000     275.425           1
17/ 7/2018 43: 2:12         280         280         280         280      100000               280    28000000 14294999995    51900000     275.434           1
17/ 7/2018 43: 2:15         290         290         290         290      100000               290    29000000 14323999995    52000000     275.462           1
17/ 7/2018 43: 2:36         280         280         280         280      100000               280    28000000 14351999995    52100000      275.47           1
17/ 7/2018 43: 2:38         290         290         290         290      100000               290    29000000 14380999995    52200000     275.498           1
17/ 7/2018 43: 2:44         280         280         280         280      100000               280    28000000 14408999995    52300000     275.507           1
17/ 7/2018 45: 2:25         290         290         290         290      100000               290    29000000 14437999995    52400000     275.534           1
17/ 7/2018 45: 2:44         280         280         280         280      100000               280    28000000 14465999995    52500000     275.543           1
17/ 7/2018 45: 2:48         290         290         290         290      100000               290    29000000 14494999995    52600000      275.57           1
17/ 7/2018 45: 2:52         280         280         280         280      100000               280    28000000 14522999995    52700000     275.579           1
17/ 7/2018 46: 2:36         290         290         290         290      100000               290    29000000 14551999995    52800000     275.606           1
17/ 7/2018 46: 2:53         280         280         280         280      100000               280    28000000 14579999995    52900000     275.614           1
17/ 7/2018 47: 2: 6         290         290         290         290      100000               290    29000000 14608999995    53000000     275.642           1
17/ 7/2018 47: 2: 7         280         280         280         280      100000               280    28000000 14636999995    53100000      275.65           1
17/ 7/2018 47: 2: 9         290         290         290         290      100000               290    29000000 14665999995    53200000     275.677           1
17/ 7/2018 47: 2:22         280         280         280         280      100000               280    28000000 14693999995    53300000     275.685           1
17/ 7/2018 47: 2:27         290         290         290         290      100000               290    29000000 14722999995    53400000     275.712           1
17/ 7/2018 48: 2:41         280         280         280         280      100000               280    28000000 14750999995    53500000      275.72           1
17/ 7/2018 48: 2:49         290         290         290         290      100000               290    29000000 14779999995    53600000     275.746           1
17/ 7/2018 48: 2:50         280         280         280         280      100000               280    28000000 14807999995    53700000     275.754           1
17/ 7/2018 48: 2:51         290         290         290         290      100000               290    29000000 14836999995    53800000     275.781           1
17/ 7/2018 48: 2:54         280         280         280         280      100000               280    28000000 14864999995    53900000     275.788           1
17/ 7/2018 49: 2: 3         290         290         290         290      100000               290    29000000 14893999995    54000000     275.815           1
17/ 7/2018 49: 2: 5         280         280         280         280      100000               280    28000000 14921999995    54100000     275.823           1
17/ 7/2018 49: 2:11         290         290         290         290      100000               290    29000000 14950999995    54200000     275.849           1
17/ 7/2018 49: 2:13         280         280         280         280      100000               280    28000000 14978999995    54300000     275.856           1
17/ 7/2018 49: 2:15         290         290         290         290      100000               290    29000000 15007999995    54400000     275.882           1
17/ 7/2018 49: 2:17         280         280         280         280      100000               280    28000000 15035999995    54500000      275.89           1
17/ 7/2018 50: 2:28         290         290         290         290      100000               290    29000000 15064999995    54600000     275.916           1
17/ 7/2018 50: 2:35         280         280         280         280      100000               280    28000000 15092999995    54700000     275.923           1
17/ 7/2018 50: 2:41         290         290         290         290      100000               290    29000000 15121999995    54800000     275.949           1
17/ 7/2018 50: 2:45         280         280         280         280      100000               280    28000000 15149999995    54900000     275.956           1
17/ 7/2018 50: 2:47         290         290         290         290      100000               290    29000000 15178999995    55000000     275.982           1
17/ 7/2018 51: 2: 2         280         280         280         280      100000               280    28000000 15206999995    55100000     275.989           1
