         Date              Open        High         Low       Close      Volume    Typical Price         V*P    Total VP     Total V            VWAP
 2/ 7/2018 10: 0: 3         480         480         480         480      100000              480    48000000    48000000      100000              480
 2/ 7/2018 10: 5:17         470         470         470         470         821              470      385870    48385870      100821          479.919
 2/ 7/2018 10: 8: 9         550         550         550         550        1000              550      550000    48935870      101821          480.607
 2/ 7/2018 10: 8:36         470         470         470         470        1000              470      470000    49405870      102821          480.504
 2/ 7/2018 10: 8:46         460         460         460         460       15000              460     6900000    56305870      117821          477.893
 2/ 7/2018 10: 9:28         520         520         520         520        1000              520      520000    56825870      118821          478.248
 2/ 7/2018 10: 9:57         460         460         460         460        2500              460     1150000    57975870      121321          477.872
 2/ 7/2018 10:13: 0         470         470         470         470      100000              470    47000000   104975870      221321          474.315
 2/ 7/2018 10:13:13         480         480         480         480      100000              480    48000000   152975870      321321          476.084
 2/ 7/2018 10:13:14         470         470         470         470      100000              470    47000000   199975870      421321           474.64
 2/ 7/2018 10:13:16         480         480         480         480      100000              480    48000000   247975870      521321          475.668
 2/ 7/2018 10:13:17         470         470         470         470      100000              470    47000000   294975870      621321          474.756
 2/ 7/2018 10:13:21         480         480         480         480      100000              480    48000000   342975870      721321          475.483
 2/ 7/2018 10:13:22         470         470         470         470      100000              470    47000000   389975870      821321          474.815
 2/ 7/2018 10:13:39         480         480         480         480      100000              480    48000000   437975870      921321          475.378
 2/ 7/2018 10:13:40         470         470         470         470      100000              470    47000000   484975870     1021321          474.852
 2/ 7/2018 10:27:54         470         470         470         470      100000              470    47000000   531975870     1121321          474.419
 2/ 7/2018 10:28: 1         480         480         480         480      100000              480    48000000   579975870     1221321          474.876
 2/ 7/2018 10:28: 2         470         470         470         470      100000              470    47000000   626975870     1321321          474.507
 2/ 7/2018 10:29:17         480         480         480         480      100000              480    48000000   674975870     1421321          474.893
 2/ 7/2018 10:29:18         470         470         470         470      100000              470    47000000   721975870     1521321          474.572
 2/ 7/2018 10:29:19         480         480         480         480      100000              480    48000000   769975870     1621321          474.906
 2/ 7/2018 10:29:26         470         470         470         470      100000              470    47000000   816975870     1721321          474.621
 2/ 7/2018 10:29:27         480         480         480         480      100000              480    48000000   864975870     1821321          474.917
 2/ 7/2018 10:29:28         480         480         480         480      100000              480    48000000   912975870     1921321          475.181
 2/ 7/2018 10:29:29         470         470         470         470      100000              470    47000000   959975870     2021321          474.925
 2/ 7/2018 10:29:30         480         480         480         480      100000              480    48000000  1007975870     2121321          475.164
 2/ 7/2018 10:30: 2         460         460         460         460        2250              460     1035000  1009010870     2123571          475.148
 2/ 7/2018 10:31:11         470         470         470         470      100000              470    47000000  1056010870     2223571          474.917
 2/ 7/2018 10:31:58         480         480         480         480      100000              480    48000000  1104010870     2323571          475.135
 2/ 7/2018 10:32:15         470         470         470         470      100000              470    47000000  1151010870     2423571          474.924
 2/ 7/2018 10:32:16         480         480         480         480      100000              480    48000000  1199010870     2523571          475.125
 2/ 7/2018 10:32:25         470         470         470         470      100000              470    47000000  1246010870     2623571          474.929
 2/ 7/2018 10:32:30         480         480         480         480      100000              480    48000000  1294010870     2723571          475.116
 2/ 7/2018 10:32:31         470         470         470         470      100000              470    47000000  1341010870     2823571          474.934
 2/ 7/2018 10:32:32         470         470         470         470      100000              470    47000000  1388010870     2923571          474.766
 2/ 7/2018 10:32:33         480         480         480         480      100000              480    48000000  1436010870     3023571          474.939
 2/ 7/2018 10:32:34         470         470         470         470      100000              470    47000000  1483010870     3123571          474.781
 2/ 7/2018 10:32:35         480         480         480         480      100000              480    48000000  1531010870     3223571          474.943
 2/ 7/2018 10:32:43         470         470         470         470      100000              470    47000000  1578010870     3323571          474.794
 2/ 7/2018 10:32:44         480         480         480         480      100000              480    48000000  1626010870     3423571          474.946
 2/ 7/2018 10:32:49         470         470         470         470      100000              470    47000000  1673010870     3523571          474.805
 2/ 7/2018 10:34:40         500         500         500         500        2000              500     1000000  1674010870     3525571           474.82
 2/ 7/2018 10:38: 6         480         480         480         480      100000              480    48000000  1722010870     3625571          474.963
 2/ 7/2018 10:38: 9         470         470         470         470      100000              470    47000000  1769010870     3725571          474.829
 2/ 7/2018 10:38:11         480         480         480         480      100000              480    48000000  1817010870     3825571          474.965
 2/ 7/2018 10:38:15         470         470         470         470      100000              470    47000000  1864010870     3925571          474.838
 2/ 7/2018 10:38:16         480         480         480         480      100000              480    48000000  1912010870     4025571          474.966
 2/ 7/2018 10:38:18         470         470         470         470      100000              470    47000000  1959010870     4125571          474.846
 2/ 7/2018 10:38:19         480         480         480         480      100000              480    48000000  2007010870     4225571          474.968
 2/ 7/2018 10:38:20         470         470         470         470      100000              470    47000000  2054010870     4325571          474.853
 2/ 7/2018 10:38:21         480         480         480         480      100000              480    48000000  2102010870     4425571          474.969
 2/ 7/2018 10:38:22         470         470         470         470      100000              470    47000000  2149010870     4525571           474.86
 2/ 7/2018 10:38:23         480         480         480         480      100000              480    48000000  2197010870     4625571          474.971
 2/ 7/2018 10:38:24         470         470         470         470      100000              470    47000000  2244010870     4725571          474.866
 2/ 7/2018 10:38:25         480         480         480         480      100000              480    48000000  2292010870     4825571          474.972
 2/ 7/2018 10:38:28         470         470         470         470      100000              470    47000000  2339010870     4925571          474.871
 2/ 7/2018 10:38:29         480         480         480         480      100000              480    48000000  2387010870     5025571          474.973
 2/ 7/2018 10:38:30         470         470         470         470      100000              470    47000000  2434010870     5125571          474.876
 2/ 7/2018 10:38:31         470         470         470         470      100000              470    47000000  2481010870     5225571          474.783
 2/ 7/2018 10:38:32         480         480         480         480      100000              480    48000000  2529010870     5325571          474.881
 2/ 7/2018 10:38:46         470         470         470         470      100000              470    47000000  2576010870     5425571          474.791
 2/ 7/2018 10:38:47         480         480         480         480      100000              480    48000000  2624010870     5525571          474.885
 2/ 7/2018 10:38:50         470         470         470         470      100000              470    47000000  2671010870     5625571          474.798
 2/ 7/2018 10:38:51         480         480         480         480      100000              480    48000000  2719010870     5725571          474.889
 2/ 7/2018 10:38:52         480         480         480         480      100000              480    48000000  2767010870     5825571          474.977
 2/ 7/2018 10:39:24         470         470         470         470      100000              470    47000000  2814010870     5925571          474.893
 2/ 7/2018 10:39:25         480         480         480         480      100000              480    48000000  2862010870     6025571          474.978
 2/ 7/2018 10:39:26         470         470         470         470      100000              470    47000000  2909010870     6125571          474.896
 2/ 7/2018 10:39:39         460         460         460         460         200              460       92000  2909102870     6125771          474.896
 2/ 7/2018 10:41:56         480         480         480         480      100000              480    48000000  2957102870     6225771          474.978
 2/ 7/2018 10:42: 6         470         470         470         470      100000              470    47000000  3004102870     6325771          474.899
 2/ 7/2018 10:43:17         480         480         480         480      100000              480    48000000  3052102870     6425771          474.978
 2/ 7/2018 10:43:18         470         470         470         470      100000              470    47000000  3099102870     6525771          474.902
 2/ 7/2018 10:43:33         480         480         480         480      100000              480    48000000  3147102870     6625771          474.979
 2/ 7/2018 10:43:34         470         470         470         470      100000              470    47000000  3194102870     6725771          474.905
 2/ 7/2018 10:43:40         480         480         480         480      100000              480    48000000  3242102870     6825771           474.98
 2/ 7/2018 10:43:41         470         470         470         470      100000              470    47000000  3289102870     6925771          474.908
 2/ 7/2018 10:43:43         480         480         480         480      100000              480    48000000  3337102870     7025771           474.98
 2/ 7/2018 10:43:44         470         470         470         470      100000              470    47000000  3384102870     7125771           474.91
 2/ 7/2018 10:43:45         470         470         470         470      100000              470    47000000  3431102870     7225771          474.842
 2/ 7/2018 10:43:47         480         480         480         480      100000              480    48000000  3479102870     7325771          474.913
 2/ 7/2018 10:43:48         470         470         470         470      100000              470    47000000  3526102870     7425771          474.847
 2/ 7/2018 10:43:49         470         470         470         470      100000              470    47000000  3573102870     7525771          474.782
 2/ 7/2018 10:43:58         480         480         480         480      100000              480    48000000  3621102870     7625771          474.851
 2/ 7/2018 10:44: 1         470         470         470         470      100000              470    47000000  3668102870     7725771          474.788
 2/ 7/2018 10:44: 3         480         480         480         480      100000              480    48000000  3716102870     7825771          474.855
 2/ 7/2018 10:44:13         470         470         470         470      100000              470    47000000  3763102870     7925771          474.793
 2/ 7/2018 10:44:14         480         480         480         480      100000              480    48000000  3811102870     8025771          474.858
 2/ 7/2018 10:44:15         470         470         470         470      100000              470    47000000  3858102870     8125771          474.798
 2/ 7/2018 10:44:16         480         480         480         480      100000              480    48000000  3906102870     8225771          474.862
 2/ 7/2018 10:44:17         480         480         480         480      100000              480    48000000  3954102870     8325771          474.923
 2/ 7/2018 10:44:18         470         470         470         470      100000              470    47000000  4001102870     8425771          474.865
 2/ 7/2018 10:44:19         480         480         480         480      100000              480    48000000  4049102870     8525771          474.925
 2/ 7/2018 10:44:20         480         480         480         480      100000              480    48000000  4097102870     8625771          474.984
 2/ 7/2018 10:44:24         470         470         470         470      100000              470    47000000  4144102870     8725771          474.927
 2/ 7/2018 10:44:25         480         480         480         480      100000              480    48000000  4192102870     8825771          474.984
 2/ 7/2018 10:44:27         470         470         470         470      100000              470    47000000  4239102870     8925771          474.928
 2/ 7/2018 10:44:28         480         480         480         480      100000              480    48000000  4287102870     9025771          474.985
 2/ 7/2018 10:44:29         470         470         470         470      100000              470    47000000  4334102870     9125771           474.93
 2/ 7/2018 10:44:30         480         480         480         480      100000              480    48000000  4382102870     9225771          474.985
 2/ 7/2018 10:44:31         480         480         480         480      100000              480    48000000  4430102870     9325771          475.039
 2/ 7/2018 10:44:32         470         470         470         470      100000              470    47000000  4477102870     9425771          474.985
 2/ 7/2018 10:44:34         480         480         480         480      100000              480    48000000  4525102870     9525771          475.038
 2/ 7/2018 10:44:35         470         470         470         470      100000              470    47000000  4572102870     9625771          474.986
 2/ 7/2018 10:44:39         480         480         480         480      100000              480    48000000  4620102870     9725771          475.037
 2/ 7/2018 10:44:40         470         470         470         470      100000              470    47000000  4667102870     9825771          474.986
 2/ 7/2018 10:49:52         480         480         480         480      100000              480    48000000  4715102870     9925771          475.036
 2/ 7/2018 10:49:53         470         470         470         470      100000              470    47000000  4762102870    10025771          474.986
 2/ 7/2018 10:49:54         470         470         470         470      100000              470    47000000  4809102870    10125771          474.937
 2/ 7/2018 10:49:55         480         480         480         480      100000              480    48000000  4857102870    10225771          474.986
 2/ 7/2018 10:49:56         470         470         470         470      100000              470    47000000  4904102870    10325771          474.938
 2/ 7/2018 10:49:57         470         470         470         470      100000              470    47000000  4951102870    10425771          474.891
 2/ 7/2018 10:55: 1         460         460         460         460       82300              460    37858000  4988960870    10508071          474.774
 2/ 7/2018 10:55:13         450         450         450         450        2500              450     1125000  4990085870    10510571          474.768
 2/ 7/2018 10:56: 6         470         470         470         470      100000              470    47000000  5037085870    10610571          474.723
 2/ 7/2018 10:57:41         460         460         460         460      100000              460    46000000  5083085870    10710571          474.586
 2/ 7/2018 10:58: 1         470         470         470         470      100000              470    47000000  5130085870    10810571          474.543
 2/ 7/2018 10:58:21         460         460         460         460      100000              460    46000000  5176085870    10910571           474.41
 2/ 7/2018 10:58:43         470         470         470         470      100000              470    47000000  5223085870    11010571           474.37
 2/ 7/2018 10:59:12         460         460         460         460      100000              460    46000000  5269085870    11110571          474.241
 2/ 7/2018 10:59:22         470         470         470         470      100000              470    47000000  5316085870    11210571          474.203
 2/ 7/2018 10:59:23         460         460         460         460      100000              460    46000000  5362085870    11310571          474.077
 2/ 7/2018 10:59:24         470         470         470         470      100000              470    47000000  5409085870    11410571          474.042
 2/ 7/2018 11: 9: 6         450         450         450         450         925              450      416250  5409502120    11411496           474.04
 2/ 7/2018 11: 9:41         460         460         460         460         925              460      425500  5409927620    11412421          474.039
 2/ 7/2018 11:10:42         480         480         480         480      100000              480    48000000  5457927620    11512421           474.09
 2/ 7/2018 11:10:43         470         470         470         470      100000              470    47000000  5504927620    11612421          474.055
 2/ 7/2018 11:11:55         480         480         480         480      100000              480    48000000  5552927620    11712421          474.106
 2/ 7/2018 11:33:29         470         470         470         470      100000              470    47000000  5599927620    11812421          474.071
 2/ 7/2018 11:33:30         480         480         480         480      100000              480    48000000  5647927620    11912421          474.121
 2/ 7/2018 11:33:32         470         470         470         470      100000              470    47000000  5694927620    12012421          474.087
 2/ 7/2018 11:33:33         480         480         480         480      100000              480    48000000  5742927620    12112421          474.135
 2/ 7/2018 11:33:34         470         470         470         470      100000              470    47000000  5789927620    12212421          474.102
 2/ 7/2018 11:33:35         480         480         480         480      100000              480    48000000  5837927620    12312421          474.149
 2/ 7/2018 11:33:36         470         470         470         470      100000              470    47000000  5884927620    12412421          474.116
 2/ 7/2018 11:45:37         460         460         460         460        1000              460      460000  5885387620    12413421          474.115
 2/ 7/2018 11:46: 7         450         450         450         450        1000              450      450000  5885837620    12414421          474.113
 2/ 7/2018 11:56:16         460         460         460         460        1000              460      460000  5886297620    12415421          474.112
 2/ 7/2018 12: 0:24         470         470         470         470       15000              470     7050000  5893347620    12430421          474.107
 2/ 7/2018 12: 2:33         480         480         480         480      100000              480    48000000  5941347620    12530421          474.154
 2/ 7/2018 12: 2:40         470         470         470         470      100000              470    47000000  5988347620    12630421          474.121
 2/ 7/2018 12: 2:41         480         480         480         480      100000              480    48000000  6036347620    12730421          474.167
 2/ 7/2018 12: 2:47         470         470         470         470      100000              470    47000000  6083347620    12830421          474.135
 2/ 7/2018 12: 3: 2         480         480         480         480      100000              480    48000000  6131347620    12930421           474.18
 2/ 7/2018 12: 3: 3         470         470         470         470      100000              470    47000000  6178347620    13030421          474.148
 2/ 7/2018 12: 3: 8         480         480         480         480      100000              480    48000000  6226347620    13130421          474.193
 2/ 7/2018 12: 3:25         470         470         470         470      100000              470    47000000  6273347620    13230421          474.161
 2/ 7/2018 12: 8:31         480         480         480         480      100000              480    48000000  6321347620    13330421          474.205
 2/ 7/2018 12: 9:10         470         470         470         470      100000              470    47000000  6368347620    13430421          474.173
 2/ 7/2018 12:30:43         480         480         480         480      100000              480    48000000  6416347620    13530421          474.216
 2/ 7/2018 12:31:29         470         470         470         470      100000              470    47000000  6463347620    13630421          474.185
 2/ 7/2018 12:31:30         480         480         480         480      100000              480    48000000  6511347620    13730421          474.228
 2/ 7/2018 12:31:49         470         470         470         470      100000              470    47000000  6558347620    13830421          474.197
 2/ 7/2018 12:31:50         480         480         480         480      100000              480    48000000  6606347620    13930421          474.239
 2/ 7/2018 12:31:51         480         480         480         480      100000              480    48000000  6654347620    14030421           474.28
 2/ 7/2018 12:31:52         470         470         470         470      100000              470    47000000  6701347620    14130421           474.25
 2/ 7/2018 12:31:53         480         480         480         480      100000              480    48000000  6749347620    14230421           474.29
 2/ 7/2018 12:31:54         480         480         480         480      100000              480    48000000  6797347620    14330421           474.33
 2/ 7/2018 12:31:55         470         470         470         470      100000              470    47000000  6844347620    14430421            474.3
 2/ 7/2018 12:31:56         480         480         480         480      100000              480    48000000  6892347620    14530421          474.339
 2/ 7/2018 12:31:59         470         470         470         470      100000              470    47000000  6939347620    14630421          474.309
 2/ 7/2018 12:32: 0         470         470         470         470      100000              470    47000000  6986347620    14730421           474.28
 2/ 7/2018 12:32: 1         470         470         470         470      100000              470    47000000  7033347620    14830421          474.251
 2/ 7/2018 12:32: 5         480         480         480         480      100000              480    48000000  7081347620    14930421           474.29
 2/ 7/2018 12:32: 6         470         470         470         470      100000              470    47000000  7128347620    15030421          474.261
 2/ 7/2018 12:32: 7         480         480         480         480      100000              480    48000000  7176347620    15130421          474.299
 2/ 7/2018 12:32: 8         470         470         470         470      100000              470    47000000  7223347620    15230421          474.271
 2/ 7/2018 12:32:15         480         480         480         480      100000              480    48000000  7271347620    15330421          474.308
 2/ 7/2018 12:32:16         470         470         470         470      100000              470    47000000  7318347620    15430421           474.28
 2/ 7/2018 12:32:20         480         480         480         480      100000              480    48000000  7366347620    15530421          474.317
 2/ 7/2018 12:32:21         470         470         470         470      100000              470    47000000  7413347620    15630421           474.29
 2/ 7/2018 12:32:23         480         480         480         480      100000              480    48000000  7461347620    15730421          474.326
 2/ 7/2018 12:32:29         470         470         470         470      100000              470    47000000  7508347620    15830421          474.299
 2/ 7/2018 12:44:49         480         480         480         480      100000              480    48000000  7556347620    15930421          474.334
 2/ 7/2018 12:49:17         470         470         470         470      100000              470    47000000  7603347620    16030421          474.307
 2/ 7/2018 12:50:26         480         480         480         480      100000              480    48000000  7651347620    16130421          474.343
 2/ 7/2018 12:55:57         470         470         470         470      100000              470    47000000  7698347620    16230421          474.316
 2/ 7/2018 12:57:43         480         480         480         480      100000              480    48000000  7746347620    16330421          474.351
 2/ 7/2018 12:57:44         470         470         470         470      100000              470    47000000  7793347620    16430421          474.324
 2/ 7/2018 12:57:48         480         480         480         480      100000              480    48000000  7841347620    16530421          474.359
 2/ 7/2018 12:57:49         470         470         470         470      100000              470    47000000  7888347620    16630421          474.332
 2/ 7/2018 12:57:51         480         480         480         480      100000              480    48000000  7936347620    16730421          474.366
 2/ 7/2018 12:57:53         470         470         470         470      100000              470    47000000  7983347620    16830421           474.34
 2/ 7/2018 12:57:54         480         480         480         480      100000              480    48000000  8031347620    16930421          474.374
 2/ 7/2018 12:57:56         470         470         470         470      100000              470    47000000  8078347620    17030421          474.348
 2/ 7/2018 12:57:57         480         480         480         480      100000              480    48000000  8126347620    17130421          474.381
 2/ 7/2018 12:57:58         470         470         470         470      100000              470    47000000  8173347620    17230421          474.356
 2/ 7/2018 12:58:12         480         480         480         480      100000              480    48000000  8221347620    17330421          474.388
 2/ 7/2018 12:58:14         470         470         470         470      100000              470    47000000  8268347620    17430421          474.363
 2/ 7/2018 12:58:16         480         480         480         480      100000              480    48000000  8316347620    17530421          474.395
 2/ 7/2018 12:58:17         470         470         470         470      100000              470    47000000  8363347620    17630421           474.37
 2/ 7/2018 12:58:27         480         480         480         480      100000              480    48000000  8411347620    17730421          474.402
 2/ 7/2018 12:58:30         470         470         470         470      100000              470    47000000  8458347620    17830421          474.377
 2/ 7/2018 12:58:32         470         470         470         470      100000              470    47000000  8505347620    17930421          474.353
 2/ 7/2018 12:58:43         480         480         480         480      100000              480    48000000  8553347620    18030421          474.384
 2/ 7/2018 12:58:44         470         470         470         470      100000              470    47000000  8600347620    18130421           474.36
 2/ 7/2018 12:58:45         480         480         480         480      100000              480    48000000  8648347620    18230421          474.391
 2/ 7/2018 12:58:46         470         470         470         470      100000              470    47000000  8695347620    18330421          474.367
 2/ 7/2018 12:58:47         480         480         480         480      100000              480    48000000  8743347620    18430421          474.398
 2/ 7/2018 12:58:49         470         470         470         470      100000              470    47000000  8790347620    18530421          474.374
 2/ 7/2018 12:58:50         480         480         480         480      100000              480    48000000  8838347620    18630421          474.404
 2/ 7/2018 12:58:52         470         470         470         470      100000              470    47000000  8885347620    18730421          474.381
 2/ 7/2018 12:58:53         470         470         470         470      100000              470    47000000  8932347620    18830421          474.357
 2/ 7/2018 12:58:54         480         480         480         480      100000              480    48000000  8980347620    18930421          474.387
 2/ 7/2018 12:58:57         470         470         470         470      100000              470    47000000  9027347620    19030421          474.364
 2/ 7/2018 12:58:58         480         480         480         480      100000              480    48000000  9075347620    19130421          474.394
 2/ 7/2018 12:59: 0         470         470         470         470      100000              470    47000000  9122347620    19230421          474.371
 2/ 7/2018 12:59: 1         480         480         480         480      100000              480    48000000  9170347620    19330421            474.4
 2/ 7/2018 12:59: 5         470         470         470         470      100000              470    47000000  9217347620    19430421          474.377
 2/ 7/2018 12:59: 6         480         480         480         480      100000              480    48000000  9265347620    19530421          474.406
 2/ 7/2018 12:59:10         470         470         470         470      100000              470    47000000  9312347620    19630421          474.383
 2/ 7/2018 12:59:11         480         480         480         480      100000              480    48000000  9360347620    19730421          474.412
 2/ 7/2018 12:59:13         470         470         470         470      100000              470    47000000  9407347620    19830421           474.39
 2/ 7/2018 12:59:14         470         470         470         470      100000              470    47000000  9454347620    19930421          474.368
 2/ 7/2018 12:59:15         480         480         480         480      100000              480    48000000  9502347620    20030421          474.396
 2/ 7/2018 12:59:17         470         470         470         470      100000              470    47000000  9549347620    20130421          474.374
 2/ 7/2018 12:59:18         480         480         480         480      100000              480    48000000  9597347620    20230421          474.402
 2/ 7/2018 12:59:19         470         470         470         470      100000              470    47000000  9644347620    20330421           474.38
 2/ 7/2018 12:59:20         480         480         480         480      100000              480    48000000  9692347620    20430421          474.408
 2/ 7/2018 12:59:27         470         470         470         470      100000              470    47000000  9739347620    20530421          474.386
 2/ 7/2018 12:59:28         480         480         480         480      100000              480    48000000  9787347620    20630421          474.413
 2/ 7/2018 12:59:33         470         470         470         470      100000              470    47000000  9834347620    20730421          474.392
 2/ 7/2018 12:59:34         480         480         480         480      100000              480    48000000  9882347620    20830421          474.419
 2/ 7/2018 12:59:41         470         470         470         470      100000              470    47000000  9929347620    20930421          474.398
 2/ 7/2018 12:59:42         480         480         480         480      100000              480    48000000  9977347620    21030421          474.425
 2/ 7/2018 12:59:44         470         470         470         470      100000              470    47000000 10024347620    21130421          474.404
 2/ 7/2018 12:59:45         480         480         480         480      100000              480    48000000 10072347620    21230421           474.43
 2/ 7/2018 12:59:46         480         480         480         480      100000              480    48000000 10120347620    21330421          474.456
 2/ 7/2018 12:59:52         470         470         470         470      100000              470    47000000 10167347620    21430421          474.435
 2/ 7/2018 12:59:53         480         480         480         480      100000              480    48000000 10215347620    21530421          474.461
 2/ 7/2018 14: 0: 1         480         480         480         480      100000              480    48000000 10263347620    21630421          474.487
 2/ 7/2018 14: 3:55         490         490         490         490      100000              490    49000000 10312347620    21730421          474.558
 2/ 7/2018 14: 4:53         480         480         480         480      100000              480    48000000 10360347620    21830421          474.583
 2/ 7/2018 14: 6:56         490         490         490         490      100000              490    49000000 10409347620    21930421          474.653
 2/ 7/2018 14: 6:59         480         480         480         480      100000              480    48000000 10457347620    22030421          474.678
 2/ 7/2018 14: 7: 0         490         490         490         490      100000              490    49000000 10506347620    22130421          474.747
 2/ 7/2018 14: 7:12         480         480         480         480      100000              480    48000000 10554347620    22230421           474.77
 2/ 7/2018 14:10:21         470         470         470         470       15000              470     7050000 10561397620    22245421          474.767
 2/ 7/2018 14:25:25         470         470         470         470      100000              470    47000000 10608397620    22345421          474.746
 2/ 7/2018 14:28: 5         480         480         480         480      100000              480    48000000 10656397620    22445421          474.769
 2/ 7/2018 14:28: 6         470         470         470         470      100000              470    47000000 10703397620    22545421          474.748
 2/ 7/2018 14:28:16         480         480         480         480      100000              480    48000000 10751397620    22645421          474.771
 2/ 7/2018 14:28:56         470         470         470         470      100000              470    47000000 10798397620    22745421           474.75
 2/ 7/2018 14:29: 0         480         480         480         480      100000              480    48000000 10846397620    22845421          474.773
 2/ 7/2018 14:29: 1         470         470         470         470      100000              470    47000000 10893397620    22945421          474.753
 2/ 7/2018 14:38:49         480         480         480         480      100000              480    48000000 10941397620    23045421          474.775
 2/ 7/2018 14:39: 1         470         470         470         470      100000              470    47000000 10988397620    23145421          474.755
 2/ 7/2018 14:39: 2         480         480         480         480      100000              480    48000000 11036397620    23245421          474.777
 2/ 7/2018 14:39: 3         480         480         480         480      100000              480    48000000 11084397620    23345421            474.8
 2/ 7/2018 14:39: 4         470         470         470         470      100000              470    47000000 11131397620    23445421          474.779
 2/ 7/2018 14:39: 5         480         480         480         480      100000              480    48000000 11179397620    23545421          474.801
 2/ 7/2018 14:39:16         470         470         470         470      100000              470    47000000 11226397620    23645421          474.781
 2/ 7/2018 14:39:17         480         480         480         480      100000              480    48000000 11274397620    23745421          474.803
 2/ 7/2018 14:39:18         470         470         470         470      100000              470    47000000 11321397620    23845421          474.783
 2/ 7/2018 14:40:41         480         480         480         480      100000              480    48000000 11369397620    23945421          474.805
 2/ 7/2018 14:41: 7         470         470         470         470      100000              470    47000000 11416397620    24045421          474.785
 2/ 7/2018 14:41: 8         480         480         480         480      100000              480    48000000 11464397620    24145421          474.806
 2/ 7/2018 14:41: 9         470         470         470         470      100000              470    47000000 11511397620    24245421          474.786
 2/ 7/2018 14:41:10         480         480         480         480      100000              480    48000000 11559397620    24345421          474.808
 2/ 7/2018 14:41:11         470         470         470         470      100000              470    47000000 11606397620    24445421          474.788
 2/ 7/2018 14:41:12         480         480         480         480      100000              480    48000000 11654397620    24545421          474.809
 2/ 7/2018 14:41:15         470         470         470         470      100000              470    47000000 11701397620    24645421           474.79
 2/ 7/2018 14:41:16         480         480         480         480      100000              480    48000000 11749397620    24745421          474.811
 2/ 7/2018 14:41:18         470         470         470         470      100000              470    47000000 11796397620    24845421          474.792
 2/ 7/2018 14:41:28         480         480         480         480      100000              480    48000000 11844397620    24945421          474.812
 2/ 7/2018 14:41:29         470         470         470         470      100000              470    47000000 11891397620    25045421          474.793
 2/ 7/2018 14:41:30         480         480         480         480      100000              480    48000000 11939397620    25145421          474.814
 2/ 7/2018 14:41:31         470         470         470         470      100000              470    47000000 11986397620    25245421          474.795
 2/ 7/2018 14:41:32         480         480         480         480      100000              480    48000000 12034397620    25345421          474.815
 2/ 7/2018 14:41:33         470         470         470         470      100000              470    47000000 12081397620    25445421          474.797
 2/ 7/2018 14:41:34         480         480         480         480      100000              480    48000000 12129397620    25545421          474.817
 2/ 7/2018 14:41:46         470         470         470         470      100000              470    47000000 12176397620    25645421          474.798
 2/ 7/2018 14:41:47         480         480         480         480      100000              480    48000000 12224397620    25745421          474.818
 2/ 7/2018 14:41:50         470         470         470         470      100000              470    47000000 12271397620    25845421            474.8
 2/ 7/2018 14:41:51         480         480         480         480      100000              480    48000000 12319397620    25945421           474.82
 2/ 7/2018 14:41:52         480         480         480         480      100000              480    48000000 12367397620    26045421           474.84
 2/ 7/2018 14:41:53         480         480         480         480      100000              480    48000000 12415397620    26145421          474.859
 2/ 7/2018 14:41:54         470         470         470         470      100000              470    47000000 12462397620    26245421          474.841
 2/ 7/2018 14:41:55         480         480         480         480      100000              480    48000000 12510397620    26345421           474.86
 2/ 7/2018 14:42: 0         470         470         470         470      100000              470    47000000 12557397620    26445421          474.842
 2/ 7/2018 14:42: 1         470         470         470         470      100000              470    47000000 12604397620    26545421          474.824
 2/ 7/2018 14:42: 2         480         480         480         480      100000              480    48000000 12652397620    26645421          474.843
 2/ 7/2018 14:42:15         470         470         470         470      100000              470    47000000 12699397620    26745421          474.825
 2/ 7/2018 14:42:16         480         480         480         480      100000              480    48000000 12747397620    26845421          474.844
 2/ 7/2018 14:42:22         470         470         470         470      100000              470    47000000 12794397620    26945421          474.826
 2/ 7/2018 14:42:23         480         480         480         480      100000              480    48000000 12842397620    27045421          474.846
 2/ 7/2018 14:42:24         480         480         480         480      100000              480    48000000 12890397620    27145421          474.865
 2/ 7/2018 14:42:31         470         470         470         470      100000              470    47000000 12937397620    27245421          474.847
 2/ 7/2018 14:42:32         480         480         480         480      100000              480    48000000 12985397620    27345421          474.866
 2/ 7/2018 14:42:36         470         470         470         470      100000              470    47000000 13032397620    27445421          474.848
 2/ 7/2018 14:42:37         470         470         470         470      100000              470    47000000 13079397620    27545421           474.83
 2/ 7/2018 14:42:38         480         480         480         480      100000              480    48000000 13127397620    27645421          474.849
 2/ 7/2018 14:42:42         470         470         470         470      100000              470    47000000 13174397620    27745421          474.831
 2/ 7/2018 14:42:43         470         470         470         470      100000              470    47000000 13221397620    27845421          474.814
 2/ 7/2018 14:42:45         480         480         480         480      100000              480    48000000 13269397620    27945421          474.833
 2/ 7/2018 14:42:46         480         480         480         480      100000              480    48000000 13317397620    28045421          474.851
 2/ 7/2018 14:42:47         480         480         480         480      100000              480    48000000 13365397620    28145421          474.869
 2/ 7/2018 14:42:48         470         470         470         470      100000              470    47000000 13412397620    28245421          474.852
 2/ 7/2018 14:42:50         480         480         480         480      100000              480    48000000 13460397620    28345421           474.87
 2/ 7/2018 14:42:53         470         470         470         470      100000              470    47000000 13507397620    28445421          474.853
 2/ 7/2018 14:42:54         470         470         470         470      100000              470    47000000 13554397620    28545421          474.836
 2/ 7/2018 14:42:55         480         480         480         480      100000              480    48000000 13602397620    28645421          474.854
 2/ 7/2018 14:42:56         470         470         470         470      100000              470    47000000 13649397620    28745421          474.837
 2/ 7/2018 14:43: 2         480         480         480         480      100000              480    48000000 13697397620    28845421          474.855
 2/ 7/2018 14:43: 3         470         470         470         470      100000              470    47000000 13744397620    28945421          474.838
 2/ 7/2018 14:43:46         480         480         480         480      100000              480    48000000 13792397620    29045421          474.856
 2/ 7/2018 14:43:47         470         470         470         470      100000              470    47000000 13839397620    29145421           474.84
 2/ 7/2018 14:44:10         480         480         480         480      100000              480    48000000 13887397620    29245421          474.857
 2/ 7/2018 14:44:11         470         470         470         470      100000              470    47000000 13934397620    29345421          474.841
 2/ 7/2018 14:44:15         480         480         480         480      100000              480    48000000 13982397620    29445421          474.858
 2/ 7/2018 14:44:16         470         470         470         470      100000              470    47000000 14029397620    29545421          474.842
 2/ 7/2018 14:44:18         480         480         480         480      100000              480    48000000 14077397620    29645421          474.859
 2/ 7/2018 14:44:37         470         470         470         470      100000              470    47000000 14124397620    29745421          474.843
 2/ 7/2018 14:44:50         480         480         480         480      100000              480    48000000 14172397620    29845421           474.86
 2/ 7/2018 14:59: 8         470         470         470         470      100000              470    47000000 14219397620    29945421          474.844
 2/ 7/2018 14:59:30         480         480         480         480      100000              480    48000000 14267397620    30045421          474.861
 2/ 7/2018 15: 0: 9         470         470         470         470      100000              470    47000000 14314397620    30145421          474.845
 2/ 7/2018 15: 0:47         480         480         480         480      100000              480    48000000 14362397620    30245421          474.862
 2/ 7/2018 15: 2:16         470         470         470         470      100000              470    47000000 14409397620    30345421          474.846
 2/ 7/2018 15: 2:57         480         480         480         480      100000              480    48000000 14457397620    30445421          474.863
 2/ 7/2018 15: 2:58         470         470         470         470      100000              470    47000000 14504397620    30545421          474.847
 2/ 7/2018 15: 3: 0         480         480         480         480      100000              480    48000000 14552397620    30645421          474.864
 2/ 7/2018 15: 3: 1         470         470         470         470      100000              470    47000000 14599397620    30745421          474.848
 2/ 7/2018 15: 8:17         480         480         480         480      100000              480    48000000 14647397620    30845421          474.865
 2/ 7/2018 15: 8:44         470         470         470         470      100000              470    47000000 14694397620    30945421          474.849
 2/ 7/2018 15: 9: 9         480         480         480         480      100000              480    48000000 14742397620    31045421          474.865
 2/ 7/2018 15:13:49         490         490         480         480      100000          483.333    48333333 14790730953    31145421          474.893
 2/ 7/2018 15:25:56         470         470         470         470         905              470      425350 14791156303    31146326          474.892
 2/ 7/2018 15:26:10         470         470         470         470       99095              470    46574650 14837730953    31245421          474.877
 2/ 7/2018 15:28:22         460         470         460         470      100000          466.667    46666666 14884397619    31345421          474.851
 2/ 7/2018 15:28:32         460         460         460         460      100000              460    46000000 14930397619    31445421          474.804
 2/ 7/2018 15:28:33         470         470         470         470      100000              470    47000000 14977397619    31545421          474.788
 2/ 7/2018 15:28:34         470         470         470         470      100000              470    47000000 15024397619    31645421          474.773
 2/ 7/2018 15:28:37         460         460         460         460      100000              460    46000000 15070397619    31745421          474.727
 2/ 7/2018 15:28:38         470         470         470         470      100000              470    47000000 15117397619    31845421          474.712
 2/ 7/2018 15:28:48         460         460         460         460      100000              460    46000000 15163397619    31945421          474.666
 2/ 7/2018 15:28:49         470         470         470         470      100000              470    47000000 15210397619    32045421          474.651
 2/ 7/2018 15:28:50         460         460         460         460      100000              460    46000000 15256397619    32145421          474.606
 2/ 7/2018 15:28:51         470         470         470         470      100000              470    47000000 15303397619    32245421          474.591
 2/ 7/2018 15:29:51         460         460         460         460      100000              460    46000000 15349397619    32345421          474.546
 2/ 7/2018 15:30: 6         470         470         470         470      100000              470    47000000 15396397619    32445421          474.532
 2/ 7/2018 15:30: 8         460         460         460         460      100000              460    46000000 15442397619    32545421          474.488
 2/ 7/2018 15:30:27         440         440         440         440       15000              440     6600000 15448997619    32560421          474.472
 2/ 7/2018 15:30:44         450         450         450         450       15000              450     6750000 15455747619    32575421           474.46
 2/ 7/2018 15:31:32         420         430         420         430      100000          426.667    42666666 15498414285    32675421          474.314
 2/ 7/2018 15:31:35         440         440         440         440      100000              440    44000000 15542414285    32775421          474.209
 2/ 7/2018 15:34: 3         430         430         430         430      100000              430    43000000 15585414285    32875421          474.075
 2/ 7/2018 15:34:25         420         420         420         420      100000              420    42000000 15627414285    32975421          473.911
 2/ 7/2018 15:34:26         430         430         430         430      100000              430    43000000 15670414285    33075421          473.778
 2/ 7/2018 15:34:45         440         440         440         440      100000              440    44000000 15714414285    33175421          473.676
 2/ 7/2018 15:34:46         430         430         430         430      100000              430    43000000 15757414285    33275421          473.545
 2/ 7/2018 15:35:13         410         410         410         410        1000              410      410000 15757824285    33276421          473.543
 2/ 7/2018 15:35:18         410         410         410         410       15000              410     6150000 15763974285    33291421          473.515
 2/ 7/2018 15:36:25         420         420         420         420        1000              420      420000 15764394285    33292421          473.513
 2/ 7/2018 15:37:22         420         420         420         420       15000              420     6300000 15770694285    33307421          473.489
 2/ 7/2018 15:40:53         440         440         440         440      100000              440    44000000 15814694285    33407421          473.389
 2/ 7/2018 15:41:22         400         400         400         400        5000              400     2000000 15816694285    33412421          473.378
 2/ 7/2018 15:43: 3         420         420         420         420        1000              420      420000 15817114285    33413421          473.376
 2/ 7/2018 15:43:54         450         450         450         450      100000              450    45000000 15862114285    33513421          473.306
 2/ 7/2018 15:44:27         440         440         440         440          45              440       19800 15862134085    33513466          473.306
 2/ 7/2018 15:44:57         440         440         440         440       99955              440    43980200 15906114285    33613421          473.207
 2/ 7/2018 15:45:39         450         450         450         450      100000              450    45000000 15951114285    33713421          473.138
 2/ 7/2018 15:48:13         460         460         460         460      100000              460    46000000 15997114285    33813421            473.1
 2/ 7/2018 15:48:18         450         450         450         450      100000              450    45000000 16042114285    33913421          473.031
 2/ 7/2018 15:48:24         460         460         460         460      100000              460    46000000 16088114285    34013421          472.993
 2/ 7/2018 15:48:38         450         450         450         450         708              450      318600 16088432885    34014129          472.993
 2/ 7/2018 15:53:17         450         450         450         450      100000              450    45000000 16133432885    34114129          472.925
 2/ 7/2018 15:54:27         440         440         440         440      100000              440    44000000 16177432885    34214129          472.829
 2/ 7/2018 15:54:51         450         450         450         450      100000              450    45000000 16222432885    34314129          472.762
 2/ 7/2018 15:55: 0         440         440         440         440      100000              440    44000000 16266432885    34414129          472.667
 2/ 7/2018 15:55: 5         450         450         450         450      100000              450    45000000 16311432885    34514129          472.602
 2/ 7/2018 15:56:53         440         440         440         440      100000              440    44000000 16355432885    34614129          472.507
 2/ 7/2018 15:56:54         450         450         450         450      100000              450    45000000 16400432885    34714129          472.443
 2/ 7/2018 15:56:56         440         440         440         440      100000              440    44000000 16444432885    34814129          472.349
 2/ 7/2018 15:56:57         450         450         450         450      100000              450    45000000 16489432885    34914129          472.285
 2/ 7/2018 15:56:58         440         440         440         440      100000              440    44000000 16533432885    35014129          472.193
 2/ 7/2018 15:57:26         450         450         450         450      100000              450    45000000 16578432885    35114129           472.13
 2/ 7/2018 15:58: 3         440         440         440         440      100000              440    44000000 16622432885    35214129          472.039
 2/ 7/2018 16: 0: 7         430         430         430         430      100000              430    43000000 16665432885    35314129           471.92
 2/ 7/2018 16: 0: 8         440         440         440         440      100000              440    44000000 16709432885    35414129           471.83
 2/ 7/2018 16: 1:27         450         450         450         450      100000              450    45000000 16754432885    35514129          471.768
 2/ 7/2018 16: 1:41         440         440         440         440      100000              440    44000000 16798432885    35614129          471.679
 2/ 7/2018 16: 3: 0         450         450         450         450      100000              450    45000000 16843432885    35714129          471.618
 2/ 7/2018 16: 3: 2         440         440         440         440      100000              440    44000000 16887432885    35814129           471.53
 2/ 7/2018 16: 4: 4         450         450         450         450      100000              450    45000000 16932432885    35914129           471.47
 2/ 7/2018 16: 4: 5         440         440         440         440      100000              440    44000000 16976432885    36014129          471.383
 2/ 7/2018 16: 4:27         450         450         450         450      100000              450    45000000 17021432885    36114129          471.323
 2/ 7/2018 16: 4:46         440         440         440         440      100000              440    44000000 17065432885    36214129          471.237
 2/ 7/2018 16: 4:56         450         450         450         450      100000              450    45000000 17110432885    36314129          471.178
 2/ 7/2018 16: 5: 0         440         440         440         440      100000              440    44000000 17154432885    36414129          471.093
 2/ 7/2018 16: 5:13         450         450         450         450      100000              450    45000000 17199432885    36514129          471.035
 2/ 7/2018 16: 5:15         440         440         440         440      100000              440    44000000 17243432885    36614129           470.95
 2/ 7/2018 16: 5:17         450         450         450         450      100000              450    45000000 17288432885    36714129          470.893
 2/ 7/2018 16: 6:45         460         460         460         460      100000              460    46000000 17334432885    36814129          470.864
 2/ 7/2018 16: 6:49         450         450         450         450      100000              450    45000000 17379432885    36914129          470.807
 2/ 7/2018 16: 7:53         440         440         440         440      100000              440    44000000 17423432885    37014129          470.724
 2/ 7/2018 16: 7:55         450         450         450         450      100000              450    45000000 17468432885    37114129          470.668
 2/ 7/2018 16: 7:56         440         440         440         440      100000              440    44000000 17512432885    37214129          470.586
 2/ 7/2018 16: 7:58         450         450         450         450      100000              450    45000000 17557432885    37314129           470.53
 2/ 7/2018 16: 7:59         440         440         440         440      100000              440    44000000 17601432885    37414129          470.449
 2/ 7/2018 16: 8: 2         450         450         450         450      100000              450    45000000 17646432885    37514129          470.394
 2/ 7/2018 16: 8: 3         440         440         440         440      100000              440    44000000 17690432885    37614129          470.314
 2/ 7/2018 16: 8: 4         450         450         450         450      100000              450    45000000 17735432885    37714129           470.26
 2/ 7/2018 16: 8: 5         450         450         450         450      100000              450    45000000 17780432885    37814129          470.206
 2/ 7/2018 16: 8: 6         440         440         440         440      100000              440    44000000 17824432885    37914129          470.126
 2/ 7/2018 16: 8: 7         450         450         450         450      100000              450    45000000 17869432885    38014129          470.073
 2/ 7/2018 16: 8: 8         440         440         440         440      100000              440    44000000 17913432885    38114129          469.995
 2/ 7/2018 16: 8: 9         440         440         440         440      100000              440    44000000 17957432885    38214129          469.916
 2/ 7/2018 16: 8:10         450         450         450         450      100000              450    45000000 18002432885    38314129          469.864
 2/ 7/2018 16: 8:32         440         440         440         440         708              440      311520 18002744405    38314837          469.864
 2/ 7/2018 16: 9:15         440         440         440         440      100000              440    44000000 18046744405    38414837          469.786
 2/ 7/2018 16:11:31         450         450         450         450      100000              450    45000000 18091744405    38514837          469.734
 2/ 7/2018 16:11:32         450         450         450         450      100000              450    45000000 18136744405    38614837          469.683
 2/ 7/2018 16:11:47         440         440         440         440      100000              440    44000000 18180744405    38714837          469.607
 2/ 7/2018 16:11:48         450         450         450         450      100000              450    45000000 18225744405    38814837          469.556
 2/ 7/2018 16:11:49         440         440         440         440      100000              440    44000000 18269744405    38914837           469.48
 2/ 7/2018 16:11:50         440         440         440         440      100000              440    44000000 18313744405    39014837          469.405
 2/ 7/2018 16:11:51         450         450         450         450      100000              450    45000000 18358744405    39114837          469.355
 2/ 7/2018 16:11:52         440         440         440         440      100000              440    44000000 18402744405    39214837           469.28
 2/ 7/2018 16:11:53         450         450         450         450      100000              450    45000000 18447744405    39314837          469.231
 2/ 7/2018 16:11:58         440         440         440         440      100000              440    44000000 18491744405    39414837          469.157
 2/ 7/2018 16:11:59         450         450         450         450      100000              450    45000000 18536744405    39514837          469.108
 2/ 7/2018 16:12: 0         440         440         440         440      100000              440    44000000 18580744405    39614837          469.035
 2/ 7/2018 16:12:15         450         450         450         450      100000              450    45000000 18625744405    39714837          468.987
 2/ 7/2018 16:12:16         440         440         440         440      100000              440    44000000 18669744405    39814837          468.914
 2/ 7/2018 16:12:43         450         450         450         450      100000              450    45000000 18714744405    39914837          468.867
 2/ 7/2018 16:12:46         440         440         440         440      100000              440    44000000 18758744405    40014837          468.795
 2/ 7/2018 16:12:47         450         450         450         450      100000              450    45000000 18803744405    40114837          468.748
 2/ 7/2018 16:12:51         440         440         440         440      100000              440    44000000 18847744405    40214837          468.676
 2/ 7/2018 16:12:52         450         450         450         450      100000              450    45000000 18892744405    40314837           468.63
 2/ 7/2018 16:12:53         450         450         450         450      100000              450    45000000 18937744405    40414837          468.584
 2/ 7/2018 16:13:46         440         440         440         440      100000              440    44000000 18981744405    40514837          468.513
 2/ 7/2018 16:13:47         450         450         450         450      100000              450    45000000 19026744405    40614837          468.468
 2/ 7/2018 16:14:25         440         440         440         440      100000              440    44000000 19070744405    40714837          468.398
 2/ 7/2018 16:15:25         450         450         450         450      100000              450    45000000 19115744405    40814837          468.353
 2/ 7/2018 16:15:26         440         440         440         440      100000              440    44000000 19159744405    40914837          468.284
 2/ 7/2018 16:15:58         470         470         470         470         708              470      332760 19160077165    40915545          468.284
 2/ 7/2018 16:16:20         450         450         450         450      100000              450    45000000 19205077165    41015545          468.239
 2/ 7/2018 16:22:35         440         440         440         440      100000              440    44000000 19249077165    41115545           468.17
 2/ 7/2018 16:22:39         450         450         450         450      100000              450    45000000 19294077165    41215545          468.126
 2/ 7/2018 16:25:47         440         440         440         440      100000              440    44000000 19338077165    41315545          468.058
 2/ 7/2018 16:28:34         400         400         400         400        3000              400     1200000 19339277165    41318545          468.053
 2/ 7/2018 16:31:14         430         430         430         430      100000              430    43000000 19382277165    41418545          467.961
 2/ 7/2018 16:32:21         440         440         440         440      100000              440    44000000 19426277165    41518545          467.894
 2/ 7/2018 16:33:23         360         360         360         360        3000              360     1080000 19427357165    41521545          467.886
 2/ 7/2018 16:34:13         430         430         430         430      100000              430    43000000 19470357165    41621545          467.795
 2/ 7/2018 16:34:33         440         440         440         440      100000              440    44000000 19514357165    41721545          467.729
 2/ 7/2018 16:35: 7         430         430         430         430      100000              430    43000000 19557357165    41821545          467.638
 2/ 7/2018 16:35:24         440         440         440         440      100000              440    44000000 19601357165    41921545          467.572
 2/ 7/2018 16:35:30         430         430         430         430      100000              430    43000000 19644357165    42021545          467.483
 2/ 7/2018 16:40:49         390         390         390         390        1000              390      390000 19644747165    42022545          467.481
 2/ 7/2018 16:43:44         440         440         440         440      100000              440    44000000 19688747165    42122545          467.416
 2/ 7/2018 16:43:47         430         430         430         430      100000              430    43000000 19731747165    42222545          467.327
 2/ 7/2018 16:45:55         420         420         420         420       99000              420    41580000 19773327165    42321545          467.217
 2/ 7/2018 16:45:56         430         430         430         430      100000              430    43000000 19816327165    42421545          467.129
 2/ 7/2018 16:48:28         420         420         420         420        1610              420      676200 19817003365    42423155          467.127
 2/ 7/2018 16:55:21         440         440         440         440      100000              440    44000000 19861003365    42523155          467.063
 2/ 7/2018 17: 0: 2         430         430         430         430      100000              430    43000000 19904003365    42623155          466.976
 2/ 7/2018 17: 0: 9         440         440         440         440      100000              440    44000000 19948003365    42723155          466.913
 2/ 7/2018 17: 0:10         430         430         430         430      100000              430    43000000 19991003365    42823155          466.827
 2/ 7/2018 17: 0:20         440         440         440         440      100000              440    44000000 20035003365    42923155          466.764
 2/ 7/2018 17: 0:22         430         430         430         430      100000              430    43000000 20078003365    43023155          466.679
 2/ 7/2018 17: 0:50         440         440         440         440      100000              440    44000000 20122003365    43123155          466.617
 2/ 7/2018 17: 1: 5         430         430         430         430      100000              430    43000000 20165003365    43223155          466.532
 2/ 7/2018 17: 1:14         440         440         440         440      100000              440    44000000 20209003365    43323155          466.471
 2/ 7/2018 17: 1:25         430         430         430         430      100000              430    43000000 20252003365    43423155          466.387
 2/ 7/2018 17: 1:52         440         440         440         440      100000              440    44000000 20296003365    43523155          466.327
 2/ 7/2018 17: 1:55         430         430         430         430      100000              430    43000000 20339003365    43623155          466.243
 2/ 7/2018 17: 2: 7         440         440         440         440      100000              440    44000000 20383003365    43723155          466.183
 2/ 7/2018 17: 2:24         430         430         430         430      100000              430    43000000 20426003365    43823155          466.101
 2/ 7/2018 17: 2:40         440         440         440         440      100000              440    44000000 20470003365    43923155          466.041
 2/ 7/2018 17: 2:50         430         430         430         430      100000              430    43000000 20513003365    44023155          465.959
 2/ 7/2018 17: 2:56         440         440         440         440      100000              440    44000000 20557003365    44123155          465.901
 2/ 7/2018 17: 3:18         430         430         430         430      100000              430    43000000 20600003365    44223155          465.819
 2/ 7/2018 17: 3:37         440         440         440         440      100000              440    44000000 20644003365    44323155          465.761
 2/ 7/2018 17: 6:19         430         430         430         430      100000              430    43000000 20687003365    44423155          465.681
 2/ 7/2018 17: 8:13         440         440         440         440      100000              440    44000000 20731003365    44523155          465.623
 2/ 7/2018 17: 8:14         430         430         430         430      100000              430    43000000 20774003365    44623155          465.543
 2/ 7/2018 17: 8:18         440         440         440         440      100000              440    44000000 20818003365    44723155          465.486
 2/ 7/2018 17: 8:19         430         430         430         430      100000              430    43000000 20861003365    44823155          465.407
 2/ 7/2018 17: 8:23         440         440         440         440      100000              440    44000000 20905003365    44923155           465.35
 2/ 7/2018 17: 8:26         430         430         430         430      100000              430    43000000 20948003365    45023155          465.272
 2/ 7/2018 17: 8:29         440         440         440         440      100000              440    44000000 20992003365    45123155          465.216
 2/ 7/2018 17: 8:30         430         430         430         430      100000              430    43000000 21035003365    45223155          465.138
 2/ 7/2018 17: 8:40         440         440         440         440      100000              440    44000000 21079003365    45323155          465.082
 2/ 7/2018 17: 8:41         440         440         440         440      100000              440    44000000 21123003365    45423155          465.027
 2/ 7/2018 17:24:45         450         450         450         450      100000              450    45000000 21168003365    45523155          464.994
 2/ 7/2018 17:28:35         440         440         440         440      100000              440    44000000 21212003365    45623155          464.939
 2/ 7/2018 17:30:29         450         450         450         450      100000              450    45000000 21257003365    45723155          464.907
 2/ 7/2018 17:30:42         440         440         440         440      100000              440    44000000 21301003365    45823155          464.852
 2/ 7/2018 17:41:42         430         430         430         430      100000              430    43000000 21344003365    45923155          464.777
 2/ 7/2018 17:42: 0         440         440         440         440      100000              440    44000000 21388003365    46023155          464.723
 2/ 7/2018 17:50:48         420         420         420         420       29400              420    12348000 21400351365    46052555          464.694
 2/ 7/2018 17:52:52         450         450         450         450      100000              450    45000000 21445351365    46152555          464.662
 2/ 7/2018 17:53: 8         440         440         440         440      100000              440    44000000 21489351365    46252555          464.609
 2/ 7/2018 17:53:12         450         450         450         450      100000              450    45000000 21534351365    46352555          464.577
 2/ 7/2018 17:53:19         440         440         440         440      100000              440    44000000 21578351365    46452555          464.525
 2/ 7/2018 17:53:27         450         450         450         450      100000              450    45000000 21623351365    46552555          464.493
