         Date              Open        High         Low       Close      Volume     Typical Price         V*P    Total VP     Total V        VWAP    Message Count
10/ 7/2018  0: 2: 3         200         200         200         200       10000               200     2000000     2000000       10000         200           1
10/ 7/2018  1: 2: 0         190         190         190         190       10000               190     1900000     3900000       20000         195           1
10/ 7/2018 28: 2:14         190         190         190         190       10000               190     1900000     5800000       30000     193.333           1
10/ 7/2018 32: 2:12         180         180         180         180       10000               180     1800000     7600000       40000         190           1
10/ 7/2018 33: 2: 2         190         190         190         190       10000               190     1900000     9500000       50000         190           1
10/ 7/2018 33: 2:35         180         180         180         180       10000               180     1800000    11300000       60000     188.333           1
10/ 7/2018 37: 2:36         190         190         190         190       10000               190     1900000    13200000       70000     188.571           1
10/ 7/2018 37: 2:37         180         180         180         180       10000               180     1800000    15000000       80000       187.5           1
10/ 7/2018 43: 2: 8         190         190         190         190       10000               190     1900000    16900000       90000     187.778           1
10/ 7/2018 44: 2:24         180         180         180         180       10000               180     1800000    18700000      100000         187           1
10/ 7/2018 44: 2:25         190         190         190         190       10000               190     1900000    20600000      110000     187.273           1
10/ 7/2018 45: 2: 8         180         180         180         180       10000               180     1800000    22400000      120000     186.667           1
10/ 7/2018 45: 2:38         190         190         190         190       10000               190     1900000    24300000      130000     186.923           1
10/ 7/2018 49: 2:11         180         180         180         180       10000               180     1800000    26100000      140000     186.429           1
11/ 7/2018 22: 2: 4         170         170         170         170       10000               170     1700000    27800000      150000     185.333           1
11/ 7/2018 22: 2: 5         180         180         180         180       10000               180     1800000    29600000      160000         185           1
11/ 7/2018 22: 2: 6         170         170         170         170       10000               170     1700000    31300000      170000     184.118           1
11/ 7/2018 22: 2: 8         180         180         180         180       10000               180     1800000    33100000      180000     183.889           1
11/ 7/2018 41: 2:19         170         170         170         170       10000               170     1700000    34800000      190000     183.158           1
11/ 7/2018 41: 2:20         180         180         180         180       10000               180     1800000    36600000      200000         183           1
11/ 7/2018 41: 2:22         170         170         170         170       10000               170     1700000    38300000      210000     182.381           1
11/ 7/2018 43: 2: 3         180         180         180         180       10000               180     1800000    40100000      220000     182.273           1
11/ 7/2018 44: 2: 5         170         170         170         170       10000               170     1700000    41800000      230000     181.739           1
11/ 7/2018 44: 2: 7         180         180         180         180       10000               180     1800000    43600000      240000     181.667           1
11/ 7/2018 44: 2:12         170         170         170         170       10000               170     1700000    45300000      250000       181.2           1
11/ 7/2018 44: 2:13         180         180         180         180       10000               180     1800000    47100000      260000     181.154           1
12/ 7/2018  6: 2:52         170         170         170         170       10000               170     1700000    48800000      270000     180.741           1
12/ 7/2018  6: 2:53         180         180         180         180       10000               180     1800000    50600000      280000     180.714           1
12/ 7/2018  6: 2:57         170         170         170         170       10000               170     1700000    52300000      290000     180.345           1
12/ 7/2018  7: 2:47         180         180         180         180       10000               180     1800000    54100000      300000     180.333           1
12/ 7/2018  8: 2: 2         170         170         170         170       10000               170     1700000    55800000      310000         180           1
12/ 7/2018  8: 2:24         180         180         180         180       10000               180     1800000    57600000      320000         180           1
12/ 7/2018 11: 2: 3         170         170         170         170       10000               170     1700000    59300000      330000     179.697           1
12/ 7/2018 26: 2:27         160         160         160         160       10000               160     1600000    60900000      340000     179.118           1
12/ 7/2018 26: 2:38         170         170         170         170       10000               170     1700000    62600000      350000     178.857           1
12/ 7/2018 26: 2:44         160         160         160         160       10000               160     1600000    64200000      360000     178.333           1
12/ 7/2018 27: 2:22         170         170         170         170       10000               170     1700000    65900000      370000     178.108           1
12/ 7/2018 29: 2:31         160         160         160         160       10000               160     1600000    67500000      380000     177.632           1
12/ 7/2018 33: 2:17         170         170         170         170       10000               170     1700000    69200000      390000     177.436           1
12/ 7/2018 37: 2: 2         160         160         160         160       10000               160     1600000    70800000      400000         177           1
12/ 7/2018 38: 2:22         170         170         170         170       10000               170     1700000    72500000      410000     176.829           1
12/ 7/2018 38: 2:37         160         160         160         160       10000               160     1600000    74100000      420000     176.429           1
14/ 7/2018  0: 2: 0         160         160         160         160       10000               160     1600000    75700000      430000     176.047           1
14/ 7/2018  6: 2: 8         150         150         150         150       10000               150     1500000    77200000      440000     175.455           1
14/ 7/2018  6: 2:40         160         160         160         160       10000               160     1600000    78800000      450000     175.111           1
14/ 7/2018  6: 2:48         150         150         150         150       10000               150     1500000    80300000      460000     174.565           1
14/ 7/2018  6: 2:50         160         160         160         160       10000               160     1600000    81900000      470000     174.255           1
14/ 7/2018  6: 2:58         150         150         150         150       10000               150     1500000    83400000      480000      173.75           1
14/ 7/2018  6: 2:59         160         160         160         160       10000               160     1600000    85000000      490000     173.469           1
14/ 7/2018  7: 2: 0         150         150         150         150       10000               150     1500000    86500000      500000         173           1
14/ 7/2018  7: 2: 5         160         160         160         160       10000               160     1600000    88100000      510000     172.745           1
14/ 7/2018  8: 2:34         150         150         150         150       10000               150     1500000    89600000      520000     172.308           1
14/ 7/2018  9: 2: 1         160         160         160         160       10000               160     1600000    91200000      530000     172.075           1
14/ 7/2018 11: 2:58         150         150         150         150       10000               150     1500000    92700000      540000     171.667           1
14/ 7/2018 12: 2:27         160         160         160         160       10000               160     1600000    94300000      550000     171.455           1
14/ 7/2018 13: 2: 0         150         150         150         150       10000               150     1500000    95800000      560000     171.071           1
14/ 7/2018 13: 2: 7         160         160         160         160       10000               160     1600000    97400000      570000     170.877           1
14/ 7/2018 20: 2:18         150         150         150         150       10000               150     1500000    98900000      580000     170.517           1
15/ 7/2018  7: 2:20         160         160         160         160       10000               160     1600000   100500000      590000     170.339           1
15/ 7/2018  9: 2:48         150         150         150         150       10000               150     1500000   102000000      600000         170           1
15/ 7/2018  9: 2:50         160         160         160         160       10000               160     1600000   103600000      610000     169.836           1
16/ 7/2018 14: 2:17         170         170         170         170       10000               170     1700000   105300000      620000     169.839           1
16/ 7/2018 25: 2:53         180         180         180         180       10000               180     1800000   107100000      630000         170           1
16/ 7/2018 26: 2:11         170         170         170         170       10000               170     1700000   108800000      640000         170           1
16/ 7/2018 26: 2:43         180         180         180         180       10000               180     1800000   110600000      650000     170.154           1
16/ 7/2018 30: 2:58         170         170         170         170       10000               170     1700000   112300000      660000     170.152           1
16/ 7/2018 59: 2:39         180         180         180         180       10000               180     1800000   114100000      670000     170.299           1
16/ 7/2018 59: 2:49         170         170         170         170       10000               170     1700000   115800000      680000     170.294           1
