         Date              Open        High         Low       Close      Volume     Typical Price         V*P    Total VP     Total V        VWAP    Message Count
10/ 7/2018  0: 2: 1         440         440         440         440           1               440         440         440           1         440           1
10/ 7/2018  1: 2:42         440         440         440         440          99               440       43560       44000         100         440           1
10/ 7/2018  2: 2:24         440         440         440         440         100               440       44000       88000         200         440           1
10/ 7/2018  2: 2:35         460         460         460         460         100               460       46000      134000         300     446.667           1
10/ 7/2018  2: 2:36         450         450         450         450         100               450       45000      179000         400       447.5           1
10/ 7/2018  2: 2:40         470         470         470         470         100               470       47000      226000         500         452           1
10/ 7/2018  2: 2:44         490         490         490         490         100               490       49000      275000         600     458.333           1
10/ 7/2018  2: 2:45         510         510         510         510         100               510       51000      326000         700     465.714           1
10/ 7/2018  2: 2:56         510         510         510         510      100000               510    51000000    51326000      100700     509.692           1
10/ 7/2018  2: 2:59         530         530         530         530      100000               530    53000000   104326000      200700     519.811           1
10/ 7/2018  3: 2: 5         530         530         530         530      100000               530    53000000   157326000      300700     523.199           1
10/ 7/2018  3: 2: 6         530         530         530         530       50000               530    26500000   183826000      350700     524.169           1
10/ 7/2018  6: 2:50         530         530         530         530       50000               530    26500000   210326000      400700     524.896           1
10/ 7/2018  7: 2:19         540         540         540         540       50000               540    27000000   237326000      450700     526.572           1
10/ 7/2018  9: 2:30         530         530         530         530       50000               530    26500000   263826000      500700     526.914           1
10/ 7/2018 10: 2: 4         540         540         540         540       50000               540    27000000   290826000      550700     528.102           1
10/ 7/2018 10: 2:36         530         530         530         530       50000               530    26500000   317326000      600700      528.26           1
10/ 7/2018 10: 2:53         540         540         540         540       50000               540    27000000   344326000      650700     529.162           1
10/ 7/2018 11: 2:30         550         550         550         550       50000               550    27500000   371826000      700700     530.649           1
10/ 7/2018 12: 2:26         540         540         540         540       50000               540    27000000   398826000      750700     531.272           1
10/ 7/2018 14: 2:42         550         550         550         550       50000               550    27500000   426326000      800700     532.442           1
10/ 7/2018 17: 2:58         540         540         540         540       50000               540    27000000   453326000      850700     532.886           1
10/ 7/2018 19: 2:49         550         550         550         550       50000               550    27500000   480826000      900700     533.836           1
10/ 7/2018 28: 2:14         560         560         560         560       50000               560    28000000   508826000      950700     535.212           1
10/ 7/2018 28: 2:23         570         570         570         570       50000               570    28500000   537326000     1000700      536.95           1
10/ 7/2018 29: 2:15         560         560         560         560       50000               560    28000000   565326000     1050700     538.047           1
10/ 7/2018 32: 2: 1         550         550         550         550       50000               550    27500000   592826000     1100700      538.59           1
10/ 7/2018 33: 2: 6         540         540         540         540       50000               540    27000000   619826000     1150700     538.651           1
10/ 7/2018 33: 2:25         550         550         550         550       50000               550    27500000   647326000     1200700     539.124           1
10/ 7/2018 37: 2:11         540         540         540         540       50000               540    27000000   674326000     1250700     539.159           1
10/ 7/2018 37: 2:29         550         550         550         550       50000               550    27500000   701826000     1300700     539.576           1
10/ 7/2018 38: 2:46         560         560         560         560       50000               560    28000000   729826000     1350700     540.332           1
10/ 7/2018 39: 2:19         550         550         550         550       50000               550    27500000   757326000     1400700     540.677           1
10/ 7/2018 41: 2:22         540         540         540         540       50000               540    27000000   784326000     1450700     540.653           1
10/ 7/2018 43: 2: 8         550         550         550         550       50000               550    27500000   811826000     1500700     540.965           1
10/ 7/2018 44: 2:16         560         560         560         560       50000               560    28000000   839826000     1550700     541.579           1
10/ 7/2018 44: 2:31         550         550         550         550       50000               550    27500000   867326000     1600700     541.842           1
10/ 7/2018 44: 2:42         560         560         560         560       50000               560    28000000   895326000     1650700     542.392           1
10/ 7/2018 46: 2:16         550         550         550         550       50000               550    27500000   922826000     1700700     542.615           1
10/ 7/2018 50: 2: 7         550         550         550         550       50000               550    27500000   950326000     1750700     542.826           1
10/ 7/2018 51: 2:47         560         560         560         560       50000               560    28000000   978326000     1800700     543.303           1
10/ 7/2018 53: 2:44         550         550         550         550       50000               550    27500000  1005826000     1850700     543.484           1
11/ 7/2018  0: 2: 0         560         560         560         560       50000               560    28000000  1033826000     1900700     543.919           1
11/ 7/2018  1: 2: 0         560         560         560         560       50000               560    28000000  1061826000     1950700     544.331           1
11/ 7/2018  3: 2:45         560         560         560         560       50000               560    28000000  1089826000     2000700     544.722           1
11/ 7/2018  4: 2: 9         550         550         550         550       50000               550    27500000  1117326000     2050700     544.851           1
11/ 7/2018  7: 2:24         560         560         560         560       50000               560    28000000  1145326000     2100700     545.212           1
11/ 7/2018 10: 2:16         550         550         550         550       50000               550    27500000  1172826000     2150700     545.323           1
11/ 7/2018 15: 2: 3         540         540         540         540       50000               540    27000000  1199826000     2200700     545.202           1
11/ 7/2018 15: 2:18         550         550         550         550       50000               550    27500000  1227326000     2250700     545.309           1
11/ 7/2018 18: 2:12         550         550         550         550       50000               550    27500000  1254826000     2300700     545.411           1
11/ 7/2018 19: 2:44         540         540         540         540       50000               540    27000000  1281826000     2350700     545.295           1
11/ 7/2018 35: 2: 3         550         550         550         550       50000               550    27500000  1309326000     2400700     545.393           1
11/ 7/2018 37: 2:57         540         540         540         540       50000               540    27000000  1336326000     2450700     545.283           1
11/ 7/2018 41: 2: 7         550         550         550         550       50000               550    27500000  1363826000     2500700     545.378           1
11/ 7/2018 41: 2:52         540         540         540         540       50000               540    27000000  1390826000     2550700     545.272           1
12/ 7/2018  6: 2:16         530         530         530         530       50000               530    26500000  1417326000     2600700     544.979           1
12/ 7/2018  7: 2: 6         540         540         540         540       50000               540    27000000  1444326000     2650700     544.885           1
12/ 7/2018  7: 2:37         530         530         530         530       50000               530    26500000  1470826000     2700700     544.609           1
12/ 7/2018  8: 2:43         540         540         540         540       50000               540    27000000  1497826000     2750700     544.525           1
12/ 7/2018  9: 2: 4         530         530         530         530       50000               530    26500000  1524326000     2800700     544.266           1
12/ 7/2018 26: 2: 7         520         520         520         520       50000               520    26000000  1550326000     2850700      543.84           1
12/ 7/2018 27: 2:20         530         530         530         530       50000               530    26500000  1576826000     2900700     543.602           1
12/ 7/2018 29: 2:53         520         520         520         520       50000               520    26000000  1602826000     2950700     543.202           1
12/ 7/2018 37: 2:41         530         530         530         530       50000               530    26500000  1629326000     3000700     542.982           1
12/ 7/2018 41: 2:13         520         520         520         520       50000               520    26000000  1655326000     3050700     542.605           1
12/ 7/2018 41: 2:21         530         530         530         530       50000               530    26500000  1681826000     3100700     542.402           1
12/ 7/2018 44: 2:53         520         520         520         520       50000               520    26000000  1707826000     3150700     542.047           1
12/ 7/2018 46: 2:19         530         530         530         530       50000               530    26500000  1734326000     3200700     541.858           1
12/ 7/2018 48: 2:12         540         540         540         540       50000               540    27000000  1761326000     3250700      541.83           1
12/ 7/2018 49: 2:30         530         530         530         530       50000               530    26500000  1787826000     3300700     541.651           1
12/ 7/2018 50: 2:19         540         540         540         540       50000               540    27000000  1814826000     3350700     541.626           1
12/ 7/2018 59: 2: 0         550         550         550         550       50000               550    27500000  1842326000     3400700     541.749           1
14/ 7/2018  0: 2: 1         540         540         540         540       50000               540    27000000  1869326000     3450700     541.724           1
14/ 7/2018  4: 2: 5         540         540         540         540       50000               540    27000000  1896326000     3500700     541.699           1
14/ 7/2018  7: 2:37         530         530         530         530       50000               530    26500000  1922826000     3550700     541.534           1
14/ 7/2018 13: 2: 7         520         520         520         520       50000               520    26000000  1948826000     3600700     541.235           1
14/ 7/2018 16: 2:39         530         530         530         530       50000               530    26500000  1975326000     3650700     541.081           1
14/ 7/2018 17: 2:25         520         520         520         520       50000               520    26000000  2001326000     3700700     540.797           1
14/ 7/2018 20: 2:59         520         520         520         520       50000               520    26000000  2027326000     3750700     540.519           1
14/ 7/2018 21: 2:52         520         520         520         520       50000               520    26000000  2053326000     3800700     540.249           1
14/ 7/2018 22: 2:14         510         510         510         510       50000               510    25500000  2078826000     3850700     539.857           1
14/ 7/2018 37: 2:47         500         500         500         500       50000               500    25000000  2103826000     3900700     539.346           1
14/ 7/2018 38: 2:20         510         510         510         510       50000               510    25500000  2129326000     3950700     538.974           1
14/ 7/2018 43: 2: 0         500         500         500         500       50000               500    25000000  2154326000     4000700     538.487           1
14/ 7/2018 52: 2:20         510         510         510         510       50000               510    25500000  2179826000     4050700     538.136           1
14/ 7/2018 52: 2:22         510         510         510         510       50000               510    25500000  2205326000     4100700     537.793           1
14/ 7/2018 55: 2: 5         500         500         500         500       50000               500    25000000  2230326000     4150700     537.337           1
14/ 7/2018 59: 2: 9         500         500         500         500       50000               500    25000000  2255326000     4200700     536.893           1
15/ 7/2018  6: 2:28         510         510         510         510       50000               510    25500000  2280826000     4250700     536.577           1
15/ 7/2018  7: 2: 0         500         500         500         500       50000               500    25000000  2305826000     4300700     536.151           1
15/ 7/2018 13: 2: 1         500         500         500         500       50000               500    25000000  2330826000     4350700     535.736           1
15/ 7/2018 13: 2:47         500         500         500         500       50000               500    25000000  2355826000     4400700      535.33           1
15/ 7/2018 18: 2:38         490         490         490         490       50000               490    24500000  2380326000     4450700     534.821           1
15/ 7/2018 21: 2: 2         500         500         500         500       50000               500    25000000  2405326000     4500700     534.434           1
15/ 7/2018 31: 2:25         490         490         490         490       50000               490    24500000  2429826000     4550700     533.946           1
15/ 7/2018 33: 2:58         500         500         500         500       50000               500    25000000  2454826000     4600700     533.577           1
15/ 7/2018 35: 2:28         490         490         490         490       50000               490    24500000  2479326000     4650700     533.108           1
15/ 7/2018 36: 2:39         500         500         500         500       50000               500    25000000  2504326000     4700700     532.756           1
15/ 7/2018 41: 2:39         490         490         490         490       50000               490    24500000  2528826000     4750700     532.306           1
15/ 7/2018 43: 2:10         500         500         500         500       50000               500    25000000  2553826000     4800700      531.97           1
15/ 7/2018 49: 2:30         490         490         490         490       50000               490    24500000  2578326000     4850700     531.537           1
15/ 7/2018 57: 2:51         480         480         480         480       50000               480    24000000  2602326000     4900700     531.011           1
16/ 7/2018  1: 2:10         470         470         470         470       50000               470    23500000  2625826000     4950700     530.395           1
16/ 7/2018  1: 2:22         480         480         480         480       50000               480    24000000  2649826000     5000700     529.891           1
16/ 7/2018  4: 2: 0         470         470         470         470       50000               470    23500000  2673326000     5050700     529.298           1
16/ 7/2018  5: 2:41         470         470         470         470       50000               470    23500000  2696826000     5100700     528.717           1
16/ 7/2018 20: 2:56         470         470         470         470       50000               470    23500000  2720326000     5150700     528.147           1
16/ 7/2018 22: 2:46         480         480         480         480       50000               480    24000000  2744326000     5200700     527.684           1
16/ 7/2018 27: 2:56         490         490         490         490       50000               490    24500000  2768826000     5250700     527.325           1
16/ 7/2018 28: 2:48         480         480         480         480       50000               480    24000000  2792826000     5300700     526.879           1
16/ 7/2018 30: 2:31         470         470         470         470       50000               470    23500000  2816326000     5350700     526.347           1
16/ 7/2018 31: 2:25         460         460         460         460       50000               460    23000000  2839326000     5400700     525.733           1
16/ 7/2018 35: 2:16         470         470         470         470       50000               470    23500000  2862826000     5450700     525.222           1
16/ 7/2018 36: 2:55         460         460         460         460       50000               460    23000000  2885826000     5500700     524.629           1
16/ 7/2018 37: 2:39         470         470         470         470       50000               470    23500000  2909326000     5550700     524.137           1
16/ 7/2018 38: 2:22         460         460         460         460       50000               460    23000000  2932326000     5600700     523.564           1
16/ 7/2018 41: 2:17         470         470         470         470       50000               470    23500000  2955826000     5650700      523.09           1
16/ 7/2018 48: 2:45         480         480         480         480       50000               480    24000000  2979826000     5700700     522.712           1
16/ 7/2018 49: 2: 1         470         470         470         470       50000               470    23500000  3003326000     5750700     522.254           1
16/ 7/2018 50: 2: 5         480         480         480         480       50000               480    24000000  3027326000     5800700      521.89           1
16/ 7/2018 51: 2:48         470         470         470         470       50000               470    23500000  3050826000     5850700     521.446           1
16/ 7/2018 53: 2:38         480         480         480         480       50000               480    24000000  3074826000     5900700     521.095           1
16/ 7/2018 56: 2:40         470         470         470         470       50000               470    23500000  3098326000     5950700     520.666           1
17/ 7/2018  1: 2:41         480         480         480         480       50000               480    24000000  3122326000     6000700     520.327           1
17/ 7/2018  8: 2:52         470         470         470         470       50000               470    23500000  3145826000     6050700     519.911           1
17/ 7/2018 12: 2:19         480         480         480         480       50000               480    24000000  3169826000     6100700     519.584           1
17/ 7/2018 14: 2: 4         470         470         470         470       50000               470    23500000  3193326000     6150700     519.181           1
17/ 7/2018 39: 2:21         480         480         480         480       50000               480    24000000  3217326000     6200700     518.865           1
17/ 7/2018 45: 2:29         470         470         470         470       50000               470    23500000  3240826000     6250700     518.474           1
17/ 7/2018 45: 2:53         480         480         480         480       50000               480    24000000  3264826000     6300700     518.169           1
17/ 7/2018 54: 2:19         490         490         490         490       50000               490    24500000  3289326000     6350700     517.947           1
17/ 7/2018 54: 2:48         480         480         480         480       50000               480    24000000  3313326000     6400700     517.651           1
