         Date              Open        High         Low       Close      Volume     Typical Price         V*P    Total VP     Total V        VWAP    Message Count
10/ 7/2018  0: 2:30         140         140         140         140       50000               140     7000000     7000000       50000         140           1
10/ 7/2018  1: 2:13         150         150         130         130       50000           136.667     6833333    13833333      100000     138.333           2
10/ 7/2018  2: 2:17         140         140         140         140       50000               140     7000000    20833333      150000     138.889           1
10/ 7/2018  2: 2:30         130         130         130         130       50000               130     6500000    27333333      200000     136.667           1
10/ 7/2018  2: 2:31         140         140         140         140       50000               140     7000000    34333333      250000     137.333           1
10/ 7/2018  3: 2:10         150         150         150         150       50000               150     7500000    41833333      300000     139.444           1
10/ 7/2018  3: 2:12         140         140         140         140       50000               140     7000000    48833333      350000     139.524           1
10/ 7/2018  3: 2:23         150         150         150         150       50000               150     7500000    56333333      400000     140.833           1
10/ 7/2018  3: 2:25         140         140         140         140       50000               140     7000000    63333333      450000     140.741           1
10/ 7/2018  4: 2:24         150         150         150         150       50000               150     7500000    70833333      500000     141.667           1
10/ 7/2018  4: 2:27         140         140         140         140       50000               140     7000000    77833333      550000     141.515           1
10/ 7/2018  4: 2:29         150         150         150         150       50000               150     7500000    85333333      600000     142.222           1
10/ 7/2018  4: 2:30         140         140         140         140       50000               140     7000000    92333333      650000     142.051           1
10/ 7/2018  4: 2:34         150         150         150         150       50000               150     7500000    99833333      700000     142.619           1
10/ 7/2018  4: 2:38         140         140         140         140       50000               140     7000000   106833333      750000     142.444           1
10/ 7/2018  6: 2: 5         150         150         150         150       50000               150     7500000   114333333      800000     142.917           1
10/ 7/2018  6: 2:10         140         140         140         140       50000               140     7000000   121333333      850000     142.745           1
10/ 7/2018  7: 2:36         150         150         150         150       50000               150     7500000   128833333      900000     143.148           1
10/ 7/2018  7: 2:43         140         140         140         140       50000               140     7000000   135833333      950000     142.982           1
10/ 7/2018  8: 2:58         150         150         150         150       50000               150     7500000   143333333     1000000     143.333           1
10/ 7/2018  8: 2:59         140         140         140         140       50000               140     7000000   150333333     1050000     143.175           1
10/ 7/2018  9: 2:53         150         150         150         150       50000               150     7500000   157833333     1100000     143.485           1
10/ 7/2018  9: 2:57         140         140         140         140       50000               140     7000000   164833333     1150000     143.333           1
10/ 7/2018 10: 2: 8         150         150         150         150       50000               150     7500000   172333333     1200000     143.611           1
10/ 7/2018 10: 2: 9         140         140         140         140       50000               140     7000000   179333333     1250000     143.467           1
10/ 7/2018 10: 2:10         150         150         140         140       50000           143.333     7166666   186499999     1300000     143.462           2
10/ 7/2018 12: 2:22         150         150         150         150       50000               150     7500000   193999999     1350000     143.704           1
10/ 7/2018 12: 2:23         140         140         140         140       50000               140     7000000   200999999     1400000     143.571           1
10/ 7/2018 12: 2:25         150         150         150         150       50000               150     7500000   208499999     1450000     143.793           1
10/ 7/2018 12: 2:26         140         140         140         140       50000               140     7000000   215499999     1500000     143.667           1
10/ 7/2018 12: 2:27         150         150         150         150       50000               150     7500000   222999999     1550000     143.871           1
10/ 7/2018 12: 2:28         140         140         140         140       50000               140     7000000   229999999     1600000      143.75           1
10/ 7/2018 13: 2:18         150         150         150         150       50000               150     7500000   237499999     1650000     143.939           1
10/ 7/2018 13: 2:33         140         140         140         140       50000               140     7000000   244499999     1700000     143.824           1
10/ 7/2018 15: 2:34         150         150         150         150       50000               150     7500000   251999999     1750000         144           1
10/ 7/2018 15: 2:35         140         140         140         140       50000               140     7000000   258999999     1800000     143.889           1
10/ 7/2018 17: 2:38         150         150         150         150       50000               150     7500000   266499999     1850000     144.054           1
10/ 7/2018 17: 2:41         140         150         140         150       50000           146.667     7333333   273833332     1900000     144.123           2
10/ 7/2018 18: 2: 1         140         150         140         150       50000           146.667     7333333   281166665     1950000     144.188           2
10/ 7/2018 18: 2:17         140         140         140         140       50000               140     7000000   288166665     2000000     144.083           1
10/ 7/2018 18: 2:18         150         150         150         150       50000               150     7500000   295666665     2050000     144.228           1
10/ 7/2018 18: 2:21         140         140         140         140       50000               140     7000000   302666665     2100000     144.127           1
10/ 7/2018 20: 2:57         150         150         150         150       50000               150     7500000   310166665     2150000     144.264           1
10/ 7/2018 20: 2:58         140         140         140         140       50000               140     7000000   317166665     2200000     144.167           1
10/ 7/2018 21: 2:13         150         150         150         150       50000               150     7500000   324666665     2250000     144.296           1
10/ 7/2018 21: 2:27         140         140         140         140       50000               140     7000000   331666665     2300000     144.203           1
10/ 7/2018 21: 2:53         150         150         150         150       50000               150     7500000   339166665     2350000     144.326           1
10/ 7/2018 22: 2: 8         140         140         140         140       50000               140     7000000   346166665     2400000     144.236           1
10/ 7/2018 22: 2:37         150         150         150         150       50000               150     7500000   353666665     2450000     144.354           1
10/ 7/2018 22: 2:49         140         140         140         140       50000               140     7000000   360666665     2500000     144.267           1
10/ 7/2018 23: 2:38         150         150         150         150       50000               150     7500000   368166665     2550000     144.379           1
10/ 7/2018 24: 2:12         140         150         140         150       50000           146.667     7333333   375499998     2600000     144.423           2
10/ 7/2018 24: 2:13         140         140         140         140       50000               140     7000000   382499998     2650000      144.34           1
10/ 7/2018 26: 2: 6         150         150         150         150       50000               150     7500000   389999998     2700000     144.444           1
10/ 7/2018 26: 2:10         140         140         140         140       50000               140     7000000   396999998     2750000     144.364           1
10/ 7/2018 26: 2:42         150         150         150         150       50000               150     7500000   404499998     2800000     144.464           1
10/ 7/2018 26: 2:45         140         140         140         140       50000               140     7000000   411499998     2850000     144.386           1
10/ 7/2018 26: 2:46         150         150         150         150       50000               150     7500000   418999998     2900000     144.483           1
10/ 7/2018 26: 2:52         140         140         140         140       50000               140     7000000   425999998     2950000     144.407           1
10/ 7/2018 27: 2: 4         150         150         150         150       50000               150     7500000   433499998     3000000       144.5           1
10/ 7/2018 27: 2: 8         140         140         140         140       50000               140     7000000   440499998     3050000     144.426           1
10/ 7/2018 30: 2:19         150         150         150         150       50000               150     7500000   447999998     3100000     144.516           1
10/ 7/2018 30: 2:26         140         140         140         140       50000               140     7000000   454999998     3150000     144.444           1
10/ 7/2018 30: 2:29         150         150         150         150       50000               150     7500000   462499998     3200000     144.531           1
10/ 7/2018 30: 2:30         140         140         140         140       50000               140     7000000   469499998     3250000     144.462           1
10/ 7/2018 30: 2:34         150         150         150         150       50000               150     7500000   476999998     3300000     144.545           1
10/ 7/2018 30: 2:50         140         140         140         140       50000               140     7000000   483999998     3350000     144.478           1
10/ 7/2018 32: 2:18         130         130         130         130      100000               130    13000000   496999998     3450000     144.058           1
10/ 7/2018 32: 2:30         150         150         140         140       50000           143.333     7166666   504166664     3500000     144.048           2
10/ 7/2018 34: 2:30         150         150         140         140       50000           143.333     7166666   511333330     3550000     144.038           2
10/ 7/2018 34: 2:31         150         150         150         150       50000               150     7500000   518833330     3600000      144.12           1
10/ 7/2018 34: 2:32         120         120         120         120      100000               120    12000000   530833330     3700000     143.468           1
10/ 7/2018 34: 2:35         140         140         140         140       50000               140     7000000   537833330     3750000     143.422           1
10/ 7/2018 34: 2:57         150         150         150         150       50000               150     7500000   545333330     3800000     143.509           1
10/ 7/2018 34: 2:58         140         140         140         140       50000               140     7000000   552333330     3850000     143.463           1
10/ 7/2018 34: 2:59         150         150         150         150       50000               150     7500000   559833330     3900000     143.547           1
10/ 7/2018 35: 2: 0         140         140         140         140       50000               140     7000000   566833330     3950000     143.502           1
10/ 7/2018 36: 2:56         150         150         150         150       50000               150     7500000   574333330     4000000     143.583           1
10/ 7/2018 36: 2:57         140         140         140         140       50000               140     7000000   581333330     4050000     143.539           1
10/ 7/2018 37: 2: 2         150         150         140         140       50000           143.333     7166666   588499996     4100000     143.537           2
10/ 7/2018 37: 2:47         150         150         150         150       50000               150     7500000   595999996     4150000     143.614           1
10/ 7/2018 37: 2:54         140         140         140         140       50000               140     7000000   602999996     4200000     143.571           1
10/ 7/2018 45: 2:44         150         150         150         150       50000               150     7500000   610499996     4250000     143.647           1
10/ 7/2018 45: 2:54         140         140         140         140       50000               140     7000000   617499996     4300000     143.605           1
10/ 7/2018 46: 2: 0         150         150         150         150       50000               150     7500000   624999996     4350000     143.678           1
10/ 7/2018 46: 2: 1         140         150         140         150       50000           146.667     7333333   632333329     4400000     143.712           2
10/ 7/2018 46: 2:12         150         160         150         160       50000           156.667     7833333   640166662     4450000     143.858           2
10/ 7/2018 46: 2:14         150         150         150         150       50000               150     7500000   647666662     4500000     143.926           1
10/ 7/2018 46: 2:23         140         140         140         140       50000               140     7000000   654666662     4550000     143.883           1
10/ 7/2018 46: 2:50         150         150         150         150       50000               150     7500000   662166662     4600000     143.949           1
10/ 7/2018 46: 2:52         160         160         160         160       50000               160     8000000   670166662     4650000     144.122           1
10/ 7/2018 46: 2:53         140         140         140         140       50000               140     7000000   677166662     4700000     144.078           1
10/ 7/2018 47: 2: 3         150         150         150         150       50000               150     7500000   684666662     4750000      144.14           1
10/ 7/2018 47: 2: 5         160         160         150         150       50000           153.333     7666666   692333328     4800000     144.236           2
10/ 7/2018 47: 2: 6         150         150         150         150       50000               150     7500000   699833328     4850000     144.296           1
10/ 7/2018 47: 2:14         140         140         140         140       50000               140     7000000   706833328     4900000     144.252           1
10/ 7/2018 47: 2:15         150         150         150         150       50000               150     7500000   714333328     4950000      144.31           1
10/ 7/2018 47: 2:16         160         160         160         160       50000               160     8000000   722333328     5000000     144.467           1
10/ 7/2018 47: 2:18         150         150         150         150       50000               150     7500000   729833328     5050000     144.521           1
10/ 7/2018 48: 2: 9         160         160         160         160       50000               160     8000000   737833328     5100000     144.673           1
10/ 7/2018 48: 2:15         150         150         150         150       50000               150     7500000   745333328     5150000     144.725           1
10/ 7/2018 48: 2:50         160         160         160         160       50000               160     8000000   753333328     5200000     144.872           1
10/ 7/2018 48: 2:51         150         150         150         150       50000               150     7500000   760833328     5250000     144.921           1
10/ 7/2018 48: 2:54         160         160         160         160       50000               160     8000000   768833328     5300000     145.063           1
10/ 7/2018 49: 2: 0         150         150         150         150       50000               150     7500000   776333328     5350000     145.109           1
10/ 7/2018 49: 2:15         160         160         160         160       50000               160     8000000   784333328     5400000     145.247           1
10/ 7/2018 49: 2:20         150         150         150         150       50000               150     7500000   791833328     5450000     145.291           1
10/ 7/2018 49: 2:22         160         160         160         160       50000               160     8000000   799833328     5500000     145.424           1
10/ 7/2018 49: 2:32         150         150         150         150       50000               150     7500000   807333328     5550000     145.465           1
10/ 7/2018 51: 2:45         160         160         160         160       50000               160     8000000   815333328     5600000     145.595           1
10/ 7/2018 51: 2:58         150         150         150         150       50000               150     7500000   822833328     5650000     145.634           1
10/ 7/2018 52: 2:32         160         160         160         160       50000               160     8000000   830833328     5700000      145.76           1
10/ 7/2018 52: 2:33         140         140         140         140       50000               140     7000000   837833328     5750000      145.71           1
10/ 7/2018 53: 2:49         140         140         140         140       50000               140     7000000   844833328     5800000     145.661           1
10/ 7/2018 54: 2: 0         130         130         130         130       49999               130     6499870   851333198     5849999     145.527           1
10/ 7/2018 54: 2:12         140         140         140         140       50000               140     7000000   858333198     5899999      145.48           1
10/ 7/2018 54: 2:21         160         160         160         160       50000               160     8000000   866333198     5949999     145.602           1
10/ 7/2018 54: 2:22         150         150         150         150       50000               150     7500000   873833198     5999999     145.639           1
10/ 7/2018 54: 2:23         160         160         160         160       50000               160     8000000   881833198     6049999     145.758           1
10/ 7/2018 54: 2:24         150         150         150         150       50000               150     7500000   889333198     6099999     145.792           1
10/ 7/2018 54: 2:47         160         160         160         160       50000               160     8000000   897333198     6149999     145.908           1
10/ 7/2018 55: 2: 6         150         150         150         150       50000               150     7500000   904833198     6199999     145.941           1
10/ 7/2018 56: 2:35         160         160         160         160       50000               160     8000000   912833198     6249999     146.053           1
10/ 7/2018 56: 2:39         150         150         150         150       50000               150     7500000   920333198     6299999     146.085           1
10/ 7/2018 56: 2:41         160         160         160         160       50000               160     8000000   928333198     6349999     146.194           1
10/ 7/2018 56: 2:42         140         140         140         140       50000               140     7000000   935333198     6399999     146.146           1
10/ 7/2018 56: 2:46         160         160         160         160       50000               160     8000000   943333198     6449999     146.253           1
10/ 7/2018 57: 2: 3         140         140         140         140       50000               140     7000000   950333198     6499999     146.205           1
10/ 7/2018 57: 2:13         150         150         150         150       50000               150     7500000   957833198     6549999     146.234           1
10/ 7/2018 59: 2:15         160         160         160         160       50000               160     8000000   965833198     6599999     146.338           1
10/ 7/2018 59: 2:16         150         150         150         150       50000               150     7500000   973333198     6649999     146.366           1
10/ 7/2018 59: 2:18         140         140         140         140       50000               140     7000000   980333198     6699999     146.318           1
10/ 7/2018 59: 2:20         150         150         150         150       50000               150     7500000   987833198     6749999     146.346           1
11/ 7/2018  0: 2:46         160         160         160         160       50000               160     8000000   995833198     6799999     146.446           1
11/ 7/2018  0: 2:48         150         150         150         150       50000               150     7500000  1003333198     6849999     146.472           1
11/ 7/2018  1: 2: 2         140         140         140         140       50000               140     7000000  1010333198     6899999     146.425           1
11/ 7/2018  1: 2: 5         160         160         160         160       50000               160     8000000  1018333198     6949999     146.523           1
11/ 7/2018  1: 2: 6         150         150         150         150       50000               150     7500000  1025833198     6999999     146.548           1
11/ 7/2018  1: 2:27         160         160         160         160       50000               160     8000000  1033833198     7049999     146.643           1
11/ 7/2018  1: 2:33         150         150         150         150       50000               150     7500000  1041333198     7099999     146.667           1
11/ 7/2018  3: 2:32         160         160         150         150       50000           153.333     7666666  1048999864     7149999     146.713           2
11/ 7/2018  3: 2:33         140         140         140         140       50000               140     7000000  1055999864     7199999     146.667           1
11/ 7/2018  4: 2:55         150         150         150         150       50000               150     7500000  1063499864     7249999      146.69           1
11/ 7/2018  4: 2:57         140         140         140         140       50000               140     7000000  1070499864     7299999     146.644           1
11/ 7/2018  4: 2:59         150         150         150         150       50000               150     7500000  1077999864     7349999     146.667           1
11/ 7/2018  5: 2: 5         140         140         140         140       50000               140     7000000  1084999864     7399999     146.622           1
11/ 7/2018  6: 2:10         150         150         150         150       50000               150     7500000  1092499864     7449999     146.644           1
11/ 7/2018  6: 2:11         140         140         140         140       50000               140     7000000  1099499864     7499999       146.6           1
11/ 7/2018  6: 2:12         150         150         150         150       50000               150     7500000  1106999864     7549999     146.623           1
11/ 7/2018  6: 2:15         140         140         140         140       50000               140     7000000  1113999864     7599999     146.579           1
11/ 7/2018  6: 2:33         150         150         150         150       50000               150     7500000  1121499864     7649999     146.601           1
11/ 7/2018  6: 2:34         140         140         140         140       50000               140     7000000  1128499864     7699999     146.558           1
11/ 7/2018  6: 2:48         150         150         150         150       50000               150     7500000  1135999864     7749999     146.581           1
11/ 7/2018  6: 2:50         140         140         140         140       50000               140     7000000  1142999864     7799999     146.538           1
11/ 7/2018  6: 2:53         150         150         140         140       50000           143.333     7166666  1150166530     7849999     146.518           2
11/ 7/2018  6: 2:55         150         150         150         150       50000               150     7500000  1157666530     7899999      146.54           1
11/ 7/2018  6: 2:57         140         140         140         140       50000               140     7000000  1164666530     7949999     146.499           1
11/ 7/2018  7: 2:48         150         150         150         150       50000               150     7500000  1172166530     7999999     146.521           1
11/ 7/2018  7: 2:49         140         140         140         140       50000               140     7000000  1179166530     8049999      146.48           1
11/ 7/2018  8: 2:58         160         160         160         160       50000               160     8000000  1187166530     8099999     146.564           1
11/ 7/2018  9: 2: 2         150         150         150         150       50000               150     7500000  1194666530     8149999     146.585           1
11/ 7/2018  9: 2:21         150         150         150         150       50000               150     7500000  1202166530     8199999     146.606           1
11/ 7/2018  9: 2:25         150         150         150         150       50000               150     7500000  1209666530     8249999     146.626           1
11/ 7/2018  9: 2:52         140         140         140         140       50000               140     7000000  1216666530     8299999     146.586           1
11/ 7/2018 12: 2: 4         150         150         150         150       50000               150     7500000  1224166530     8349999     146.607           1
11/ 7/2018 12: 2:15         140         140         140         140       50000               140     7000000  1231166530     8399999     146.567           1
11/ 7/2018 12: 2:16         150         150         150         150       50000               150     7500000  1238666530     8449999     146.588           1
11/ 7/2018 12: 2:19         140         140         140         140       50000               140     7000000  1245666530     8499999     146.549           1
11/ 7/2018 12: 2:26         150         150         150         150       50000               150     7500000  1253166530     8549999     146.569           1
11/ 7/2018 12: 2:27         140         140         140         140       50000               140     7000000  1260166530     8599999     146.531           1
11/ 7/2018 16: 2: 7         150         150         150         150       50000               150     7500000  1267666530     8649999     146.551           1
11/ 7/2018 16: 2: 8         140         140         140         140       50000               140     7000000  1274666530     8699999     146.513           1
11/ 7/2018 17: 2:59         150         150         150         150       50000               150     7500000  1282166530     8749999     146.533           1
11/ 7/2018 18: 2: 5         140         140         140         140       50000               140     7000000  1289166530     8799999     146.496           1
11/ 7/2018 18: 2:10         150         150         150         150       50000               150     7500000  1296666530     8849999     146.516           1
11/ 7/2018 18: 2:11         140         140         140         140       50000               140     7000000  1303666530     8899999     146.479           1
11/ 7/2018 18: 2:21         150         150         150         150       50000               150     7500000  1311166530     8949999     146.499           1
11/ 7/2018 18: 2:22         140         140         140         140       50000               140     7000000  1318166530     8999999     146.463           1
11/ 7/2018 18: 2:26         150         150         150         150       50000               150     7500000  1325666530     9049999     146.483           1
11/ 7/2018 18: 2:27         140         140         140         140       50000               140     7000000  1332666530     9099999     146.447           1
11/ 7/2018 18: 2:32         150         150         150         150       50000               150     7500000  1340166530     9149999     146.466           1
11/ 7/2018 18: 2:33         140         140         140         140       50000               140     7000000  1347166530     9199999     146.431           1
11/ 7/2018 18: 2:34         150         150         150         150       50000               150     7500000  1354666530     9249999      146.45           1
11/ 7/2018 18: 2:43         140         140         140         140       50000               140     7000000  1361666530     9299999     146.416           1
11/ 7/2018 18: 2:58         150         150         150         150       50000               150     7500000  1369166530     9349999     146.435           1
11/ 7/2018 19: 2: 4         140         140         140         140       50000               140     7000000  1376166530     9399999     146.401           1
11/ 7/2018 19: 2:18         150         150         150         150       50000               150     7500000  1383666530     9449999      146.42           1
11/ 7/2018 19: 2:23         140         140         140         140       50000               140     7000000  1390666530     9499999     146.386           1
11/ 7/2018 22: 2:14         130         130         130         130       22213               130     2887690  1393554220     9522212     146.348           1
11/ 7/2018 22: 2:51         150         150         150         150       50000               150     7500000  1401054220     9572212     146.367           1
11/ 7/2018 22: 2:52         140         140         140         140       50000               140     7000000  1408054220     9622212     146.334           1
11/ 7/2018 22: 2:57         150         150         150         150       50000               150     7500000  1415554220     9672212     146.353           1
11/ 7/2018 23: 2: 3         140         140         140         140       50000               140     7000000  1422554220     9722212      146.32           1
11/ 7/2018 23: 2: 5         150         150         150         150       50000               150     7500000  1430054220     9772212     146.339           1
11/ 7/2018 23: 2: 9         140         140         140         140       50000               140     7000000  1437054220     9822212     146.307           1
11/ 7/2018 23: 2:28         150         150         150         150       50000               150     7500000  1444554220     9872212     146.325           1
11/ 7/2018 23: 2:51         140         140         140         140       50000               140     7000000  1451554220     9922212     146.293           1
11/ 7/2018 24: 2: 5         150         150         150         150       50000               150     7500000  1459054220     9972212     146.312           1
11/ 7/2018 24: 2: 7         140         150         140         150       50000           146.667     7333333  1466387553    10022212     146.314           2
11/ 7/2018 24: 2:22         140         140         140         140       50000               140     7000000  1473387553    10072212     146.282           1
11/ 7/2018 24: 2:59         150         150         150         150       50000               150     7500000  1480887553    10122212     146.301           1
11/ 7/2018 25: 2: 4         140         140         140         140       50000               140     7000000  1487887553    10172212      146.27           1
11/ 7/2018 25: 2: 5         150         150         150         150       50000               150     7500000  1495387553    10222212     146.288           1
11/ 7/2018 25: 2: 8         140         140         140         140       50000               140     7000000  1502387553    10272212     146.257           1
11/ 7/2018 26: 2:22         150         150         150         150       50000               150     7500000  1509887553    10322212     146.276           1
11/ 7/2018 26: 2:23         140         140         140         140       50000               140     7000000  1516887553    10372212     146.245           1
11/ 7/2018 26: 2:55         150         150         150         150       50000               150     7500000  1524387553    10422212     146.263           1
11/ 7/2018 27: 2:22         140         140         140         140       50000               140     7000000  1531387553    10472212     146.233           1
11/ 7/2018 27: 2:26         160         160         160         160       50000               160     8000000  1539387553    10522212     146.299           1
11/ 7/2018 27: 2:27         140         140         140         140       50000               140     7000000  1546387553    10572212     146.269           1
11/ 7/2018 28: 2:44         150         150         150         150       50000               150     7500000  1553887553    10622212     146.287           1
11/ 7/2018 30: 2: 2         140         140         140         140       50000               140     7000000  1560887553    10672212     146.257           1
11/ 7/2018 33: 2:48         150         150         140         140       50000           143.333     7166666  1568054219    10722212     146.244           2
11/ 7/2018 33: 2:51         150         150         150         150       50000               150     7500000  1575554219    10772212     146.261           1
11/ 7/2018 33: 2:55         140         140         140         140       50000               140     7000000  1582554219    10822212     146.232           1
11/ 7/2018 34: 2: 5         150         150         140         140       50000           143.333     7166666  1589720885    10872212     146.219           2
11/ 7/2018 34: 2:14         150         150         150         150       50000               150     7500000  1597220885    10922212     146.236           1
11/ 7/2018 34: 2:42         140         140         140         140       50000               140     7000000  1604220885    10972212     146.208           1
11/ 7/2018 35: 2: 4         150         150         150         150       50000               150     7500000  1611720885    11022212     146.225           1
11/ 7/2018 35: 2: 8         140         140         140         140       50000               140     7000000  1618720885    11072212     146.197           1
11/ 7/2018 36: 2:17         150         150         150         150       50000               150     7500000  1626220885    11122212     146.214           1
11/ 7/2018 36: 2:56         140         140         140         140       50000               140     7000000  1633220885    11172212     146.186           1
11/ 7/2018 37: 2:10         150         150         150         150       50000               150     7500000  1640720885    11222212     146.203           1
11/ 7/2018 37: 2:25         140         140         140         140       50000               140     7000000  1647720885    11272212     146.175           1
11/ 7/2018 37: 2:26         150         150         150         150       50000               150     7500000  1655220885    11322212     146.192           1
11/ 7/2018 37: 2:43         140         140         140         140       50000               140     7000000  1662220885    11372212     146.165           1
11/ 7/2018 42: 2: 9         150         150         150         150       50000               150     7500000  1669720885    11422212     146.182           1
11/ 7/2018 42: 2:10         140         140         140         140       50000               140     7000000  1676720885    11472212     146.155           1
11/ 7/2018 44: 2:21         150         150         150         150       50000               150     7500000  1684220885    11522212     146.172           1
11/ 7/2018 44: 2:22         140         140         140         140       50000               140     7000000  1691220885    11572212     146.145           1
11/ 7/2018 45: 2:15         150         150         150         150       50000               150     7500000  1698720885    11622212     146.162           1
11/ 7/2018 45: 2:20         140         140         140         140       50000               140     7000000  1705720885    11672212     146.135           1
11/ 7/2018 45: 2:27         150         150         150         150       50000               150     7500000  1713220885    11722212     146.152           1
11/ 7/2018 45: 2:42         140         140         140         140       50000               140     7000000  1720220885    11772212     146.126           1
11/ 7/2018 46: 2:43         150         150         150         150       50000               150     7500000  1727720885    11822212     146.142           1
11/ 7/2018 46: 2:48         140         140         140         140       50000               140     7000000  1734720885    11872212     146.116           1
11/ 7/2018 47: 2: 4         150         150         150         150       50000               150     7500000  1742220885    11922212     146.132           1
11/ 7/2018 47: 2: 5         140         140         140         140       50000               140     7000000  1749220885    11972212     146.107           1
11/ 7/2018 47: 2:20         150         150         140         140       50000           143.333     7166666  1756387551    12022212     146.095           2
11/ 7/2018 53: 2:21         150         150         150         150       50000               150     7500000  1763887551    12072212     146.111           1
11/ 7/2018 53: 2:25         140         140         140         140       50000               140     7000000  1770887551    12122212     146.086           1
11/ 7/2018 54: 2:54         150         150         150         150       50000               150     7500000  1778387551    12172212     146.102           1
11/ 7/2018 55: 2: 1         140         140         140         140       50000               140     7000000  1785387551    12222212     146.077           1
11/ 7/2018 58: 2:37         150         150         150         150       50000               150     7500000  1792887551    12272212     146.093           1
11/ 7/2018 58: 2:52         140         140         140         140       50000               140     7000000  1799887551    12322212     146.069           1
12/ 7/2018  3: 2:57         150         150         140         140       50000           143.333     7166666  1807054217    12372212     146.057           2
12/ 7/2018  5: 2:52         150         150         150         150       50000               150     7500000  1814554217    12422212     146.073           1
12/ 7/2018  5: 2:53         140         140         140         140       50000               140     7000000  1821554217    12472212     146.049           1
12/ 7/2018  6: 2: 0         150         150         150         150       50000               150     7500000  1829054217    12522212     146.065           1
12/ 7/2018  6: 2:46         140         140         140         140       50000               140     7000000  1836054217    12572212     146.041           1
12/ 7/2018  8: 2:24         150         150         150         150       50000               150     7500000  1843554217    12622212     146.056           1
12/ 7/2018  8: 2:41         140         140         140         140       50000               140     7000000  1850554217    12672212     146.032           1
12/ 7/2018  9: 2:30         150         150         140         140       50000           143.333     7166666  1857720883    12722212     146.022           2
12/ 7/2018 13: 2: 0         150         150         150         150       50000               150     7500000  1865220883    12772212     146.037           1
12/ 7/2018 13: 2: 3         140         140         140         140       50000               140     7000000  1872220883    12822212     146.014           1
12/ 7/2018 17: 2:21         130         130         130         130       50001               130     6500130  1878721013    12872213     145.952           1
12/ 7/2018 17: 2:33         140         140         140         140       50000               140     7000000  1885721013    12922213     145.929           1
12/ 7/2018 17: 2:44         140         140         140         140       50000               140     7000000  1892721013    12972213     145.906           1
12/ 7/2018 17: 2:53         150         150         150         150       50000               150     7500000  1900221013    13022213     145.922           1
12/ 7/2018 17: 2:58         140         140         140         140       50000               140     7000000  1907221013    13072213     145.899           1
12/ 7/2018 18: 2:44         150         150         150         150       50000               150     7500000  1914721013    13122213     145.914           1
12/ 7/2018 18: 2:45         140         140         140         140       50000               140     7000000  1921721013    13172213     145.892           1
12/ 7/2018 19: 2:37         130         130         130         130       50000               130     6500000  1928221013    13222213     145.832           1
12/ 7/2018 20: 2:58         140         140         140         140       50000               140     7000000  1935221013    13272213      145.81           1
12/ 7/2018 22: 2:39         130         130         130         130       50000               130     6500000  1941721013    13322213     145.751           1
12/ 7/2018 30: 2:54         120         120         120         120       50000               120     6000000  1947721013    13372213     145.654           1
12/ 7/2018 30: 2:56         130         130         130         130       50000               130     6500000  1954221013    13422213     145.596           1
12/ 7/2018 30: 2:58         120         120         120         120       50000               120     6000000  1960221013    13472213     145.501           1
12/ 7/2018 31: 2: 0         130         130         130         130       50000               130     6500000  1966721013    13522213     145.444           1
12/ 7/2018 31: 2: 3         120         120         120         120       50000               120     6000000  1972721013    13572213      145.35           1
12/ 7/2018 31: 2: 4         130         130         130         130       50000               130     6500000  1979221013    13622213     145.294           1
12/ 7/2018 31: 2: 5         120         120         120         120       50000               120     6000000  1985221013    13672213     145.201           1
12/ 7/2018 31: 2:38         130         130         130         130       50000               130     6500000  1991721013    13722213     145.146           1
12/ 7/2018 33: 2:22         120         120         120         120       50000               120     6000000  1997721013    13772213     145.054           1
12/ 7/2018 34: 2: 4         130         130         130         130       50000               130     6500000  2004221013    13822213         145           1
12/ 7/2018 34: 2: 5         120         120         120         120       50000               120     6000000  2010221013    13872213      144.91           1
12/ 7/2018 35: 2:31         130         130         130         130       50000               130     6500000  2016721013    13922213     144.856           1
12/ 7/2018 37: 2: 2         120         120         120         120       50000               120     6000000  2022721013    13972213     144.767           1
12/ 7/2018 38: 2:49         130         130         130         130       50000               130     6500000  2029221013    14022213     144.715           1
12/ 7/2018 38: 2:51         120         120         120         120       50000               120     6000000  2035221013    14072213     144.627           1
12/ 7/2018 38: 2:57         130         130         130         130       50000               130     6500000  2041721013    14122213     144.575           1
12/ 7/2018 39: 2:28         120         120         120         120       50000               120     6000000  2047721013    14172213     144.488           1
12/ 7/2018 39: 2:42         130         130         130         130       50000               130     6500000  2054221013    14222213     144.438           1
12/ 7/2018 40: 2:18         120         120         120         120       50000               120     6000000  2060221013    14272213     144.352           1
12/ 7/2018 50: 2:33         130         130         130         130       50000               130     6500000  2066721013    14322213     144.302           1
14/ 7/2018  0: 2:21         130         130         130         130       50000               130     6500000  2073221013    14372213     144.252           1
14/ 7/2018 13: 2:10         120         130         120         130       50000           126.667     6333333  2079554346    14422213     144.191           2
14/ 7/2018 13: 2:16         120         120         120         120       50000               120     6000000  2085554346    14472213     144.107           1
14/ 7/2018 13: 2:35         130         130         130         130       50000               130     6500000  2092054346    14522213     144.059           1
14/ 7/2018 13: 2:38         120         120         120         120       50000               120     6000000  2098054346    14572213     143.976           1
14/ 7/2018 13: 2:53         130         130         130         130       50000               130     6500000  2104554346    14622213     143.929           1
14/ 7/2018 14: 2:41         120         120         120         120       50000               120     6000000  2110554346    14672213     143.847           1
14/ 7/2018 15: 2:39         130         130         130         130       50000               130     6500000  2117054346    14722213       143.8           1
14/ 7/2018 18: 2: 9         120         120         120         120       50000               120     6000000  2123054346    14772213     143.719           1
14/ 7/2018 18: 2:13         130         130         130         130       50000               130     6500000  2129554346    14822213     143.673           1
14/ 7/2018 18: 2:42         120         120         120         120       50000               120     6000000  2135554346    14872213     143.594           1
14/ 7/2018 19: 2: 8         130         130         130         130       50000               130     6500000  2142054346    14922213     143.548           1
14/ 7/2018 19: 2:14         120         120         120         120       50000               120     6000000  2148054346    14972213     143.469           1
14/ 7/2018 19: 2:33         130         130         130         130       50000               130     6500000  2154554346    15022213     143.425           1
14/ 7/2018 19: 2:47         120         120         120         120       50000               120     6000000  2160554346    15072213     143.347           1
14/ 7/2018 20: 2:37         130         130         130         130       50000               130     6500000  2167054346    15122213     143.303           1
14/ 7/2018 22: 2: 7         120         120         120         120       50000               120     6000000  2173054346    15172213     143.226           1
14/ 7/2018 36: 2:26         110         110         110         110        7681               110      844910  2173899256    15179894     143.209           1
14/ 7/2018 40: 2:38         130         130         130         130       50000               130     6500000  2180399256    15229894     143.166           1
14/ 7/2018 52: 2:23         140         140         140         140       50000               140     7000000  2187399256    15279894     143.155           1
14/ 7/2018 52: 2:24         130         140         130         140       50000           136.667     6833333  2194232589    15329894     143.134           2
14/ 7/2018 52: 2:34         130         130         130         130       50000               130     6500000  2200732589    15379894     143.092           1
14/ 7/2018 52: 2:38         140         140         140         140       50000               140     7000000  2207732589    15429894     143.082           1
14/ 7/2018 52: 2:41         130         130         130         130       50000               130     6500000  2214232589    15479894     143.039           1
14/ 7/2018 53: 2: 6         140         140         140         140       50000               140     7000000  2221232589    15529894     143.029           1
14/ 7/2018 57: 2:47         150         150         150         150       50000               150     7500000  2228732589    15579894     143.052           1
14/ 7/2018 57: 2:51         140         140         140         140       50000               140     7000000  2235732589    15629894     143.042           1
14/ 7/2018 58: 2:29         150         150         150         150       50000               150     7500000  2243232589    15679894     143.064           1
14/ 7/2018 58: 2:31         140         140         140         140       50000               140     7000000  2250232589    15729894     143.055           1
15/ 7/2018  3: 2: 0         130         130         130         130       50000               130     6500000  2256732589    15779894     143.013           1
15/ 7/2018  4: 2:14         140         140         140         140       50000               140     7000000  2263732589    15829894     143.004           1
15/ 7/2018  4: 2:18         130         130         130         130       50000               130     6500000  2270232589    15879894     142.963           1
15/ 7/2018  4: 2:44         140         140         140         140       50000               140     7000000  2277232589    15929894     142.953           1
15/ 7/2018  5: 2:15         130         130         130         130       50000               130     6500000  2283732589    15979894     142.913           1
15/ 7/2018  5: 2:28         140         140         140         140       50000               140     7000000  2290732589    16029894     142.904           1
15/ 7/2018  5: 2:50         130         130         130         130       50000               130     6500000  2297232589    16079894     142.864           1
15/ 7/2018  6: 2:38         140         140         140         140       50000               140     7000000  2304232589    16129894     142.855           1
15/ 7/2018  6: 2:47         130         130         130         130       50000               130     6500000  2310732589    16179894     142.815           1
16/ 7/2018  6: 2:44         140         140         140         140       50000               140     7000000  2317732589    16229894     142.806           1
16/ 7/2018  7: 2: 2         130         130         130         130       50000               130     6500000  2324232589    16279894     142.767           1
16/ 7/2018  7: 2: 5         140         140         140         140       50000               140     7000000  2331232589    16329894     142.759           1
16/ 7/2018  7: 2: 7         130         130         130         130       50000               130     6500000  2337732589    16379894      142.72           1
16/ 7/2018 14: 2:17         140         140         140         140       50000               140     7000000  2344732589    16429894     142.711           1
16/ 7/2018 14: 2:26         130         130         130         130       50000               130     6500000  2351232589    16479894     142.673           1
16/ 7/2018 14: 2:27         140         140         140         140       50000               140     7000000  2358232589    16529894     142.665           1
16/ 7/2018 14: 2:30         130         130         130         130       50000               130     6500000  2364732589    16579894     142.627           1
