         Date              Open        High         Low       Close      Volume     Typical Price         V*P    Total VP     Total V        VWAP    Message Count
10/ 7/2018  0: 2:34         580         580         580         580       25000               580    14500000    14500000       25000         580           1
10/ 7/2018  0: 2:52         590         590         590         590       25000               590    14750000    29250000       50000         585           1
10/ 7/2018  0: 2:55         580         580         580         580       25000               580    14500000    43750000       75000     583.333           1
10/ 7/2018  0: 2:56         590         590         590         590       25000               590    14750000    58500000      100000         585           1
10/ 7/2018  0: 2:58         570         570         570         570       25000               570    14250000    72750000      125000         582           1
10/ 7/2018  2: 2:17         590         590         590         590       25000               590    14750000    87500000      150000     583.333           1
10/ 7/2018  2: 2:19         570         570         570         570       25000               570    14250000   101750000      175000     581.429           1
10/ 7/2018  2: 2:31         590         590         580         580       25000           583.333    14583333   116333333      200000     581.667           2
10/ 7/2018  3: 2:28         590         590         590         590       25000               590    14750000   131083333      225000     582.593           1
10/ 7/2018  3: 2:29         580         580         580         580       25000               580    14500000   145583333      250000     582.333           1
10/ 7/2018  3: 2:31         570         570         570         570       25000               570    14250000   159833333      275000     581.212           1
10/ 7/2018  4: 2:22         590         590         580         580       25000           583.333    14583333   174416666      300000     581.389           2
10/ 7/2018  4: 2:36         590         590         590         590       25000               590    14750000   189166666      325000     582.051           1
10/ 7/2018  4: 2:40         570         570         570         570       25000               570    14250000   203416666      350000      581.19           1
10/ 7/2018  5: 2:41         580         580         580         580       25000               580    14500000   217916666      375000     581.111           1
10/ 7/2018  5: 2:54         570         570         570         570       25000               570    14250000   232166666      400000     580.417           1
10/ 7/2018 11: 2:48         580         580         580         580       25000               580    14500000   246666666      425000     580.392           1
10/ 7/2018 11: 2:53         570         570         570         570       25000               570    14250000   260916666      450000     579.815           1
10/ 7/2018 11: 2:54         580         580         580         580       25000               580    14500000   275416666      475000     579.825           1
10/ 7/2018 12: 2: 1         570         570         570         570       25000               570    14250000   289666666      500000     579.333           1
10/ 7/2018 15: 2:37         580         580         580         580       25000               580    14500000   304166666      525000     579.365           1
10/ 7/2018 17: 2:37         590         590         590         590       25000               590    14750000   318916666      550000     579.848           1
10/ 7/2018 17: 2:38         580         580         580         580       25000               580    14500000   333416666      575000     579.855           1
10/ 7/2018 17: 2:39         590         590         590         590       25000               590    14750000   348166666      600000     580.278           1
10/ 7/2018 17: 2:40         580         580         580         580       25000               580    14500000   362666666      625000     580.267           1
10/ 7/2018 17: 2:41         590         590         590         590       25000               590    14750000   377416666      650000     580.641           1
10/ 7/2018 17: 2:43         580         580         580         580       25000               580    14500000   391916666      675000     580.617           1
10/ 7/2018 17: 2:45         600         600         600         600       25000               600    15000000   406916666      700000      581.31           1
10/ 7/2018 17: 2:47         590         590         590         590       25000               590    14750000   421666666      725000     581.609           1
10/ 7/2018 17: 2:51         600         600         600         600       25000               600    15000000   436666666      750000     582.222           1
10/ 7/2018 17: 2:52         580         580         580         580       25000               580    14500000   451166666      775000     582.151           1
10/ 7/2018 18: 2:37         600         600         580         580       25000           586.667    14666666   465833332      800000     582.292           2
10/ 7/2018 19: 2: 9         590         590         590         590       25000               590    14750000   480583332      825000     582.525           1
10/ 7/2018 19: 2:10         580         580         580         580       25000               580    14500000   495083332      850000     582.451           1
10/ 7/2018 19: 2:16         590         590         590         590       25000               590    14750000   509833332      875000     582.667           1
10/ 7/2018 19: 2:18         580         580         580         580       25000               580    14500000   524333332      900000     582.593           1
10/ 7/2018 19: 2:25         590         590         590         590       25000               590    14750000   539083332      925000     582.793           1
10/ 7/2018 19: 2:37         580         590         580         590       25000           586.667    14666666   553749998      950000     582.895           2
10/ 7/2018 19: 2:38         580         590         580         590       25000           586.667    14666666   568416664      975000     582.991           2
10/ 7/2018 19: 2:42         580         580         580         580       25000               580    14500000   582916664     1000000     582.917           1
10/ 7/2018 20: 2: 4         590         590         590         590       25000               590    14750000   597666664     1025000     583.089           1
10/ 7/2018 20: 2: 5         580         580         580         580       25000               580    14500000   612166664     1050000     583.016           1
10/ 7/2018 20: 2:54         590         590         590         590       25000               590    14750000   626916664     1075000     583.178           1
10/ 7/2018 20: 2:56         580         580         580         580       25000               580    14500000   641416664     1100000     583.106           1
10/ 7/2018 20: 2:57         590         590         590         590       25000               590    14750000   656166664     1125000     583.259           1
10/ 7/2018 21: 2: 1         580         580         580         580       25000               580    14500000   670666664     1150000     583.188           1
10/ 7/2018 26: 2:15         570         570         570         570       25000               570    14250000   684916664     1175000     582.908           1
10/ 7/2018 27: 2:47         590         590         590         590       25000               590    14750000   699666664     1200000     583.056           1
10/ 7/2018 27: 2:49         580         580         580         580       25000               580    14500000   714166664     1225000     582.993           1
10/ 7/2018 30: 2:15         570         570         570         570       25000               570    14250000   728416664     1250000     582.733           1
10/ 7/2018 35: 2:10         580         580         580         580       25000               580    14500000   742916664     1275000      582.68           1
10/ 7/2018 35: 2:11         570         570         570         570       25000               570    14250000   757166664     1300000     582.436           1
10/ 7/2018 35: 2:13         580         580         580         580       25000               580    14500000   771666664     1325000      582.39           1
10/ 7/2018 35: 2:15         570         570         570         570       25000               570    14250000   785916664     1350000      582.16           1
10/ 7/2018 35: 2:32         580         580         580         580       25000               580    14500000   800416664     1375000     582.121           1
10/ 7/2018 35: 2:37         570         570         570         570       25000               570    14250000   814666664     1400000     581.905           1
10/ 7/2018 36: 2: 2         560         560         560         560       25000               560    14000000   828666664     1425000      581.52           1
10/ 7/2018 36: 2: 3         570         570         570         570       25000               570    14250000   842916664     1450000     581.322           1
10/ 7/2018 36: 2:10         580         580         570         570       25000           573.333    14333333   857249997     1475000     581.186           2
10/ 7/2018 36: 2:20         580         580         580         580       25000               580    14500000   871749997     1500000     581.167           1
10/ 7/2018 36: 2:26         570         570         570         570       25000               570    14250000   885999997     1525000     580.984           1
10/ 7/2018 41: 2:23         580         580         570         570       25000           573.333    14333333   900333330     1550000      580.86           2
10/ 7/2018 41: 2:27         580         580         580         580       25000               580    14500000   914833330     1575000     580.847           1
10/ 7/2018 41: 2:40         570         570         570         570       25000               570    14250000   929083330     1600000     580.677           1
10/ 7/2018 41: 2:41         580         580         580         580       25000               580    14500000   943583330     1625000     580.667           1
10/ 7/2018 41: 2:50         570         570         570         570       25000               570    14250000   957833330     1650000     580.505           1
10/ 7/2018 43: 2:14         580         580         580         580       25000               580    14500000   972333330     1675000     580.498           1
10/ 7/2018 47: 2:29         590         590         590         590       25000               590    14750000   987083330     1700000     580.637           1
10/ 7/2018 47: 2:30         580         580         580         580       25000               580    14500000  1001583330     1725000     580.628           1
10/ 7/2018 49: 2:15         570         570         570         570       25000               570    14250000  1015833330     1750000     580.476           1
10/ 7/2018 54: 2:22         580         580         580         580       25000               580    14500000  1030333330     1775000     580.469           1
10/ 7/2018 56: 2: 3         570         570         570         570       25000               570    14250000  1044583330     1800000     580.324           1
10/ 7/2018 57: 2:33         580         580         580         580       25000               580    14500000  1059083330     1825000      580.32           1
10/ 7/2018 57: 2:34         570         570         570         570       25000               570    14250000  1073333330     1850000      580.18           1
11/ 7/2018  3: 2:33         580         580         580         580       25000               580    14500000  1087833330     1875000     580.178           1
11/ 7/2018  3: 2:34         570         570         570         570       25000               570    14250000  1102083330     1900000     580.044           1
11/ 7/2018  5: 2:53         560         560         560         560       25000               560    14000000  1116083330     1925000     579.784           1
11/ 7/2018  6: 2:41         570         570         570         570       25000               570    14250000  1130333330     1950000     579.658           1
11/ 7/2018  6: 2:45         560         560         560         560       25000               560    14000000  1144333330     1975000     579.409           1
11/ 7/2018  6: 2:48         570         570         570         570       25000               570    14250000  1158583330     2000000     579.292           1
11/ 7/2018  7: 2:11         560         560         560         560       25000               560    14000000  1172583330     2025000     579.053           1
11/ 7/2018  7: 2:48         570         570         570         570       25000               570    14250000  1186833330     2050000     578.943           1
11/ 7/2018 11: 2:40         560         560         560         560       25000               560    14000000  1200833330     2075000     578.715           1
11/ 7/2018 12: 2:41         570         570         570         570       25000               570    14250000  1215083330     2100000     578.611           1
11/ 7/2018 12: 2:45         560         560         560         560       25000               560    14000000  1229083330     2125000     578.392           1
11/ 7/2018 23: 2: 2         570         570         570         570       25000               570    14250000  1243333330     2150000     578.295           1
11/ 7/2018 23: 2: 3         560         560         560         560       25000               560    14000000  1257333330     2175000     578.084           1
11/ 7/2018 24: 2:16         570         570         570         570       25000               570    14250000  1271583330     2200000     577.992           1
11/ 7/2018 24: 2:18         560         560         560         560       25000               560    14000000  1285583330     2225000      577.79           1
11/ 7/2018 34: 2: 2         570         570         570         570       25000               570    14250000  1299833330     2250000     577.704           1
11/ 7/2018 34: 2:13         560         560         560         560       25000               560    14000000  1313833330     2275000     577.509           1
11/ 7/2018 48: 2:48         580         580         560         560       25000           566.667    14166666  1327999996     2300000     577.391           2
12/ 7/2018 13: 2:17         550         550         550         550       25000               550    13750000  1341749996     2325000     577.097           1
12/ 7/2018 13: 2:20         560         560         560         560       25000               560    14000000  1355749996     2350000     576.915           1
12/ 7/2018 13: 2:32         550         550         550         550       25000               550    13750000  1369499996     2375000     576.632           1
12/ 7/2018 13: 2:34         540         540         540         540       25000               540    13500000  1382999996     2400000      576.25           1
12/ 7/2018 13: 2:40         550         550         540         540       25000           543.333    13583333  1396583329     2425000     575.911           2
12/ 7/2018 13: 2:45         550         550         550         550       25000               550    13750000  1410333329     2450000     575.646           1
12/ 7/2018 13: 2:51         540         540         540         540       25000               540    13500000  1423833329     2475000     575.286           1
12/ 7/2018 14: 2: 3         550         550         550         550       25000               550    13750000  1437583329     2500000     575.033           1
12/ 7/2018 14: 2: 4         540         540         540         540       25000               540    13500000  1451083329     2525000     574.686           1
12/ 7/2018 14: 2:18         550         550         540         540       25000           543.333    13583333  1464666662     2550000     574.379           2
12/ 7/2018 14: 2:33         550         550         550         550       25000               550    13750000  1478416662     2575000     574.142           1
12/ 7/2018 14: 2:34         540         540         540         540       25000               540    13500000  1491916662     2600000     573.814           1
12/ 7/2018 14: 2:52         550         550         550         550       25000               550    13750000  1505666662     2625000     573.587           1
12/ 7/2018 14: 2:53         540         540         540         540       25000               540    13500000  1519166662     2650000      573.27           1
12/ 7/2018 15: 2:10         550         550         550         550       25000               550    13750000  1532916662     2675000     573.053           1
12/ 7/2018 15: 2:11         540         540         540         540       25000               540    13500000  1546416662     2700000     572.747           1
12/ 7/2018 15: 2:38         550         550         550         550       25000               550    13750000  1560166662     2725000     572.538           1
12/ 7/2018 16: 2: 9         560         560         560         560       25000               560    14000000  1574166662     2750000     572.424           1
12/ 7/2018 16: 2:10         550         550         550         550       25000               550    13750000  1587916662     2775000     572.222           1
12/ 7/2018 16: 2:12         560         560         560         560       25000               560    14000000  1601916662     2800000     572.113           1
12/ 7/2018 16: 2:13         550         560         550         560       25000           556.667    13916666  1615833328     2825000     571.976           2
12/ 7/2018 16: 2:16         550         550         550         550       25000               550    13750000  1629583328     2850000     571.784           1
12/ 7/2018 16: 2:55         540         550         540         550       25000           546.667    13666666  1643249994     2875000     571.565           2
12/ 7/2018 18: 2:23         560         560         560         560       25000               560    14000000  1657249994     2900000     571.466           1
12/ 7/2018 18: 2:24         550         550         550         550       25000               550    13750000  1670999994     2925000     571.282           1
12/ 7/2018 18: 2:25         560         560         550         550       25000           553.333    13833333  1684833327     2950000      571.13           2
12/ 7/2018 18: 2:30         560         560         560         560       25000               560    14000000  1698833327     2975000     571.036           1
12/ 7/2018 18: 2:34         550         550         550         550       25000               550    13750000  1712583327     3000000     570.861           1
12/ 7/2018 19: 2: 8         540         550         540         550       25000           546.667    13666666  1726249993     3025000     570.661           2
12/ 7/2018 19: 2:24         540         540         540         540       25000               540    13500000  1739749993     3050000      570.41           1
12/ 7/2018 19: 2:25         550         550         550         550       25000               550    13750000  1753499993     3075000     570.244           1
12/ 7/2018 19: 2:26         540         540         540         540       25000               540    13500000  1766999993     3100000         570           1
12/ 7/2018 20: 2: 3         550         550         550         550       25000               550    13750000  1780749993     3125000      569.84           1
12/ 7/2018 20: 2:12         560         560         560         560       25000               560    14000000  1794749993     3150000     569.762           1
12/ 7/2018 20: 2:13         540         540         540         540       25000               540    13500000  1808249993     3175000     569.528           1
12/ 7/2018 21: 2:26         550         550         540         540       25000           543.333    13583333  1821833326     3200000     569.323           2
12/ 7/2018 21: 2:44         550         550         550         550       25000               550    13750000  1835583326     3225000     569.173           1
12/ 7/2018 21: 2:45         540         540         540         540       25000               540    13500000  1849083326     3250000     568.949           1
12/ 7/2018 22: 2:47         530         530         530         530       25000               530    13250000  1862333326     3275000     568.651           1
12/ 7/2018 22: 2:48         540         540         540         540       25000               540    13500000  1875833326     3300000     568.434           1
12/ 7/2018 23: 2: 9         530         530         530         530       25000               530    13250000  1889083326     3325000     568.145           1
12/ 7/2018 23: 2:13         540         540         540         540       25000               540    13500000  1902583326     3350000     567.935           1
12/ 7/2018 23: 2:27         550         550         550         550       25000               550    13750000  1916333326     3375000     567.802           1
12/ 7/2018 23: 2:34         540         540         540         540       25000               540    13500000  1929833326     3400000     567.598           1
12/ 7/2018 23: 2:41         550         550         550         550       25000               550    13750000  1943583326     3425000      567.47           1
12/ 7/2018 23: 2:42         540         540         540         540       25000               540    13500000  1957083326     3450000     567.271           1
12/ 7/2018 24: 2:27         550         550         550         550       25000               550    13750000  1970833326     3475000     567.146           1
12/ 7/2018 24: 2:29         540         540         540         540       25000               540    13500000  1984333326     3500000     566.952           1
12/ 7/2018 24: 2:43         550         550         550         550       25000               550    13750000  1998083326     3525000     566.832           1
12/ 7/2018 24: 2:44         540         540         540         540       25000               540    13500000  2011583326     3550000     566.643           1
12/ 7/2018 27: 2:14         550         550         550         550       25000               550    13750000  2025333326     3575000     566.527           1
12/ 7/2018 29: 2: 5         540         540         540         540       25000               540    13500000  2038833326     3600000     566.343           1
12/ 7/2018 33: 2:59         550         550         550         550       25000               550    13750000  2052583326     3625000      566.23           1
12/ 7/2018 34: 2:14         540         540         540         540       25000               540    13500000  2066083326     3650000      566.05           1
12/ 7/2018 36: 2:43         550         550         550         550       25000               550    13750000  2079833326     3675000     565.941           1
12/ 7/2018 37: 2: 0         540         540         540         540       25000               540    13500000  2093333326     3700000     565.766           1
12/ 7/2018 38: 2: 2         550         550         550         550       25000               550    13750000  2107083326     3725000      565.66           1
12/ 7/2018 38: 2: 6         540         540         540         540       25000               540    13500000  2120583326     3750000     565.489           1
12/ 7/2018 38: 2: 7         550         550         550         550       25000               550    13750000  2134333326     3775000     565.386           1
12/ 7/2018 38: 2:25         560         560         560         560       25000               560    14000000  2148333326     3800000     565.351           1
12/ 7/2018 38: 2:28         550         550         550         550       25000               550    13750000  2162083326     3825000     565.251           1
12/ 7/2018 39: 2:24         540         540         540         540       25000               540    13500000  2175583326     3850000     565.087           1
12/ 7/2018 39: 2:44         550         550         550         550       25000               550    13750000  2189333326     3875000     564.989           1
12/ 7/2018 40: 2:39         540         540         540         540       25000               540    13500000  2202833326     3900000     564.829           1
12/ 7/2018 43: 2:44         520         520         520         520         250               520      130000  2202963326     3900250     564.826           1
12/ 7/2018 50: 2:33         550         550         550         550       25000               550    13750000  2216713326     3925250     564.732           1
12/ 7/2018 50: 2:42         540         540         540         540       25000               540    13500000  2230213326     3950250     564.575           1
12/ 7/2018 51: 2: 8         550         550         550         550       25000               550    13750000  2243963326     3975250     564.484           1
14/ 7/2018  0: 2: 1         500         500         500         500       10000               500     5000000  2248963326     3985250     564.322           1
14/ 7/2018  0: 2:25         550         550         550         550       25000               550    13750000  2262713326     4010250     564.232           1
14/ 7/2018 10: 2:38         560         560         560         560       25000               560    14000000  2276713326     4035250     564.206           1
14/ 7/2018 10: 2:45         550         550         550         550       25000               550    13750000  2290463326     4060250     564.119           1
14/ 7/2018 11: 2:13         560         560         560         560       25000               560    14000000  2304463326     4085250     564.094           1
14/ 7/2018 11: 2:19         550         550         550         550       25000               550    13750000  2318213326     4110250     564.008           1
14/ 7/2018 15: 2:43         560         560         550         550       25000           553.333    13833333  2332046659     4135250     563.943           2
14/ 7/2018 15: 2:50         560         560         560         560       25000               560    14000000  2346046659     4160250      563.92           1
14/ 7/2018 15: 2:56         550         550         550         550       25000               550    13750000  2359796659     4185250     563.836           1
14/ 7/2018 16: 2: 7         560         560         560         560       25000               560    14000000  2373796659     4210250     563.814           1
14/ 7/2018 16: 2:17         550         550         550         550       25000               550    13750000  2387546659     4235250     563.732           1
14/ 7/2018 16: 2:25         560         560         560         560       25000               560    14000000  2401546659     4260250      563.71           1
14/ 7/2018 16: 2:33         550         550         550         550       25000               550    13750000  2415296659     4285250      563.63           1
14/ 7/2018 18: 2:51         560         560         560         560       25000               560    14000000  2429296659     4310250     563.609           1
14/ 7/2018 19: 2: 4         550         550         550         550       25000               550    13750000  2443046659     4335250     563.531           1
14/ 7/2018 19: 2: 5         560         560         560         560       25000               560    14000000  2457046659     4360250     563.511           1
14/ 7/2018 19: 2:12         550         550         550         550       25000               550    13750000  2470796659     4385250     563.433           1
14/ 7/2018 20: 2:24         560         560         560         560       25000               560    14000000  2484796659     4410250     563.414           1
14/ 7/2018 21: 2: 3         550         550         550         550       25000               550    13750000  2498546659     4435250     563.338           1
14/ 7/2018 22: 2:56         540         540         540         540       25000               540    13500000  2512046659     4460250     563.208           1
14/ 7/2018 22: 2:59         560         560         560         560       25000               560    14000000  2526046659     4485250      563.19           1
14/ 7/2018 23: 2: 6         550         550         550         550       25000               550    13750000  2539796659     4510250     563.117           1
14/ 7/2018 23: 2:16         560         560         560         560       25000               560    14000000  2553796659     4535250     563.099           1
14/ 7/2018 23: 2:20         550         550         550         550       25000               550    13750000  2567546659     4560250     563.028           1
14/ 7/2018 23: 2:23         560         560         550         550       25000           553.333    13833333  2581379992     4585250     562.975           2
14/ 7/2018 23: 2:26         560         560         560         560       25000               560    14000000  2595379992     4610250     562.959           1
14/ 7/2018 23: 2:43         550         550         550         550       25000               550    13750000  2609129992     4635250     562.889           1
14/ 7/2018 23: 2:59         560         560         560         560       25000               560    14000000  2623129992     4660250     562.873           1
14/ 7/2018 24: 2: 4         550         550         550         550       25000               550    13750000  2636879992     4685250     562.805           1
14/ 7/2018 27: 2: 0         540         540         540         540       25000               540    13500000  2650379992     4710250     562.684           1
14/ 7/2018 41: 2:21         550         550         550         550       25000               550    13750000  2664129992     4735250     562.617           1
14/ 7/2018 41: 2:22         540         540         540         540       25000               540    13500000  2677629992     4760250     562.498           1
14/ 7/2018 47: 2: 1         550         550         550         550       25000               550    13750000  2691379992     4785250     562.432           1
14/ 7/2018 58: 2:23         560         560         550         550       25000           553.333    13833333  2705213325     4810250     562.385           2
14/ 7/2018 58: 2:32         560         560         560         560       25000               560    14000000  2719213325     4835250     562.373           1
15/ 7/2018  3: 2:16         570         570         570         570       25000               570    14250000  2733463325     4860250     562.412           1
15/ 7/2018  3: 2:17         550         550         550         550       25000               550    13750000  2747213325     4885250     562.349           1
15/ 7/2018  3: 2:19         560         560         560         560       25000               560    14000000  2761213325     4910250     562.337           1
15/ 7/2018  3: 2:26         570         570         570         570       25000               570    14250000  2775463325     4935250     562.375           1
15/ 7/2018  3: 2:29         550         550         550         550       25000               550    13750000  2789213325     4960250     562.313           1
15/ 7/2018  4: 2:17         560         560         560         560       25000               560    14000000  2803213325     4985250     562.301           1
15/ 7/2018  5: 2:46         550         550         550         550       25000               550    13750000  2816963325     5010250      562.24           1
15/ 7/2018 23: 2:10         560         560         560         560       25000               560    14000000  2830963325     5035250     562.229           1
15/ 7/2018 23: 2:14         550         550         550         550       25000               550    13750000  2844713325     5060250     562.169           1
15/ 7/2018 46: 2:52         560         560         560         560       25000               560    14000000  2858713325     5085250     562.158           1
16/ 7/2018 10: 2:33         570         570         570         570       25000               570    14250000  2872963325     5110250     562.196           1
16/ 7/2018 10: 2:55         580         580         580         580       25000               580    14500000  2887463325     5135250     562.283           1
16/ 7/2018 10: 2:56         570         580         570         580       25000           576.667    14416666  2901879991     5160250     562.353           2
16/ 7/2018 10: 2:58         570         570         570         570       25000               570    14250000  2916129991     5185250     562.389           1
16/ 7/2018 29: 2:55         580         580         580         580       25000               580    14500000  2930629991     5210250     562.474           1
16/ 7/2018 29: 2:58         570         570         570         570       25000               570    14250000  2944879991     5235250      562.51           1
16/ 7/2018 36: 2:46         560         560         560         560       25000               560    14000000  2958879991     5260250     562.498           1
16/ 7/2018 38: 2:26         570         570         570         570       25000               570    14250000  2973129991     5285250     562.533           1
16/ 7/2018 38: 2:59         560         560         560         560       25000               560    14000000  2987129991     5310250     562.522           1
16/ 7/2018 40: 2:13         570         570         570         570       25000               570    14250000  3001379991     5335250     562.557           1
16/ 7/2018 52: 2:46         560         560         560         560       25000               560    14000000  3015379991     5360250     562.545           1
16/ 7/2018 52: 2:51         570         570         570         570       25000               570    14250000  3029629991     5385250     562.579           1
16/ 7/2018 52: 2:52         560         560         560         560       25000               560    14000000  3043629991     5410250     562.567           1
16/ 7/2018 54: 2:12         580         580         580         580       25000               580    14500000  3058129991     5435250     562.648           1
16/ 7/2018 54: 2:13         560         560         560         560       25000               560    14000000  3072129991     5460250     562.635           1
16/ 7/2018 54: 2:15         570         570         570         570       25000               570    14250000  3086379991     5485250     562.669           1
16/ 7/2018 54: 2:22         560         560         560         560       25000               560    14000000  3100379991     5510250     562.657           1
17/ 7/2018 14: 2:34         550         550         550         550       25000               550    13750000  3114129991     5535250       562.6           1
17/ 7/2018 17: 2:53         560         560         560         560       25000               560    14000000  3128129991     5560250     562.588           1
17/ 7/2018 24: 2:11         550         550         550         550       25000               550    13750000  3141879991     5585250     562.532           1
17/ 7/2018 26: 2:33         560         560         560         560       25000               560    14000000  3155879991     5610250      562.52           1
17/ 7/2018 42: 2:23         550         550         550         550       25000               550    13750000  3169629991     5635250     562.465           1
17/ 7/2018 45: 2:24         560         560         560         560       25000               560    14000000  3183629991     5660250     562.454           1
17/ 7/2018 48: 2:29         570         570         560         560       25000           563.333    14083333  3197713324     5685250     562.458           2
17/ 7/2018 59: 2:48         570         570         570         570       25000               570    14250000  3211963324     5710250     562.491           1
17/ 7/2018 59: 2:49         560         560         560         560       25000               560    14000000  3225963324     5735250      562.48           1
