         Date              Open        High         Low       Close      Volume     Typical Price         V*P    Total VP     Total V        VWAP    Message Count
10/ 7/2018  0: 2:34         760         760         760         760       25000               760    19000000    19000000       25000         760           1
10/ 7/2018  0: 2:41         750         750         750         750       25000               750    18750000    37750000       50000         755           1
10/ 7/2018  2: 2:26         760         760         750         750       25000           753.333    18833333    56583333       75000     754.444           2
10/ 7/2018  2: 2:36         760         760         760         760       25000               760    19000000    75583333      100000     755.833           1
10/ 7/2018  2: 2:38         750         760         750         760       25000           756.667    18916666    94499999      125000         756           2
10/ 7/2018  2: 2:39         750         750         750         750       25000               750    18750000   113249999      150000         755           1
10/ 7/2018  3: 2:42         740         740         740         740       25000               740    18500000   131749999      175000     752.857           1
10/ 7/2018  4: 2: 5         750         750         750         750       25000               750    18750000   150499999      200000       752.5           1
10/ 7/2018  4: 2:21         740         740         740         740       25000               740    18500000   168999999      225000     751.111           1
10/ 7/2018  4: 2:44         750         750         750         750       25000               750    18750000   187749999      250000         751           1
10/ 7/2018  5: 2:13         740         740         740         740       25000               740    18500000   206249999      275000         750           1
10/ 7/2018  5: 2:29         750         750         750         750       25000               750    18750000   224999999      300000         750           1
10/ 7/2018  7: 2:48         740         740         740         740       25000               740    18500000   243499999      325000     749.231           1
10/ 7/2018  9: 2:20         750         750         750         750       25000               750    18750000   262249999      350000     749.286           1
10/ 7/2018 10: 2:25         740         740         740         740       25000               740    18500000   280749999      375000     748.667           1
10/ 7/2018 11: 2:45         760         760         760         760       25000               760    19000000   299749999      400000     749.375           1
10/ 7/2018 11: 2:47         740         740         740         740       25000               740    18500000   318249999      425000     748.824           1
10/ 7/2018 12: 2: 1         750         750         750         750       25000               750    18750000   336999999      450000     748.889           1
10/ 7/2018 16: 2:27         770         770         750         750       25000           756.667    18916666   355916665      475000     749.298           2
10/ 7/2018 16: 2:29         760         760         760         760       25000               760    19000000   374916665      500000     749.833           1
10/ 7/2018 18: 2:37         770         770         770         770       25000               770    19250000   394166665      525000     750.794           1
10/ 7/2018 18: 2:43         780         780         780         780       25000               780    19500000   413666665      550000     752.121           1
10/ 7/2018 18: 2:44         770         770         770         770       25000               770    19250000   432916665      575000     752.899           1
10/ 7/2018 18: 2:45         780         780         760         760       25000           766.667    19166666   452083331      600000     753.472           2
10/ 7/2018 18: 2:51         770         770         770         770       25000               770    19250000   471333331      625000     754.133           1
10/ 7/2018 18: 2:58         780         780         780         780       25000               780    19500000   490833331      650000     755.128           1
10/ 7/2018 19: 2: 0         760         770         760         770       25000           766.667    19166666   509999997      675000     755.556           2
10/ 7/2018 20: 2:15         760         760         760         760       25000               760    19000000   528999997      700000     755.714           1
10/ 7/2018 22: 2:49         770         770         760         760       25000           763.333    19083333   548083330      725000     755.977           2
10/ 7/2018 23: 2:27         770         770         760         760       25000           763.333    19083333   567166663      750000     756.222           2
10/ 7/2018 26: 2:12         750         750         750         750       25000               750    18750000   585916663      775000     756.022           1
10/ 7/2018 27: 2:48         760         760         760         760       25000               760    19000000   604916663      800000     756.146           1
10/ 7/2018 30: 2:21         750         750         750         750       25000               750    18750000   623666663      825000      755.96           1
10/ 7/2018 37: 2: 8         740         740         740         740       25000               740    18500000   642166663      850000      755.49           1
10/ 7/2018 37: 2:22         750         750         750         750       25000               750    18750000   660916663      875000     755.333           1
10/ 7/2018 38: 2:42         760         760         760         760       25000               760    19000000   679916663      900000     755.463           1
10/ 7/2018 38: 2:55         750         750         750         750       25000               750    18750000   698666663      925000     755.315           1
10/ 7/2018 38: 2:56         760         760         760         760       25000               760    19000000   717666663      950000     755.439           1
10/ 7/2018 38: 2:57         750         750         750         750       25000               750    18750000   736416663      975000     755.299           1
10/ 7/2018 40: 2:29         760         760         760         760       25000               760    19000000   755416663     1000000     755.417           1
10/ 7/2018 40: 2:30         750         750         750         750       25000               750    18750000   774166663     1025000     755.285           1
10/ 7/2018 42: 2: 0         760         760         760         760       25000               760    19000000   793166663     1050000     755.397           1
10/ 7/2018 42: 2: 1         750         750         750         750       25000               750    18750000   811916663     1075000     755.271           1
10/ 7/2018 42: 2:13         760         760         750         750       25000           753.333    18833333   830749996     1100000     755.227           2
10/ 7/2018 42: 2:15         760         760         760         760       25000               760    19000000   849749996     1125000     755.333           1
10/ 7/2018 42: 2:18         750         750         750         750       25000               750    18750000   868499996     1150000     755.217           1
10/ 7/2018 43: 2:18         760         760         760         760       25000               760    19000000   887499996     1175000     755.319           1
10/ 7/2018 43: 2:19         750         750         750         750       25000               750    18750000   906249996     1200000     755.208           1
11/ 7/2018  4: 2:47         740         740         740         740       25000               740    18500000   924749996     1225000     754.898           1
11/ 7/2018  6: 2:17         730         730         730         730       25000               730    18250000   942999996     1250000       754.4           1
11/ 7/2018  7: 2:59         740         740         740         740       25000               740    18500000   961499996     1275000     754.118           1
11/ 7/2018  8: 2: 0         730         730         730         730       25000               730    18250000   979749996     1300000     753.654           1
11/ 7/2018 11: 2:46         720         720         720         720       25000               720    18000000   997749996     1325000     753.019           1
11/ 7/2018 12: 2:29         710         710         710         710       25000               710    17750000  1015499996     1350000     752.222           1
11/ 7/2018 12: 2:31         720         720         720         720       25000               720    18000000  1033499996     1375000     751.636           1
11/ 7/2018 12: 2:47         710         720         710         720       25000           716.667    17916666  1051416662     1400000     751.012           2
11/ 7/2018 13: 2:24         710         710         710         710       25000               710    17750000  1069166662     1425000     750.292           1
11/ 7/2018 13: 2:43         700         710         700         710       25000           706.667    17666666  1086833328     1450000      749.54           2
11/ 7/2018 14: 2:16         720         720         720         720       25000               720    18000000  1104833328     1475000      749.04           1
11/ 7/2018 14: 2:17         710         710         710         710       25000               710    17750000  1122583328     1500000     748.389           1
11/ 7/2018 14: 2:18         720         720         720         720       25000               720    18000000  1140583328     1525000     747.923           1
11/ 7/2018 14: 2:20         710         710         710         710       25000               710    17750000  1158333328     1550000     747.312           1
11/ 7/2018 14: 2:22         720         720         720         720       25000               720    18000000  1176333328     1575000     746.878           1
11/ 7/2018 14: 2:24         710         710         710         710       25000               710    17750000  1194083328     1600000     746.302           1
11/ 7/2018 15: 2:22         720         720         720         720       25000               720    18000000  1212083328     1625000     745.897           1
11/ 7/2018 15: 2:23         710         710         710         710       25000               710    17750000  1229833328     1650000     745.354           1
11/ 7/2018 16: 2:45         720         720         720         720       25000               720    18000000  1247833328     1675000     744.975           1
11/ 7/2018 16: 2:49         710         710         710         710       25000               710    17750000  1265583328     1700000     744.461           1
11/ 7/2018 17: 2:28         700         700         700         700       25000               700    17500000  1283083328     1725000     743.816           1
11/ 7/2018 17: 2:53         710         710         710         710       25000               710    17750000  1300833328     1750000     743.333           1
11/ 7/2018 18: 2:18         720         720         720         720       25000               720    18000000  1318833328     1775000     743.005           1
11/ 7/2018 18: 2:21         710         710         710         710       25000               710    17750000  1336583328     1800000     742.546           1
11/ 7/2018 21: 2:43         720         720         720         720       25000               720    18000000  1354583328     1825000     742.237           1
11/ 7/2018 21: 2:45         710         710         710         710       25000               710    17750000  1372333328     1850000     741.802           1
11/ 7/2018 22: 2: 5         720         720         720         720       25000               720    18000000  1390333328     1875000     741.511           1
11/ 7/2018 22: 2: 6         700         700         700         700       25000               700    17500000  1407833328     1900000     740.965           1
11/ 7/2018 22: 2:11         710         710         710         710       25000               710    17750000  1425583328     1925000     740.563           1
11/ 7/2018 22: 2:16         700         700         700         700       25000               700    17500000  1443083328     1950000     740.043           1
11/ 7/2018 22: 2:18         710         710         710         710       25000               710    17750000  1460833328     1975000     739.662           1
11/ 7/2018 22: 2:24         720         720         720         720       25000               720    18000000  1478833328     2000000     739.417           1
11/ 7/2018 22: 2:25         710         710         710         710       25000               710    17750000  1496583328     2025000     739.053           1
11/ 7/2018 22: 2:33         720         720         720         720       25000               720    18000000  1514583328     2050000     738.821           1
11/ 7/2018 22: 2:34         710         710         710         710       25000               710    17750000  1532333328     2075000     738.474           1
11/ 7/2018 23: 2:42         720         720         720         720       25000               720    18000000  1550333328     2100000     738.254           1
11/ 7/2018 23: 2:45         710         710         710         710       25000               710    17750000  1568083328     2125000     737.922           1
11/ 7/2018 24: 2: 5         720         720         720         720       25000               720    18000000  1586083328     2150000     737.713           1
11/ 7/2018 24: 2: 6         710         710         710         710       25000               710    17750000  1603833328     2175000     737.395           1
11/ 7/2018 24: 2: 8         720         720         710         710       25000           713.333    17833333  1621666661     2200000     737.121           2
11/ 7/2018 24: 2:38         720         720         720         720       25000               720    18000000  1639666661     2225000     736.929           1
11/ 7/2018 24: 2:51         730         730         730         730       25000               730    18250000  1657916661     2250000     736.852           1
11/ 7/2018 24: 2:52         710         710         710         710       25000               710    17750000  1675666661     2275000     736.557           1
11/ 7/2018 24: 2:55         720         720         720         720       25000               720    18000000  1693666661     2300000     736.377           1
11/ 7/2018 32: 2:15         730         730         730         730       25000               730    18250000  1711916661     2325000     736.308           1
11/ 7/2018 32: 2:16         720         720         720         720       25000               720    18000000  1729916661     2350000     736.135           1
11/ 7/2018 52: 2:29         730         730         730         730       25000               730    18250000  1748166661     2375000      736.07           1
11/ 7/2018 52: 2:30         720         720         720         720       25000               720    18000000  1766166661     2400000     735.903           1
12/ 7/2018 15: 2:26         710         710         710         710       25000               710    17750000  1783916661     2425000     735.636           1
12/ 7/2018 16: 2: 2         720         720         720         720       25000               720    18000000  1801916661     2450000     735.476           1
12/ 7/2018 16: 2: 3         730         730         720         720       25000           723.333    18083333  1819999994     2475000     735.354           2
12/ 7/2018 16: 2:20         710         710         710         710       25000               710    17750000  1837749994     2500000       735.1           1
12/ 7/2018 16: 2:32         720         720         720         720       25000               720    18000000  1855749994     2525000      734.95           1
12/ 7/2018 16: 2:42         710         710         710         710       25000               710    17750000  1873499994     2550000     734.706           1
12/ 7/2018 17: 2:51         720         720         720         720       25000               720    18000000  1891499994     2575000     734.563           1
12/ 7/2018 17: 2:55         710         710         710         710       25000               710    17750000  1909249994     2600000     734.327           1
12/ 7/2018 17: 2:59         720         720         710         710       25000           713.333    17833333  1927083327     2625000     734.127           2
12/ 7/2018 22: 2: 1         720         720         720         720       25000               720    18000000  1945083327     2650000     733.994           1
12/ 7/2018 22: 2: 2         710         710         710         710       25000               710    17750000  1962833327     2675000     733.769           1
12/ 7/2018 22: 2: 6         720         720         720         720       25000               720    18000000  1980833327     2700000     733.642           1
12/ 7/2018 22: 2: 8         710         710         710         710       25000               710    17750000  1998583327     2725000     733.425           1
12/ 7/2018 26: 2: 2         700         700         700         700       25000               700    17500000  2016083327     2750000     733.121           1
12/ 7/2018 27: 2: 0         710         710         710         710       25000               710    17750000  2033833327     2775000     732.913           1
12/ 7/2018 30: 2:10         700         700         700         700       25000               700    17500000  2051333327     2800000     732.619           1
12/ 7/2018 56: 2:32         710         710         710         710       25000               710    17750000  2069083327     2825000     732.419           1
12/ 7/2018 59: 2:17         720         720         720         720       25000               720    18000000  2087083327     2850000      732.31           1
14/ 7/2018  0: 2:25         720         720         720         720       25000               720    18000000  2105083327     2875000     732.203           1
14/ 7/2018  2: 2:34         710         710         710         710       25000               710    17750000  2122833327     2900000     732.011           1
14/ 7/2018 12: 2:53         700         700         700         700       25000               700    17500000  2140333327     2925000     731.738           1
14/ 7/2018 19: 2:50         710         710         710         710       25000               710    17750000  2158083327     2950000     731.554           1
14/ 7/2018 21: 2:50         700         700         700         700       25000               700    17500000  2175583327     2975000     731.289           1
14/ 7/2018 24: 2:18         710         710         710         710       25000               710    17750000  2193333327     3000000     731.111           1
14/ 7/2018 24: 2:22         700         700         700         700       25000               700    17500000  2210833327     3025000     730.854           1
14/ 7/2018 24: 2:24         710         710         710         710       25000               710    17750000  2228583327     3050000     730.683           1
14/ 7/2018 24: 2:31         700         700         700         700       25000               700    17500000  2246083327     3075000     730.434           1
14/ 7/2018 26: 2:12         680         680         680         680         300               680      204000  2246287327     3075300     730.429           1
14/ 7/2018 26: 2:54         690         690         690         690       25000               690    17250000  2263537327     3100300     730.103           1
14/ 7/2018 27: 2:39         700         700         700         700       25000               700    17500000  2281037327     3125300     729.862           1
14/ 7/2018 27: 2:56         690         690         690         690       25000               690    17250000  2298287327     3150300     729.546           1
14/ 7/2018 28: 2:38         700         700         700         700       25000               700    17500000  2315787327     3175300     729.313           1
14/ 7/2018 28: 2:45         690         690         690         690       25000               690    17250000  2333037327     3200300     729.006           1
14/ 7/2018 30: 2:17         680         680         680         680       24700               680    16796000  2349833327     3225000      728.63           1
14/ 7/2018 32: 2:17         690         690         690         690       24700               690    17043000  2366876327     3249700     728.337           1
14/ 7/2018 40: 2:30         680         680         680         680       24700               680    16796000  2383672327     3274400     727.972           1
14/ 7/2018 40: 2:38         690         690         690         690       24700               690    17043000  2400715327     3299100     727.688           1
14/ 7/2018 40: 2:47         680         680         680         680       24700               680    16796000  2417511327     3323800     727.334           1
14/ 7/2018 42: 2:22         690         690         690         690       24700               690    17043000  2434554327     3348500     727.058           1
14/ 7/2018 42: 2:25         700         700         700         700       24700               700    17290000  2451844327     3373200      726.86           1
14/ 7/2018 42: 2:27         680         680         680         680       24700               680    16796000  2468640327     3397900     726.519           1
14/ 7/2018 45: 2:29         690         690         690         690       24700               690    17043000  2485683327     3422600     726.256           1
14/ 7/2018 45: 2:30         680         680         680         680       24700               680    16796000  2502479327     3447300     725.924           1
14/ 7/2018 46: 2:50         690         690         690         690       24700               690    17043000  2519522327     3472000     725.669           1
14/ 7/2018 52: 2:40         700         700         700         700       24700               700    17290000  2536812327     3496700     725.488           1
15/ 7/2018 15: 2: 1         710         710         710         710       24700               710    17537000  2554349327     3521400     725.379           1
15/ 7/2018 15: 2: 3         700         700         700         700       24700               700    17290000  2571639327     3546100     725.202           1
15/ 7/2018 23: 2:25         690         690         690         690       24700               690    17043000  2588682327     3570800     724.959           1
15/ 7/2018 26: 2: 9         700         700         700         700       24700               700    17290000  2605972327     3595500     724.787           1
15/ 7/2018 48: 2:49         710         710         710         710       24700               710    17537000  2623509327     3620200     724.686           1
16/ 7/2018  5: 2: 1         720         720         720         720       24700               720    17784000  2641293327     3644900     724.655           1
16/ 7/2018 13: 2:58         730         730         730         730       24700               730    18031000  2659324327     3669600     724.691           1
16/ 7/2018 15: 2:47         740         740         740         740       24700               740    18278000  2677602327     3694300     724.793           1
16/ 7/2018 16: 2:24         730         730         730         730       24700               730    18031000  2695633327     3719000     724.827           1
16/ 7/2018 30: 2:34         720         720         720         720       24700               720    17784000  2713417327     3743700     724.796           1
16/ 7/2018 30: 2:41         730         730         730         730       24700               730    18031000  2731448327     3768400      724.83           1
16/ 7/2018 30: 2:46         720         720         720         720       24700               720    17784000  2749232327     3793100     724.798           1
16/ 7/2018 30: 2:47         730         740         730         740       24700           736.667    18195666  2767427993     3817800     724.875           2
16/ 7/2018 30: 2:48         720         720         720         720       24700               720    17784000  2785211993     3842500     724.844           1
16/ 7/2018 30: 2:51         730         730         730         730       24700               730    18031000  2803242993     3867200     724.877           1
16/ 7/2018 31: 2:24         720         720         720         720       24700               720    17784000  2821026993     3891900     724.846           1
16/ 7/2018 33: 2:14         730         730         730         730       24700               730    18031000  2839057993     3916600     724.878           1
16/ 7/2018 33: 2:34         720         720         720         720       24700               720    17784000  2856841993     3941300     724.848           1
16/ 7/2018 41: 2:44         730         730         730         730       24700               730    18031000  2874872993     3966000      724.88           1
16/ 7/2018 41: 2:47         720         720         720         720       24700               720    17784000  2892656993     3990700      724.85           1
16/ 7/2018 46: 2:36         720         720         720         720         300               720      216000  2892872993     3991000     724.849           1
16/ 7/2018 59: 2:57         710         710         710         710       24700               710    17537000  2910409993     4015700     724.758           1
17/ 7/2018  0: 2:18         720         720         720         720       24700               720    17784000  2928193993     4040400     724.729           1
17/ 7/2018  0: 2:27         710         710         710         710       24700               710    17537000  2945730993     4065100     724.639           1
17/ 7/2018  5: 2: 6         720         720         720         720       24700               720    17784000  2963514993     4089800     724.611           1
17/ 7/2018  5: 2: 7         710         710         710         710       24700               710    17537000  2981051993     4114500     724.524           1
17/ 7/2018  5: 2:19         720         720         720         720       24700               720    17784000  2998835993     4139200     724.497           1
17/ 7/2018  5: 2:31         710         710         710         710       24700               710    17537000  3016372993     4163900     724.411           1
17/ 7/2018 10: 2:58         700         700         700         700       24700               700    17290000  3033662993     4188600     724.267           1
17/ 7/2018 11: 2:25         710         710         710         710       24700               710    17537000  3051199993     4213300     724.183           1
17/ 7/2018 11: 2:26         700         700         700         700       24700               700    17290000  3068489993     4238000     724.042           1
17/ 7/2018 14: 2: 7         690         690         690         690       24700               690    17043000  3085532993     4262700     723.845           1
17/ 7/2018 14: 2:31         710         710         710         710       24700               710    17537000  3103069993     4287400     723.765           1
17/ 7/2018 14: 2:32         690         690         690         690       24700               690    17043000  3120112993     4312100     723.572           1
17/ 7/2018 14: 2:36         710         710         710         710       24700               710    17537000  3137649993     4336800     723.494           1
17/ 7/2018 14: 2:38         690         690         690         690       24700               690    17043000  3154692993     4361500     723.305           1
17/ 7/2018 14: 2:39         710         710         710         710       24700               710    17537000  3172229993     4386200      723.23           1
17/ 7/2018 14: 2:43         690         690         690         690       24700               690    17043000  3189272993     4410900     723.044           1
17/ 7/2018 14: 2:49         710         710         710         710       24700               710    17537000  3206809993     4435600     722.971           1
17/ 7/2018 14: 2:54         690         690         690         690       24700               690    17043000  3223852993     4460300     722.788           1
17/ 7/2018 16: 2:45         700         700         700         700       24700               700    17290000  3241142993     4485000     722.663           1
17/ 7/2018 16: 2:48         690         690         690         690       24700               690    17043000  3258185993     4509700     722.484           1
17/ 7/2018 17: 2:49         700         700         700         700       24700               700    17290000  3275475993     4534400     722.362           1
17/ 7/2018 17: 2:52         690         690         690         690       24700               690    17043000  3292518993     4559100     722.186           1
17/ 7/2018 17: 2:54         700         700         700         700       24700               700    17290000  3309808993     4583800     722.067           1
17/ 7/2018 17: 2:56         690         690         690         690       24700               690    17043000  3326851993     4608500     721.895           1
17/ 7/2018 21: 2:41         680         680         680         680       24700               680    16796000  3343647993     4633200     721.671           1
17/ 7/2018 22: 2:11         690         690         690         690       24700               690    17043000  3360690993     4657900     721.503           1
17/ 7/2018 23: 2:59         680         680         680         680       24700               680    16796000  3377486993     4682600     721.285           1
17/ 7/2018 26: 2:33         690         690         690         690       24700               690    17043000  3394529993     4707300      721.12           1
17/ 7/2018 27: 2: 0         680         680         680         680       24700               680    16796000  3411325993     4732000     720.906           1
17/ 7/2018 27: 2:19         690         690         690         690       24700               690    17043000  3428368993     4756700     720.745           1
17/ 7/2018 29: 2:39         680         680         680         680       24700               680    16796000  3445164993     4781400     720.535           1
17/ 7/2018 29: 2:40         690         690         690         690       24700               690    17043000  3462207993     4806100     720.378           1
17/ 7/2018 33: 2:11         700         700         700         700       24700               700    17290000  3479497993     4830800     720.274           1
17/ 7/2018 34: 2:35         690         690         690         690       24700               690    17043000  3496540993     4855500      720.12           1
17/ 7/2018 37: 2:13         690         690         690         690       25000               690    17250000  3513790993     4880500     719.965           1
17/ 7/2018 37: 2:14         700         700         700         700       25000               700    17500000  3531290993     4905500     719.864           1
17/ 7/2018 39: 2:32         710         710         710         710       25000               710    17750000  3549040993     4930500     719.814           1
17/ 7/2018 39: 2:51         700         700         700         700       25000               700    17500000  3566540993     4955500     719.714           1
17/ 7/2018 42: 2:19         690         690         690         690       25000               690    17250000  3583790993     4980500     719.565           1
17/ 7/2018 43: 2:38         700         700         700         700       25000               700    17500000  3601290993     5005500     719.467           1
17/ 7/2018 44: 2:19         690         690         690         690       25000               690    17250000  3618540993     5030500      719.32           1
17/ 7/2018 44: 2:20         700         700         700         700       25000               700    17500000  3636040993     5055500     719.225           1
17/ 7/2018 44: 2:40         690         690         690         690       25000               690    17250000  3653290993     5080500     719.081           1
17/ 7/2018 44: 2:41         700         700         700         700       25000               700    17500000  3670790993     5105500     718.988           1
17/ 7/2018 47: 2:24         710         720         710         720       25000           716.667    17916666  3688707659     5130500     718.976           2
17/ 7/2018 47: 2:25         700         700         700         700       25000               700    17500000  3706207659     5155500     718.884           1
17/ 7/2018 55: 2:24         710         710         710         710       25000               710    17750000  3723957659     5180500     718.841           1
