         Date              Open        High         Low       Close      Volume     Typical Price         V*P    Total VP     Total V        VWAP    Message Count
10/ 7/2018  0: 2: 3          50          50          50          50       50000                50     2500000     2500000       50000          50           1
10/ 7/2018  2: 2:26          60          60          60          60       50000                60     3000000     5500000      100000          55           1
10/ 7/2018  2: 2:27          50          50          50          50       50000                50     2500000     8000000      150000     53.3333           1
10/ 7/2018  2: 2:39          60          60          60          60       50000                60     3000000    11000000      200000          55           1
10/ 7/2018  2: 2:41          50          50          50          50       50000                50     2500000    13500000      250000          54           1
10/ 7/2018  3: 2:30          60          60          60          60       50000                60     3000000    16500000      300000          55           1
10/ 7/2018  6: 2:11          50          50          50          50       50000                50     2500000    19000000      350000     54.2857           1
10/ 7/2018  7: 2:48          60          60          60          60       50000                60     3000000    22000000      400000          55           1
10/ 7/2018  8: 2:15          50          50          50          50       50000                50     2500000    24500000      450000     54.4444           1
10/ 7/2018  8: 2:19          60          60          60          60       50000                60     3000000    27500000      500000          55           1
10/ 7/2018  8: 2:23          50          50          50          50       50000                50     2500000    30000000      550000     54.5455           1
10/ 7/2018 10: 2:25          60          60          60          60       50000                60     3000000    33000000      600000          55           1
10/ 7/2018 11: 2:16          50          50          50          50       50000                50     2500000    35500000      650000     54.6154           1
10/ 7/2018 11: 2:29          60          60          60          60       50000                60     3000000    38500000      700000          55           1
10/ 7/2018 12: 2: 1          50          50          50          50       50000                50     2500000    41000000      750000     54.6667           1
10/ 7/2018 16: 2: 0          60          60          60          60         100                60        6000    41006000      750100     54.6674           1
10/ 7/2018 16: 2:12          40          40          40          40        2000                40       80000    41086000      752100     54.6284           1
10/ 7/2018 23: 2:12          50          50          50          50         100                50        5000    41091000      752200     54.6278           1
10/ 7/2018 28: 2:14          50          50          50          50       50000                50     2500000    43591000      802200     54.3393           1
11/ 7/2018  4: 2:40          60          60          60          60       50000                60     3000000    46591000      852200     54.6714           1
14/ 7/2018  0: 2: 0          60          60          60          60       50000                60     3000000    49591000      902200     54.9667           1
