         Date              Open        High         Low       Close      Volume     Typical Price         V*P    Total VP     Total V        VWAP    Message Count
10/ 7/2018  0: 2:34         320         320         320         320       25000               320     8000000     8000000       25000         320           1
10/ 7/2018  0: 2:52         330         330         330         330       25000               330     8250000    16250000       50000         325           1
10/ 7/2018  0: 2:55         320         320         320         320       25000               320     8000000    24250000       75000     323.333           1
10/ 7/2018  0: 2:56         330         330         330         330       25000               330     8250000    32500000      100000         325           1
10/ 7/2018  0: 2:58         320         320         320         320       25000               320     8000000    40500000      125000         324           1
10/ 7/2018  2: 2:17         330         330         330         330       25000               330     8250000    48750000      150000         325           1
10/ 7/2018  2: 2:19         320         320         320         320       25000               320     8000000    56750000      175000     324.286           1
10/ 7/2018  2: 2:31         330         330         320         320       25000           323.333     8083333    64833333      200000     324.167           2
10/ 7/2018  3: 2:28         330         330         330         330       25000               330     8250000    73083333      225000     324.815           1
10/ 7/2018  3: 2:29         320         320         320         320       25000               320     8000000    81083333      250000     324.333           1
10/ 7/2018  4: 2:22         330         330         320         320       25000           323.333     8083333    89166666      275000     324.242           2
10/ 7/2018  4: 2:36         330         330         330         330       25000               330     8250000    97416666      300000     324.722           1
10/ 7/2018  4: 2:40         320         320         320         320       25000               320     8000000   105416666      325000     324.359           1
10/ 7/2018  5: 2: 2         310         310         310         310       25000               310     7750000   113166666      350000     323.333           1
10/ 7/2018  5: 2: 3         320         320         320         320       25000               320     8000000   121166666      375000     323.111           1
10/ 7/2018  5: 2:41         330         330         330         330       25000               330     8250000   129416666      400000     323.542           1
10/ 7/2018  5: 2:54         320         320         320         320       25000               320     8000000   137416666      425000     323.333           1
10/ 7/2018  8: 2:34         310         310         310         310       25000               310     7750000   145166666      450000     322.593           1
10/ 7/2018  9: 2:10         320         320         320         320       25000               320     8000000   153166666      475000     322.456           1
10/ 7/2018 11: 2:48         330         330         330         330       25000               330     8250000   161416666      500000     322.833           1
10/ 7/2018 11: 2:53         320         320         320         320       25000               320     8000000   169416666      525000     322.698           1
10/ 7/2018 11: 2:54         330         330         330         330       25000               330     8250000   177666666      550000      323.03           1
10/ 7/2018 12: 2: 1         320         320         320         320       25000               320     8000000   185666666      575000     322.899           1
10/ 7/2018 17: 2:37         340         340         340         340       25000               340     8500000   194166666      600000     323.611           1
10/ 7/2018 17: 2:38         330         330         330         330       25000               330     8250000   202416666      625000     323.867           1
10/ 7/2018 17: 2:39         340         340         340         340       25000               340     8500000   210916666      650000     324.487           1
10/ 7/2018 17: 2:40         330         330         330         330       25000               330     8250000   219166666      675000     324.691           1
10/ 7/2018 17: 2:45         340         340         340         340       25000               340     8500000   227666666      700000     325.238           1
10/ 7/2018 17: 2:47         330         330         330         330       25000               330     8250000   235916666      725000     325.402           1
10/ 7/2018 17: 2:51         340         340         340         340       25000               340     8500000   244416666      750000     325.889           1
10/ 7/2018 17: 2:52         330         330         330         330       25000               330     8250000   252666666      775000     326.022           1
10/ 7/2018 18: 2:37         340         340         330         330       25000           333.333     8333333   260999999      800000      326.25           2
10/ 7/2018 18: 2:58         320         320         320         320       25000               320     8000000   268999999      825000     326.061           1
10/ 7/2018 19: 2: 9         340         340         340         340       25000               340     8500000   277499999      850000     326.471           1
10/ 7/2018 19: 2:10         320         320         320         320       25000               320     8000000   285499999      875000     326.286           1
10/ 7/2018 19: 2:13         330         330         330         330       25000               330     8250000   293749999      900000     326.389           1
10/ 7/2018 19: 2:16         340         340         340         340       25000               340     8500000   302249999      925000     326.757           1
10/ 7/2018 19: 2:18         320         320         320         320       25000               320     8000000   310249999      950000     326.579           1
10/ 7/2018 19: 2:22         330         330         330         330       25000               330     8250000   318499999      975000     326.667           1
10/ 7/2018 19: 2:25         340         340         340         340       25000               340     8500000   326999999     1000000         327           1
10/ 7/2018 19: 2:37         320         340         320         340       25000           333.333     8333333   335333332     1025000     327.154           2
10/ 7/2018 19: 2:38         320         340         320         340       25000           333.333     8333333   343666665     1050000     327.302           2
10/ 7/2018 19: 2:42         320         320         320         320       25000               320     8000000   351666665     1075000     327.132           1
10/ 7/2018 20: 2: 4         340         340         340         340       25000               340     8500000   360166665     1100000     327.424           1
10/ 7/2018 20: 2: 5         320         320         320         320       25000               320     8000000   368166665     1125000     327.259           1
10/ 7/2018 20: 2: 6         330         330         330         330       25000               330     8250000   376416665     1150000     327.319           1
10/ 7/2018 20: 2:28         320         320         320         320       25000               320     8000000   384416665     1175000     327.163           1
10/ 7/2018 20: 2:54         330         330         330         330       25000               330     8250000   392666665     1200000     327.222           1
10/ 7/2018 20: 2:56         320         320         320         320       25000               320     8000000   400666665     1225000     327.075           1
10/ 7/2018 20: 2:57         330         330         330         330       25000               330     8250000   408916665     1250000     327.133           1
10/ 7/2018 21: 2: 1         320         320         320         320       25000               320     8000000   416916665     1275000     326.993           1
10/ 7/2018 27: 2:47         330         330         330         330       25000               330     8250000   425166665     1300000     327.051           1
10/ 7/2018 27: 2:49         320         320         320         320       25000               320     8000000   433166665     1325000     326.918           1
10/ 7/2018 32: 2:10         310         310         310         310       25000               310     7750000   440916665     1350000     326.605           1
10/ 7/2018 32: 2:30         320         320         320         320       25000               320     8000000   448916665     1375000     326.485           1
10/ 7/2018 32: 2:38         310         310         310         310       25000               310     7750000   456666665     1400000      326.19           1
10/ 7/2018 32: 2:40         320         320         320         320       25000               320     8000000   464666665     1425000     326.082           1
10/ 7/2018 34: 2:51         310         310         310         310       25000               310     7750000   472416665     1450000     325.805           1
10/ 7/2018 34: 2:57         320         320         320         320       25000               320     8000000   480416665     1475000     325.706           1
10/ 7/2018 35: 2:10         330         330         330         330       25000               330     8250000   488666665     1500000     325.778           1
10/ 7/2018 35: 2:11         320         320         320         320       25000               320     8000000   496666665     1525000     325.683           1
10/ 7/2018 35: 2:13         330         330         330         330       25000               330     8250000   504916665     1550000     325.753           1
10/ 7/2018 35: 2:15         320         320         320         320       25000               320     8000000   512916665     1575000     325.661           1
10/ 7/2018 35: 2:32         330         330         330         330       25000               330     8250000   521166665     1600000     325.729           1
10/ 7/2018 35: 2:37         320         320         320         320       25000               320     8000000   529166665     1625000     325.641           1
10/ 7/2018 35: 2:48         310         310         310         310       25000               310     7750000   536916665     1650000     325.404           1
10/ 7/2018 36: 2: 9         320         320         320         320       25000               320     8000000   544916665     1675000     325.323           1
10/ 7/2018 36: 2:10         330         330         320         320       25000           323.333     8083333   552999998     1700000     325.294           2
10/ 7/2018 36: 2:20         330         330         330         330       25000               330     8250000   561249998     1725000     325.362           1
10/ 7/2018 36: 2:26         310         310         310         310       25000               310     7750000   568999998     1750000     325.143           1
10/ 7/2018 36: 2:41         320         320         320         320       25000               320     8000000   576999998     1775000      325.07           1
10/ 7/2018 37: 2: 3         310         310         310         310       25000               310     7750000   584749998     1800000     324.861           1
10/ 7/2018 37: 2: 4         320         320         320         320       25000               320     8000000   592749998     1825000     324.795           1
10/ 7/2018 38: 2:28         310         310         310         310       25000               310     7750000   600499998     1850000     324.595           1
10/ 7/2018 38: 2:33         320         320         320         320       25000               320     8000000   608499998     1875000     324.533           1
10/ 7/2018 41: 2:23         330         330         320         320       25000           323.333     8083333   616583331     1900000     324.518           2
10/ 7/2018 41: 2:27         330         330         330         330       25000               330     8250000   624833331     1925000     324.589           1
10/ 7/2018 41: 2:40         320         320         320         320       25000               320     8000000   632833331     1950000      324.53           1
10/ 7/2018 41: 2:41         330         330         330         330       25000               330     8250000   641083331     1975000     324.599           1
10/ 7/2018 41: 2:50         320         320         320         320       25000               320     8000000   649083331     2000000     324.542           1
10/ 7/2018 47: 2:29         330         330         330         330       25000               330     8250000   657333331     2025000     324.609           1
10/ 7/2018 47: 2:30         320         320         320         320       25000               320     8000000   665333331     2050000     324.553           1
11/ 7/2018  3: 2:33         330         330         330         330       25000               330     8250000   673583331     2075000     324.618           1
11/ 7/2018  3: 2:34         320         320         320         320       25000               320     8000000   681583331     2100000     324.563           1
11/ 7/2018  4: 2:43         310         310         310         310       25000               310     7750000   689333331     2125000     324.392           1
11/ 7/2018  9: 2:14         320         320         320         320       25000               320     8000000   697333331     2150000     324.341           1
11/ 7/2018 10: 2: 0         310         310         310         310       25000               310     7750000   705083331     2175000     324.176           1
11/ 7/2018 23: 2: 2         320         320         320         320       25000               320     8000000   713083331     2200000     324.129           1
11/ 7/2018 23: 2: 3         310         310         310         310       25000               310     7750000   720833331     2225000      323.97           1
11/ 7/2018 24: 2:16         320         320         320         320       25000               320     8000000   728833331     2250000     323.926           1
11/ 7/2018 24: 2:18         310         310         310         310       25000               310     7750000   736583331     2275000     323.773           1
11/ 7/2018 48: 2:48         320         320         310         310       25000           313.333     7833333   744416664     2300000     323.659           2
12/ 7/2018 13: 2: 9         300         300         300         300       25000               300     7500000   751916664     2325000     323.405           1
12/ 7/2018 13: 2:55         290         290         290         290       25000               290     7250000   759166664     2350000      323.05           1
12/ 7/2018 13: 2:58         300         300         300         300       25000               300     7500000   766666664     2375000     322.807           1
12/ 7/2018 14: 2: 3         310         310         310         310       25000               310     7750000   774416664     2400000     322.674           1
12/ 7/2018 14: 2: 4         290         290         290         290       25000               290     7250000   781666664     2425000     322.337           1
12/ 7/2018 14: 2:18         300         300         300         300       25000               300     7500000   789166664     2450000     322.109           1
12/ 7/2018 14: 2:19         290         290         290         290       25000               290     7250000   796416664     2475000     321.785           1
12/ 7/2018 14: 2:33         300         300         300         300       25000               300     7500000   803916664     2500000     321.567           1
12/ 7/2018 14: 2:34         290         290         290         290       25000               290     7250000   811166664     2525000     321.254           1
12/ 7/2018 14: 2:52         300         300         300         300       25000               300     7500000   818666664     2550000     321.046           1
12/ 7/2018 14: 2:53         290         290         290         290       25000               290     7250000   825916664     2575000     320.744           1
12/ 7/2018 15: 2:10         310         310         310         310       25000               310     7750000   833666664     2600000     320.641           1
12/ 7/2018 15: 2:11         290         290         290         290       25000               290     7250000   840916664     2625000     320.349           1
12/ 7/2018 15: 2:28         300         300         300         300       25000               300     7500000   848416664     2650000     320.157           1
12/ 7/2018 16: 2: 9         310         310         310         310       25000               310     7750000   856166664     2675000     320.062           1
12/ 7/2018 16: 2:10         300         300         300         300       25000               300     7500000   863666664     2700000     319.877           1
12/ 7/2018 16: 2:12         310         310         310         310       25000               310     7750000   871416664     2725000     319.786           1
12/ 7/2018 16: 2:13         300         310         300         310       25000           306.667     7666666   879083330     2750000     319.667           2
12/ 7/2018 16: 2:16         300         300         300         300       25000               300     7500000   886583330     2775000     319.489           1
12/ 7/2018 18: 2:23         310         310         310         310       25000               310     7750000   894333330     2800000     319.405           1
12/ 7/2018 18: 2:24         300         300         300         300       25000               300     7500000   901833330     2825000     319.233           1
12/ 7/2018 18: 2:25         310         310         300         300       25000           303.333     7583333   909416663     2850000     319.094           2
12/ 7/2018 18: 2:30         310         310         310         310       25000               310     7750000   917166663     2875000     319.014           1
12/ 7/2018 18: 2:34         300         300         300         300       25000               300     7500000   924666663     2900000     318.851           1
12/ 7/2018 20: 2:12         310         310         310         310       25000               310     7750000   932416663     2925000     318.775           1
12/ 7/2018 20: 2:13         300         300         300         300       25000               300     7500000   939916663     2950000     318.616           1
12/ 7/2018 20: 2:31         290         290         290         290       25000               290     7250000   947166663     2975000     318.375           1
12/ 7/2018 20: 2:57         300         300         300         300       25000               300     7500000   954666663     3000000     318.222           1
12/ 7/2018 21: 2: 5         290         290         290         290       25000               290     7250000   961916663     3025000     317.989           1
12/ 7/2018 21: 2:25         300         300         300         300       25000               300     7500000   969416663     3050000     317.842           1
12/ 7/2018 21: 2:26         290         290         290         290       25000               290     7250000   976666663     3075000     317.615           1
12/ 7/2018 21: 2:27         300         300         300         300       25000               300     7500000   984166663     3100000     317.473           1
12/ 7/2018 21: 2:30         290         290         290         290       25000               290     7250000   991416663     3125000     317.253           1
12/ 7/2018 21: 2:44         300         300         300         300       25000               300     7500000   998916663     3150000     317.116           1
12/ 7/2018 21: 2:45         290         290         290         290       25000               290     7250000  1006166663     3175000     316.903           1
12/ 7/2018 23: 2:27         300         300         300         300       25000               300     7500000  1013666663     3200000     316.771           1
12/ 7/2018 23: 2:34         290         290         290         290       25000               290     7250000  1020916663     3225000     316.563           1
12/ 7/2018 23: 2:41         300         300         300         300       25000               300     7500000  1028416663     3250000     316.436           1
12/ 7/2018 23: 2:42         290         290         290         290       25000               290     7250000  1035666663     3275000     316.234           1
12/ 7/2018 24: 2:23         300         300         300         300       25000               300     7500000  1043166663     3300000     316.111           1
12/ 7/2018 24: 2:27         310         310         310         310       25000               310     7750000  1050916663     3325000     316.065           1
12/ 7/2018 24: 2:29         290         290         290         290       25000               290     7250000  1058166663     3350000     315.871           1
12/ 7/2018 24: 2:34         300         300         300         300       25000               300     7500000  1065666663     3375000     315.753           1
12/ 7/2018 24: 2:52         290         290         290         290       25000               290     7250000  1072916663     3400000     315.564           1
12/ 7/2018 25: 2: 3         300         300         300         300       25000               300     7500000  1080416663     3425000      315.45           1
12/ 7/2018 25: 2:37         290         290         290         290       25000               290     7250000  1087666663     3450000     315.266           1
12/ 7/2018 25: 2:45         300         300         300         300       25000               300     7500000  1095166663     3475000     315.156           1
12/ 7/2018 25: 2:50         290         290         290         290       25000               290     7250000  1102416663     3500000     314.976           1
12/ 7/2018 25: 2:52         300         300         300         300       25000               300     7500000  1109916663     3525000      314.87           1
12/ 7/2018 25: 2:53         290         290         290         290       25000               290     7250000  1117166663     3550000     314.695           1
12/ 7/2018 25: 2:55         300         300         300         300       25000               300     7500000  1124666663     3575000     314.592           1
12/ 7/2018 26: 2: 2         290         290         290         290       25000               290     7250000  1131916663     3600000     314.421           1
12/ 7/2018 26: 2:16         300         300         300         300       25000               300     7500000  1139416663     3625000     314.322           1
12/ 7/2018 30: 2:16         290         290         290         290       25000               290     7250000  1146666663     3650000     314.155           1
12/ 7/2018 30: 2:19         300         300         300         300       25000               300     7500000  1154166663     3675000     314.059           1
12/ 7/2018 32: 2:36         290         290         290         290       25000               290     7250000  1161416663     3700000     313.896           1
12/ 7/2018 32: 2:46         300         300         300         300       25000               300     7500000  1168916663     3725000     313.803           1
12/ 7/2018 38: 2:25         310         310         310         310       25000               310     7750000  1176666663     3750000     313.778           1
12/ 7/2018 38: 2:28         300         300         300         300       25000               300     7500000  1184166663     3775000     313.687           1
14/ 7/2018  0: 2:26         300         300         300         300       25000               300     7500000  1191666663     3800000     313.596           1
14/ 7/2018 10: 2:38         310         310         310         310       25000               310     7750000  1199416663     3825000     313.573           1
14/ 7/2018 10: 2:45         300         300         300         300       25000               300     7500000  1206916663     3850000     313.485           1
14/ 7/2018 11: 2:13         310         310         310         310       25000               310     7750000  1214666663     3875000     313.462           1
14/ 7/2018 11: 2:19         300         300         300         300       25000               300     7500000  1222166663     3900000     313.376           1
14/ 7/2018 15: 2:43         310         310         300         300       25000           303.333     7583333  1229749996     3925000     313.312           2
14/ 7/2018 15: 2:50         310         310         310         310       25000               310     7750000  1237499996     3950000     313.291           1
14/ 7/2018 15: 2:56         300         300         300         300       25000               300     7500000  1244999996     3975000     313.208           1
14/ 7/2018 16: 2: 7         310         310         310         310       25000               310     7750000  1252749996     4000000     313.187           1
14/ 7/2018 16: 2:17         300         300         300         300       25000               300     7500000  1260249996     4025000     313.106           1
14/ 7/2018 16: 2:25         310         310         310         310       25000               310     7750000  1267999996     4050000     313.086           1
14/ 7/2018 16: 2:33         300         300         300         300       25000               300     7500000  1275499996     4075000     313.006           1
14/ 7/2018 18: 2:51         310         310         310         310       25000               310     7750000  1283249996     4100000     312.988           1
14/ 7/2018 19: 2: 4         300         300         300         300       25000               300     7500000  1290749996     4125000     312.909           1
14/ 7/2018 19: 2: 5         310         310         310         310       25000               310     7750000  1298499996     4150000     312.892           1
14/ 7/2018 19: 2:12         300         300         300         300       25000               300     7500000  1305999996     4175000     312.814           1
14/ 7/2018 20: 2:24         310         310         310         310       25000               310     7750000  1313749996     4200000     312.798           1
14/ 7/2018 21: 2: 3         300         300         300         300       25000               300     7500000  1321249996     4225000     312.722           1
14/ 7/2018 22: 2:59         310         310         310         310       25000               310     7750000  1328999996     4250000     312.706           1
14/ 7/2018 23: 2: 6         300         300         300         300       25000               300     7500000  1336499996     4275000     312.632           1
14/ 7/2018 23: 2:16         310         310         310         310       25000               310     7750000  1344249996     4300000     312.616           1
14/ 7/2018 23: 2:20         300         300         300         300       25000               300     7500000  1351749996     4325000     312.543           1
14/ 7/2018 23: 2:23         310         310         300         300       25000           303.333     7583333  1359333329     4350000      312.49           2
14/ 7/2018 23: 2:26         310         310         310         310       25000               310     7750000  1367083329     4375000     312.476           1
14/ 7/2018 23: 2:43         300         300         300         300       25000               300     7500000  1374583329     4400000     312.405           1
14/ 7/2018 23: 2:59         310         310         310         310       25000               310     7750000  1382333329     4425000     312.392           1
14/ 7/2018 24: 2: 4         300         300         300         300       25000               300     7500000  1389833329     4450000     312.322           1
14/ 7/2018 34: 2:22         290         290         290         290       25000               290     7250000  1397083329     4475000     312.197           1
14/ 7/2018 34: 2:28         300         300         300         300       25000               300     7500000  1404583329     4500000      312.13           1
14/ 7/2018 34: 2:34         290         290         290         290       25000               290     7250000  1411833329     4525000     312.007           1
14/ 7/2018 34: 2:38         300         300         300         300       25000               300     7500000  1419333329     4550000     311.941           1
14/ 7/2018 39: 2:28         290         290         290         290       25000               290     7250000  1426583329     4575000     311.821           1
14/ 7/2018 39: 2:38         300         300         300         300       25000               300     7500000  1434083329     4600000     311.757           1
14/ 7/2018 41: 2:21         310         310         310         310       25000               310     7750000  1441833329     4625000     311.748           1
14/ 7/2018 41: 2:22         300         300         300         300       25000               300     7500000  1449333329     4650000     311.685           1
15/ 7/2018  3: 2:16         310         310         310         310       25000               310     7750000  1457083329     4675000     311.676           1
15/ 7/2018  3: 2:17         300         300         300         300       25000               300     7500000  1464583329     4700000     311.613           1
15/ 7/2018  3: 2:26         310         310         310         310       25000               310     7750000  1472333329     4725000     311.605           1
15/ 7/2018  3: 2:29         300         300         300         300       25000               300     7500000  1479833329     4750000     311.544           1
15/ 7/2018 23: 2:10         310         310         310         310       25000               310     7750000  1487583329     4775000     311.536           1
15/ 7/2018 23: 2:14         300         300         300         300       25000               300     7500000  1495083329     4800000     311.476           1
15/ 7/2018 55: 2:54         310         310         310         310       25000               310     7750000  1502833329     4825000     311.468           1
15/ 7/2018 56: 2:32         300         300         300         300       25000               300     7500000  1510333329     4850000     311.409           1
16/ 7/2018  6: 2: 6         310         310         310         310       25000               310     7750000  1518083329     4875000     311.402           1
16/ 7/2018 10: 2:55         330         330         330         330       25000               330     8250000  1526333329     4900000     311.497           1
16/ 7/2018 10: 2:56         310         330         310         330       25000           323.333     8083333  1534416662     4925000     311.557           2
16/ 7/2018 10: 2:58         310         310         310         310       25000               310     7750000  1542166662     4950000     311.549           1
16/ 7/2018 11: 2:59         320         320         320         320       25000               320     8000000  1550166662     4975000     311.591           1
16/ 7/2018 29: 2:55         330         330         330         330       25000               330     8250000  1558416662     5000000     311.683           1
16/ 7/2018 29: 2:58         320         320         320         320       25000               320     8000000  1566416662     5025000     311.725           1
16/ 7/2018 30: 2:26         310         310         310         310       25000               310     7750000  1574166662     5050000     311.716           1
16/ 7/2018 52: 2:51         320         320         320         320       25000               320     8000000  1582166662     5075000     311.757           1
16/ 7/2018 52: 2:52         310         310         310         310       25000               310     7750000  1589916662     5100000     311.748           1
16/ 7/2018 54: 2:12         320         320         320         320       25000               320     8000000  1597916662     5125000     311.789           1
16/ 7/2018 54: 2:13         310         310         310         310       25000               310     7750000  1605666662     5150000      311.78           1
17/ 7/2018 11: 2:37         300         300         300         300       25000               300     7500000  1613166662     5175000     311.723           1
17/ 7/2018 20: 2:28         310         310         300         300       25000           303.333     7583333  1620749995     5200000     311.683           2
17/ 7/2018 31: 2:29         310         310         310         310       25000               310     7750000  1628499995     5225000     311.675           1
17/ 7/2018 38: 2:58         300         300         300         300       25000               300     7500000  1635999995     5250000     311.619           1
17/ 7/2018 48: 2:29         320         320         300         300       25000           306.667     7666666  1643666661     5275000     311.596           2
17/ 7/2018 49: 2: 9         310         310         310         310       25000               310     7750000  1651416661     5300000     311.588           1
17/ 7/2018 59: 2:48         320         320         320         320       25000               320     8000000  1659416661     5325000     311.628           1
17/ 7/2018 59: 2:49         310         310         310         310       25000               310     7750000  1667166661     5350000      311.62           1
