         Date              Open        High         Low       Close      Volume    Typical Price         V*P    Total VP     Total V            VWAP
 2/ 7/2018 10: 0:24          60          60          60          60      100000               60     6000000     6000000      100000               60
 2/ 7/2018 10: 4:29          50          50          50          50      100000               50     5000000    11000000      200000               55
 2/ 7/2018 10: 4:30          60          60          60          60      100000               60     6000000    17000000      300000          56.6667
 2/ 7/2018 10: 5:59          50          50          50          50      100000               50     5000000    22000000      400000               55
 2/ 7/2018 10: 6: 8          60          60          60          60      100000               60     6000000    28000000      500000               56
 2/ 7/2018 10: 6:19          50          50          50          50      100000               50     5000000    33000000      600000               55
 2/ 7/2018 10: 8: 0          60          60          60          60      100000               60     6000000    39000000      700000          55.7143
 2/ 7/2018 10: 8: 1          50          50          50          50      100000               50     5000000    44000000      800000               55
 2/ 7/2018 10: 8:10          60          60          60          60      100000               60     6000000    50000000      900000          55.5556
 2/ 7/2018 10: 8:11          50          50          50          50      100000               50     5000000    55000000     1000000               55
 2/ 7/2018 10:16:58          60          60          60          60      100000               60     6000000    61000000     1100000          55.4545
 2/ 7/2018 10:17: 0          50          50          50          50      100000               50     5000000    66000000     1200000               55
 2/ 7/2018 10:18: 9          60          60          60          60      100000               60     6000000    72000000     1300000          55.3846
 2/ 7/2018 10:18:10          50          50          50          50      100000               50     5000000    77000000     1400000               55
 2/ 7/2018 10:26: 6          60          60          60          60      100000               60     6000000    83000000     1500000          55.3333
 2/ 7/2018 10:26: 9          50          50          50          50      100000               50     5000000    88000000     1600000               55
 2/ 7/2018 10:26:10          60          60          60          60      100000               60     6000000    94000000     1700000          55.2941
 2/ 7/2018 10:26:45          50          50          50          50      100000               50     5000000    99000000     1800000               55
 2/ 7/2018 10:26:55          60          60          60          60      100000               60     6000000   105000000     1900000          55.2632
 2/ 7/2018 10:29:53          50          50          50          50      100000               50     5000000   110000000     2000000               55
 2/ 7/2018 10:30: 2          60          60          60          60      100000               60     6000000   116000000     2100000          55.2381
 2/ 7/2018 10:30: 3          50          50          50          50      100000               50     5000000   121000000     2200000               55
 2/ 7/2018 10:31:11          60          60          60          60      100000               60     6000000   127000000     2300000          55.2174
 2/ 7/2018 10:31:15          50          50          50          50      100000               50     5000000   132000000     2400000               55
 2/ 7/2018 10:31:18          60          60          60          60      100000               60     6000000   138000000     2500000             55.2
 2/ 7/2018 10:31:22          50          50          50          50      100000               50     5000000   143000000     2600000               55
 2/ 7/2018 10:31:23          60          60          60          60      100000               60     6000000   149000000     2700000          55.1852
 2/ 7/2018 10:31:24          50          50          50          50      100000               50     5000000   154000000     2800000               55
 2/ 7/2018 10:31:29          60          60          60          60      100000               60     6000000   160000000     2900000          55.1724
 2/ 7/2018 10:31:30          50          50          50          50      100000               50     5000000   165000000     3000000               55
 2/ 7/2018 10:31:35          60          60          60          60      100000               60     6000000   171000000     3100000          55.1613
 2/ 7/2018 10:31:46          50          50          50          50      100000               50     5000000   176000000     3200000               55
 2/ 7/2018 10:31:47          60          60          60          60      100000               60     6000000   182000000     3300000          55.1515
 2/ 7/2018 10:31:49          50          50          50          50      100000               50     5000000   187000000     3400000               55
 2/ 7/2018 10:33:36          60          60          60          60      100000               60     6000000   193000000     3500000          55.1429
 2/ 7/2018 10:33:37          50          50          50          50      100000               50     5000000   198000000     3600000               55
 2/ 7/2018 10:33:54          60          60          60          60      100000               60     6000000   204000000     3700000          55.1351
 2/ 7/2018 10:34:10          50          50          50          50      100000               50     5000000   209000000     3800000               55
 2/ 7/2018 10:34:11          60          60          60          60      100000               60     6000000   215000000     3900000          55.1282
 2/ 7/2018 10:34:12          50          50          50          50      100000               50     5000000   220000000     4000000               55
 2/ 7/2018 10:34:23          60          60          60          60      100000               60     6000000   226000000     4100000           55.122
 2/ 7/2018 10:34:27          50          50          50          50      100000               50     5000000   231000000     4200000               55
 2/ 7/2018 10:34:58          60          60          60          60      100000               60     6000000   237000000     4300000          55.1163
 2/ 7/2018 10:35: 2          50          50          50          50      100000               50     5000000   242000000     4400000               55
 2/ 7/2018 10:35:42          60          60          60          60      100000               60     6000000   248000000     4500000          55.1111
 2/ 7/2018 10:35:43          50          50          50          50      100000               50     5000000   253000000     4600000               55
 2/ 7/2018 11:43:56          60          60          60          60      100000               60     6000000   259000000     4700000          55.1064
 2/ 7/2018 11:44: 4          50          50          50          50      100000               50     5000000   264000000     4800000               55
 2/ 7/2018 11:44: 6          60          60          60          60      100000               60     6000000   270000000     4900000           55.102
 2/ 7/2018 11:44:21          50          50          50          50      100000               50     5000000   275000000     5000000               55
 2/ 7/2018 11:44:23          60          60          60          60      100000               60     6000000   281000000     5100000           55.098
 2/ 7/2018 12: 3:33          50          50          50          50      100000               50     5000000   286000000     5200000               55
 2/ 7/2018 12: 3:50          60          60          60          60      100000               60     6000000   292000000     5300000          55.0943
 2/ 7/2018 12: 4:11          50          50          50          50      100000               50     5000000   297000000     5400000               55
 2/ 7/2018 12: 4:27          60          60          60          60      100000               60     6000000   303000000     5500000          55.0909
 2/ 7/2018 12: 4:29          50          50          50          50      100000               50     5000000   308000000     5600000               55
 2/ 7/2018 12: 5: 4          60          60          60          60      100000               60     6000000   314000000     5700000          55.0877
 2/ 7/2018 12: 5: 7          50          50          50          50      100000               50     5000000   319000000     5800000               55
 2/ 7/2018 12: 5:10          60          60          60          60      100000               60     6000000   325000000     5900000          55.0847
 2/ 7/2018 12: 5:14          50          50          50          50      100000               50     5000000   330000000     6000000               55
 2/ 7/2018 12: 5:16          60          60          60          60      100000               60     6000000   336000000     6100000           55.082
 2/ 7/2018 12: 6:17          50          50          50          50      100000               50     5000000   341000000     6200000               55
 2/ 7/2018 12: 6:22          60          60          60          60      100000               60     6000000   347000000     6300000          55.0794
 2/ 7/2018 12: 6:27          50          50          50          50      100000               50     5000000   352000000     6400000               55
 2/ 7/2018 12: 6:32          60          60          60          60      100000               60     6000000   358000000     6500000          55.0769
 2/ 7/2018 12: 6:33          50          50          50          50      100000               50     5000000   363000000     6600000               55
 2/ 7/2018 12: 6:35          60          60          60          60      100000               60     6000000   369000000     6700000          55.0746
 2/ 7/2018 12: 6:49          50          50          50          50      100000               50     5000000   374000000     6800000               55
 2/ 7/2018 12: 7: 5          60          60          60          60      100000               60     6000000   380000000     6900000          55.0725
 2/ 7/2018 12: 7: 7          50          50          50          50      100000               50     5000000   385000000     7000000               55
 2/ 7/2018 14: 0:31          50          50          50          50      100000               50     5000000   390000000     7100000          54.9296
 2/ 7/2018 15:59:31          40          40          40          40      100000               40     4000000   394000000     7200000          54.7222
 2/ 7/2018 16: 4:58          50          50          50          50      100000               50     5000000   399000000     7300000          54.6575
 2/ 7/2018 16: 4:59          40          40          40          40      100000               40     4000000   403000000     7400000          54.4595
 2/ 7/2018 16: 5:42          50          50          50          50      100000               50     5000000   408000000     7500000             54.4
 2/ 7/2018 16: 5:43          40          40          40          40      100000               40     4000000   412000000     7600000          54.2105
 2/ 7/2018 16: 5:47          50          50          50          50      100000               50     5000000   417000000     7700000          54.1558
 2/ 7/2018 16: 6: 4          40          40          40          40      100000               40     4000000   421000000     7800000          53.9744
 2/ 7/2018 16: 6: 5          50          50          50          50      100000               50     5000000   426000000     7900000          53.9241
 2/ 7/2018 16: 6: 6          40          40          40          40      100000               40     4000000   430000000     8000000            53.75
 2/ 7/2018 16: 6: 9          50          50          50          50      100000               50     5000000   435000000     8100000          53.7037
 2/ 7/2018 16: 7:18          40          40          40          40      100000               40     4000000   439000000     8200000          53.5366
 2/ 7/2018 16: 8: 0          50          50          50          50      100000               50     5000000   444000000     8300000           53.494
 2/ 7/2018 16: 8: 1          40          40          40          40      100000               40     4000000   448000000     8400000          53.3333
 2/ 7/2018 16:55:30          50          50          50          50      100000               50     5000000   453000000     8500000          53.2941
 2/ 7/2018 16:55:55          40          40          40          40      100000               40     4000000   457000000     8600000          53.1395
 2/ 7/2018 16:56: 7          50          50          50          50      100000               50     5000000   462000000     8700000          53.1034
 2/ 7/2018 16:56: 8          40          40          40          40      100000               40     4000000   466000000     8800000          52.9545
 2/ 7/2018 16:59:50          50          50          50          50      100000               50     5000000   471000000     8900000          52.9213
 2/ 7/2018 16:59:54          40          40          40          40      100000               40     4000000   475000000     9000000          52.7778
 2/ 7/2018 16:59:58          50          50          50          50      100000               50     5000000   480000000     9100000          52.7473
 2/ 7/2018 17: 0: 2          40          40          40          40      100000               40     4000000   484000000     9200000          52.6087
 2/ 7/2018 17: 2:39          50          50          50          50      100000               50     5000000   489000000     9300000          52.5806
 2/ 7/2018 17: 3: 0          40          40          40          40      100000               40     4000000   493000000     9400000          52.4468
 2/ 7/2018 17: 3: 2          50          50          50          50      100000               50     5000000   498000000     9500000          52.4211
 2/ 7/2018 17: 3: 4          40          40          40          40      100000               40     4000000   502000000     9600000          52.2917
 2/ 7/2018 17: 3: 5          50          50          50          50      100000               50     5000000   507000000     9700000           52.268
 2/ 7/2018 17: 3: 7          40          40          40          40      100000               40     4000000   511000000     9800000          52.1429
 2/ 7/2018 17: 3: 8          50          50          50          50      100000               50     5000000   516000000     9900000          52.1212
 2/ 7/2018 17: 3:18          40          40          40          40      100000               40     4000000   520000000    10000000               52
 2/ 7/2018 17: 3:41          50          50          50          50      100000               50     5000000   525000000    10100000          51.9802
 2/ 7/2018 17: 3:47          40          40          40          40      100000               40     4000000   529000000    10200000          51.8627
 2/ 7/2018 17: 3:50          50          50          50          50      100000               50     5000000   534000000    10300000          51.8447
 2/ 7/2018 17: 3:55          40          40          40          40      100000               40     4000000   538000000    10400000          51.7308
 2/ 7/2018 17: 4: 0          50          50          50          50      100000               50     5000000   543000000    10500000          51.7143
 2/ 7/2018 17: 4: 7          40          40          40          40      100000               40     4000000   547000000    10600000          51.6038
 2/ 7/2018 17: 4:19          50          50          50          50      100000               50     5000000   552000000    10700000          51.5888
 2/ 7/2018 17: 4:46          40          40          40          40      100000               40     4000000   556000000    10800000          51.4815
 2/ 7/2018 17: 4:49          50          50          50          50      100000               50     5000000   561000000    10900000          51.4679
 2/ 7/2018 17: 5:16          40          40          40          40      100000               40     4000000   565000000    11000000          51.3636
 2/ 7/2018 17: 9:41          50          50          50          50      100000               50     5000000   570000000    11100000          51.3514
 2/ 7/2018 17: 9:42          40          40          40          40      100000               40     4000000   574000000    11200000            51.25
 2/ 7/2018 17:10: 1          50          50          50          50      100000               50     5000000   579000000    11300000          51.2389
 2/ 7/2018 17:10: 9          40          40          40          40      100000               40     4000000   583000000    11400000          51.1404
 2/ 7/2018 17:10:11          50          50          50          50      100000               50     5000000   588000000    11500000          51.1304
 2/ 7/2018 17:10:28          40          40          40          40      100000               40     4000000   592000000    11600000          51.0345
 2/ 7/2018 17:10:31          50          50          50          50      100000               50     5000000   597000000    11700000          51.0256
 2/ 7/2018 17:10:34          40          40          40          40      100000               40     4000000   601000000    11800000          50.9322
 2/ 7/2018 17:10:37          50          50          50          50      100000               50     5000000   606000000    11900000          50.9244
 2/ 7/2018 17:11:58          40          40          40          40      100000               40     4000000   610000000    12000000          50.8333
 2/ 7/2018 17:12: 0          50          50          50          50      100000               50     5000000   615000000    12100000          50.8264
 2/ 7/2018 17:12: 3          40          40          40          40      100000               40     4000000   619000000    12200000          50.7377
 2/ 7/2018 17:12:20          50          50          50          50      100000               50     5000000   624000000    12300000          50.7317
 2/ 7/2018 17:15:10          40          40          40          40      100000               40     4000000   628000000    12400000          50.6452
 2/ 7/2018 17:15:25          50          50          50          50      100000               50     5000000   633000000    12500000            50.64
 2/ 7/2018 17:15:26          40          40          40          40      100000               40     4000000   637000000    12600000          50.5556
 2/ 7/2018 17:17:28          50          50          50          50      100000               50     5000000   642000000    12700000          50.5512
 2/ 7/2018 17:18: 2          40          40          40          40      100000               40     4000000   646000000    12800000          50.4688
 2/ 7/2018 17:18: 3          50          50          50          50      100000               50     5000000   651000000    12900000          50.4651
 2/ 7/2018 17:18: 4          40          40          40          40      100000               40     4000000   655000000    13000000          50.3846
 2/ 7/2018 17:22:47          50          50          50          50      100000               50     5000000   660000000    13100000          50.3817
 2/ 7/2018 17:23:15          40          40          40          40      100000               40     4000000   664000000    13200000           50.303
 2/ 7/2018 17:24:12          50          50          50          50      100000               50     5000000   669000000    13300000          50.3008
 2/ 7/2018 17:24:20          40          40          40          40      100000               40     4000000   673000000    13400000          50.2239
 2/ 7/2018 17:24:34          50          50          50          50      100000               50     5000000   678000000    13500000          50.2222
 2/ 7/2018 17:24:40          40          40          40          40      100000               40     4000000   682000000    13600000          50.1471
 2/ 7/2018 17:24:46          50          50          50          50      100000               50     5000000   687000000    13700000           50.146
 2/ 7/2018 17:24:49          40          40          40          40      100000               40     4000000   691000000    13800000          50.0725
 2/ 7/2018 17:24:50          50          50          50          50      100000               50     5000000   696000000    13900000          50.0719
 2/ 7/2018 17:25:31          40          40          40          40      100000               40     4000000   700000000    14000000               50
 2/ 7/2018 17:25:32          50          50          50          50      100000               50     5000000   705000000    14100000               50
 2/ 7/2018 17:25:33          40          40          40          40      100000               40     4000000   709000000    14200000          49.9296
 2/ 7/2018 17:25:34          50          50          50          50      100000               50     5000000   714000000    14300000          49.9301
 2/ 7/2018 17:25:52          40          40          40          40      100000               40     4000000   718000000    14400000          49.8611
 2/ 7/2018 17:26: 8          50          50          50          50      100000               50     5000000   723000000    14500000          49.8621
 2/ 7/2018 17:26:12          40          40          40          40      100000               40     4000000   727000000    14600000          49.7945
 2/ 7/2018 17:43:13          50          50          50          50      100000               50     5000000   732000000    14700000          49.7959
 2/ 7/2018 17:43:14          40          40          40          40      100000               40     4000000   736000000    14800000          49.7297
 2/ 7/2018 17:43:27          50          50          50          50      100000               50     5000000   741000000    14900000          49.7315
 2/ 7/2018 17:43:32          40          40          40          40      100000               40     4000000   745000000    15000000          49.6667
 2/ 7/2018 17:44:32          50          50          50          50      100000               50     5000000   750000000    15100000          49.6689
 2/ 7/2018 17:44:37          40          40          40          40      100000               40     4000000   754000000    15200000          49.6053
 2/ 7/2018 17:49:17          50          50          50          50      100000               50     5000000   759000000    15300000          49.6078
