         Date              Open        High         Low       Close      Volume     Typical Price         V*P    Total VP     Total V        VWAP    Message Count
10/ 7/2018  0: 2: 3        1810        1810        1810        1810        5000              1810     9050000     9050000        5000        1810           1
10/ 7/2018  1: 2:33        1800        1800        1800        1800        5000              1800     9000000    18050000       10000        1805           1
10/ 7/2018  2: 2: 1        1810        1810        1810        1810        5000              1810     9050000    27100000       15000     1806.67           1
10/ 7/2018  4: 2:36        1820        1820        1820        1820        5000              1820     9100000    36200000       20000        1810           1
10/ 7/2018  5: 2:39        1830        1830        1830        1830        5000              1830     9150000    45350000       25000        1814           1
10/ 7/2018 10: 2:34        1820        1820        1820        1820        5000              1820     9100000    54450000       30000        1815           1
10/ 7/2018 11: 2: 9        1810        1810        1810        1810        5000              1810     9050000    63500000       35000     1814.29           1
10/ 7/2018 11: 2:23        1820        1820        1820        1820        5000              1820     9100000    72600000       40000        1815           1
10/ 7/2018 16: 2:12        1830        1830        1830        1830        5000              1830     9150000    81750000       45000     1816.67           1
10/ 7/2018 16: 2:54        1840        1840        1840        1840        5000              1840     9200000    90950000       50000        1819           1
10/ 7/2018 18: 2:39        1850        1850        1850        1850        5000              1850     9250000   100200000       55000     1821.82           1
10/ 7/2018 19: 2:21        1860        1860        1860        1860        5000              1860     9300000   109500000       60000        1825           1
10/ 7/2018 20: 2:31        1850        1850        1850        1850        5000              1850     9250000   118750000       65000     1826.92           1
10/ 7/2018 28: 2:14        1850        1850        1850        1850        5000              1850     9250000   128000000       70000     1828.57           1
10/ 7/2018 28: 2:34        1840        1840        1840        1840        5000              1840     9200000   137200000       75000     1829.33           1
10/ 7/2018 29: 2: 9        1830        1830        1830        1830        5000              1830     9150000   146350000       80000     1829.38           1
10/ 7/2018 30: 2:12        1840        1840        1840        1840        5000              1840     9200000   155550000       85000        1830           1
10/ 7/2018 30: 2:40        1850        1850        1850        1850        5000              1850     9250000   164800000       90000     1831.11           1
10/ 7/2018 30: 2:54        1840        1840        1840        1840        5000              1840     9200000   174000000       95000     1831.58           1
10/ 7/2018 31: 2:22        1830        1830        1830        1830        5000              1830     9150000   183150000      100000      1831.5           1
10/ 7/2018 31: 2:43        1820        1820        1820        1820        5000              1820     9100000   192250000      105000     1830.95           1
10/ 7/2018 33: 2:56        1810        1810        1810        1810        5000              1810     9050000   201300000      110000        1830           1
10/ 7/2018 34: 2:10        1820        1820        1820        1820        5000              1820     9100000   210400000      115000     1829.57           1
10/ 7/2018 34: 2:24        1810        1810        1810        1810        5000              1810     9050000   219450000      120000     1828.75           1
10/ 7/2018 34: 2:31        1820        1820        1820        1820        5000              1820     9100000   228550000      125000      1828.4           1
10/ 7/2018 34: 2:38        1810        1810        1810        1810        5000              1810     9050000   237600000      130000     1827.69           1
10/ 7/2018 34: 2:45        1820        1820        1820        1820        5000              1820     9100000   246700000      135000     1827.41           1
10/ 7/2018 35: 2:13        1830        1830        1830        1830        5000              1830     9150000   255850000      140000      1827.5           1
10/ 7/2018 36: 2:51        1840        1840        1840        1840        5000              1840     9200000   265050000      145000     1827.93           1
10/ 7/2018 37: 2:47        1830        1830        1830        1830        5000              1830     9150000   274200000      150000        1828           1
10/ 7/2018 40: 2:21        1840        1840        1840        1840        5000              1840     9200000   283400000      155000     1828.39           1
10/ 7/2018 41: 2:24        1830        1830        1830        1830        5000              1830     9150000   292550000      160000     1828.44           1
10/ 7/2018 41: 2:31        1840        1840        1840        1840        5000              1840     9200000   301750000      165000     1828.79           1
10/ 7/2018 41: 2:38        1830        1830        1830        1830        5000              1830     9150000   310900000      170000     1828.82           1
10/ 7/2018 41: 2:45        1840        1840        1840        1840        5000              1840     9200000   320100000      175000     1829.14           1
10/ 7/2018 41: 2:52        1830        1830        1830        1830        5000              1830     9150000   329250000      180000     1829.17           1
10/ 7/2018 44: 2: 5        1840        1840        1840        1840        5000              1840     9200000   338450000      185000     1829.46           1
10/ 7/2018 45: 2:36        1850        1850        1850        1850        5000              1850     9250000   347700000      190000        1830           1
10/ 7/2018 47: 2:28        1840        1840        1840        1840        5000              1840     9200000   356900000      195000     1830.26           1
10/ 7/2018 48: 2:52        1830        1830        1830        1830        5000              1830     9150000   366050000      200000     1830.25           1
10/ 7/2018 49: 2: 6        1820        1820        1820        1820        5000              1820     9100000   375150000      205000        1830           1
10/ 7/2018 49: 2:27        1810        1810        1810        1810        5000              1810     9050000   384200000      210000     1829.52           1
10/ 7/2018 49: 2:48        1800        1800        1800        1800        5000              1800     9000000   393200000      215000     1828.84           1
10/ 7/2018 49: 2:55        1790        1790        1790        1790        5000              1790     8950000   402150000      220000     1827.95           1
10/ 7/2018 50: 2:44        1800        1800        1800        1800        5000              1800     9000000   411150000      225000     1827.33           1
10/ 7/2018 50: 2:51        1790        1790        1790        1790        5000              1790     8950000   420100000      230000     1826.52           1
10/ 7/2018 50: 2:58        1800        1800        1800        1800        5000              1800     9000000   429100000      235000     1825.96           1
10/ 7/2018 52: 2:22        1810        1810        1810        1810        5000              1810     9050000   438150000      240000     1825.62           1
10/ 7/2018 53: 2: 4        1820        1820        1820        1820        5000              1820     9100000   447250000      245000     1825.51           1
10/ 7/2018 54: 2:14        1810        1810        1810        1810        5000              1810     9050000   456300000      250000      1825.2           1
10/ 7/2018 54: 2:42        1820        1820        1820        1820        5000              1820     9100000   465400000      255000      1825.1           1
10/ 7/2018 54: 2:49        1810        1810        1810        1810        5000              1810     9050000   474450000      260000     1824.81           1
10/ 7/2018 55: 2:31        1820        1820        1820        1820        5000              1820     9100000   483550000      265000     1824.72           1
10/ 7/2018 56: 2:20        1810        1810        1810        1810        5000              1810     9050000   492600000      270000     1824.44           1
10/ 7/2018 56: 2:34        1800        1800        1800        1800        5000              1800     9000000   501600000      275000        1824           1
10/ 7/2018 57: 2:30        1810        1810        1810        1810        5000              1810     9050000   510650000      280000     1823.75           1
10/ 7/2018 58: 2:33        1800        1800        1800        1800        5000              1800     9000000   519650000      285000     1823.33           1
10/ 7/2018 59: 2: 8        1810        1810        1810        1810        5000              1810     9050000   528700000      290000      1823.1           1
11/ 7/2018  1: 2: 0        1800        1800        1800        1800        5000              1800     9000000   537700000      295000     1822.71           1
11/ 7/2018  2: 2:17        1790        1790        1790        1790        5000              1790     8950000   546650000      300000     1822.17           1
11/ 7/2018  2: 2:24        1800        1800        1800        1800        5000              1800     9000000   555650000      305000      1821.8           1
11/ 7/2018  2: 2:31        1810        1810        1810        1810        5000              1810     9050000   564700000      310000     1821.61           1
11/ 7/2018  4: 2:58        1800        1800        1800        1800        5000              1800     9000000   573700000      315000     1821.27           1
11/ 7/2018  5: 2:54        1810        1810        1810        1810        5000              1810     9050000   582750000      320000     1821.09           1
11/ 7/2018  6: 2:15        1800        1800        1800        1800        5000              1800     9000000   591750000      325000     1820.77           1
11/ 7/2018  7: 2: 4        1790        1790        1790        1790        5000              1790     8950000   600700000      330000      1820.3           1
11/ 7/2018  7: 2:18        1800        1800        1800        1800        5000              1800     9000000   609700000      335000        1820           1
11/ 7/2018  8: 2:49        1790        1790        1790        1790        5000              1790     8950000   618650000      340000     1819.56           1
11/ 7/2018  9: 2: 3        1800        1800        1800        1800        5000              1800     9000000   627650000      345000     1819.28           1
11/ 7/2018  9: 2:24        1790        1790        1790        1790        5000              1790     8950000   636600000      350000     1818.86           1
11/ 7/2018 17: 2:55        1780        1780        1780        1780        5000              1780     8900000   645500000      355000     1818.31           1
11/ 7/2018 18: 2:30        1790        1790        1790        1790        5000              1790     8950000   654450000      360000     1817.92           1
11/ 7/2018 19: 2:47        1800        1800        1800        1800        5000              1800     9000000   663450000      365000     1817.67           1
11/ 7/2018 30: 2:21        1790        1790        1790        1790        5000              1790     8950000   672400000      370000      1817.3           1
11/ 7/2018 32: 2:27        1800        1800        1800        1800        5000              1800     9000000   681400000      375000     1817.07           1
11/ 7/2018 34: 2:40        1810        1810        1810        1810        5000              1810     9050000   690450000      380000     1816.97           1
11/ 7/2018 34: 2:47        1800        1800        1800        1800        5000              1800     9000000   699450000      385000     1816.75           1
11/ 7/2018 35: 2: 1        1810        1810        1810        1810        5000              1810     9050000   708500000      390000     1816.67           1
11/ 7/2018 35: 2:15        1800        1800        1800        1800        5000              1800     9000000   717500000      395000     1816.46           1
11/ 7/2018 35: 2:29        1810        1810        1810        1810        5000              1810     9050000   726550000      400000     1816.38           1
11/ 7/2018 35: 2:36        1800        1800        1800        1800        5000              1800     9000000   735550000      405000     1816.17           1
11/ 7/2018 39: 2:20        1810        1810        1810        1810        5000              1810     9050000   744600000      410000      1816.1           1
11/ 7/2018 39: 2:27        1800        1800        1800        1800        5000              1800     9000000   753600000      415000      1815.9           1
11/ 7/2018 40: 2:37        1790        1790        1790        1790        5000              1790     8950000   762550000      420000      1815.6           1
11/ 7/2018 41: 2:26        1780        1780        1780        1780        5000              1780     8900000   771450000      425000     1815.18           1
11/ 7/2018 44: 2:42        1770        1770        1770        1770        5000              1770     8850000   780300000      430000     1814.65           1
11/ 7/2018 49: 2: 1        1760        1760        1760        1760        5000              1760     8800000   789100000      435000     1814.02           1
11/ 7/2018 53: 2: 6        1770        1770        1770        1770        5000              1770     8850000   797950000      440000     1813.52           1
11/ 7/2018 53: 2:34        1760        1760        1760        1760        5000              1760     8800000   806750000      445000     1812.92           1
11/ 7/2018 56: 2:50        1750        1750        1750        1750        5000              1750     8750000   815500000      450000     1812.22           1
11/ 7/2018 58: 2:42        1760        1760        1760        1760        5000              1760     8800000   824300000      455000     1811.65           1
12/ 7/2018  0: 2:27        1750        1750        1750        1750        5000              1750     8750000   833050000      460000     1810.98           1
12/ 7/2018  1: 2:40        1760        1760        1760        1760        5000              1760     8800000   841850000      465000     1810.43           1
12/ 7/2018 17: 2:35        1770        1770        1770        1770        5000              1770     8850000   850700000      470000        1810           1
12/ 7/2018 19: 2:20        1760        1760        1760        1760        5000              1760     8800000   859500000      475000     1809.47           1
12/ 7/2018 20: 2:23        1770        1770        1770        1770        5000              1770     8850000   868350000      480000     1809.06           1
12/ 7/2018 26: 2:38        1780        1780        1780        1780        5000              1780     8900000   877250000      485000     1808.76           1
12/ 7/2018 26: 2:45        1770        1770        1770        1770        5000              1770     8850000   886100000      490000     1808.37           1
12/ 7/2018 27: 2:20        1780        1780        1780        1780        5000              1780     8900000   895000000      495000     1808.08           1
12/ 7/2018 28: 2: 2        1770        1770        1770        1770        5000              1770     8850000   903850000      500000      1807.7           1
12/ 7/2018 28: 2: 9        1780        1780        1780        1780        5000              1780     8900000   912750000      505000     1807.43           1
12/ 7/2018 29: 2:51        1770        1770        1770        1770        5000              1770     8850000   921600000      510000     1807.06           1
12/ 7/2018 31: 2:22        1780        1780        1780        1780        5000              1780     8900000   930500000      515000      1806.8           1
12/ 7/2018 32: 2:32        1790        1790        1790        1790        5000              1790     8950000   939450000      520000     1806.63           1
12/ 7/2018 33: 2:14        1780        1780        1780        1780        5000              1780     8900000   948350000      525000     1806.38           1
12/ 7/2018 33: 2:21        1790        1790        1790        1790        5000              1790     8950000   957300000      530000     1806.23           1
12/ 7/2018 39: 2:44        1800        1800        1800        1800        5000              1800     9000000   966300000      535000     1806.17           1
12/ 7/2018 40: 2:33        1790        1790        1790        1790        5000              1790     8950000   975250000      540000     1806.02           1
12/ 7/2018 40: 2:40        1800        1800        1800        1800        5000              1800     9000000   984250000      545000     1805.96           1
12/ 7/2018 41: 2:15        1790        1790        1790        1790        5000              1790     8950000   993200000      550000     1805.82           1
12/ 7/2018 41: 2:22        1800        1800        1800        1800        5000              1800     9000000  1002200000      555000     1805.77           1
12/ 7/2018 41: 2:29        1790        1790        1790        1790        5000              1790     8950000  1011150000      560000     1805.62           1
12/ 7/2018 41: 2:36        1780        1780        1780        1780        5000              1780     8900000  1020050000      565000      1805.4           1
12/ 7/2018 46: 2:44        1790        1790        1790        1790        5000              1790     8950000  1029000000      570000     1805.26           1
12/ 7/2018 47: 2: 5        1780        1780        1780        1780        5000              1780     8900000  1037900000      575000     1805.04           1
12/ 7/2018 53: 2:54        1770        1770        1770        1770        5000              1770     8850000  1046750000      580000     1804.74           1
12/ 7/2018 56: 2: 0        1780        1780        1780        1780        5000              1780     8900000  1055650000      585000     1804.53           1
14/ 7/2018  0: 2: 0        1770        1770        1770        1770        5000              1770     8850000  1064500000      590000     1804.24           1
14/ 7/2018  2: 2:19        1780        1780        1780        1780        5000              1780     8900000  1073400000      595000     1804.03           1
14/ 7/2018  3: 2: 1        1770        1770        1770        1770        5000              1770     8850000  1082250000      600000     1803.75           1
14/ 7/2018  3: 2:15        1780        1780        1780        1780        5000              1780     8900000  1091150000      605000     1803.55           1
14/ 7/2018 11: 2:52        1770        1770        1770        1770        5000              1770     8850000  1100000000      610000     1803.28           1
14/ 7/2018 28: 2:12        1780        1780        1780        1780        5000              1780     8900000  1108900000      615000     1803.09           1
14/ 7/2018 29: 2:25        1770        1770        1770        1770        5000              1770     8850000  1117750000      620000     1802.82           1
14/ 7/2018 30: 2:30        1780        1780        1780        1780        5000              1780     8900000  1126650000      625000     1802.64           1
14/ 7/2018 32: 2: 8        1790        1790        1790        1790        5000              1790     8950000  1135600000      630000     1802.54           1
14/ 7/2018 34: 2:51        1780        1780        1780        1780        5000              1780     8900000  1144500000      635000     1802.36           1
14/ 7/2018 41: 2:14        1770        1770        1770        1770        5000              1770     8850000  1153350000      640000     1802.11           1
15/ 7/2018  7: 2:11        1780        1780        1780        1780        5000              1780     8900000  1162250000      645000     1801.94           1
15/ 7/2018  8: 2:14        1770        1770        1770        1770        5000              1770     8850000  1171100000      650000     1801.69           1
15/ 7/2018 13: 2: 8        1780        1780        1780        1780        5000              1780     8900000  1180000000      655000     1801.53           1
15/ 7/2018 23: 2:59        1770        1770        1770        1770        5000              1770     8850000  1188850000      660000     1801.29           1
15/ 7/2018 26: 2:26        1780        1780        1780        1780        5000              1780     8900000  1197750000      665000     1801.13           1
15/ 7/2018 32: 2:27        1790        1790        1790        1790        5000              1790     8950000  1206700000      670000     1801.04           1
15/ 7/2018 32: 2:41        1780        1780        1780        1780        5000              1780     8900000  1215600000      675000     1800.89           1
15/ 7/2018 33: 2: 2        1790        1790        1790        1790        5000              1790     8950000  1224550000      680000     1800.81           1
15/ 7/2018 33: 2: 9        1780        1780        1780        1780        5000              1780     8900000  1233450000      685000     1800.66           1
15/ 7/2018 33: 2:16        1790        1790        1790        1790        5000              1790     8950000  1242400000      690000     1800.58           1
15/ 7/2018 34: 2: 5        1780        1780        1780        1780        5000              1780     8900000  1251300000      695000     1800.43           1
15/ 7/2018 35: 2:50        1790        1790        1790        1790        5000              1790     8950000  1260250000      700000     1800.36           1
15/ 7/2018 42: 2:37        1780        1780        1780        1780        5000              1780     8900000  1269150000      705000     1800.21           1
15/ 7/2018 44: 2: 1        1790        1790        1790        1790        5000              1790     8950000  1278100000      710000     1800.14           1
15/ 7/2018 47: 2:52        1800        1800        1800        1800        5000              1800     9000000  1287100000      715000     1800.14           1
15/ 7/2018 49: 2:18        1790        1790        1790        1790        5000              1790     8950000  1296050000      720000     1800.07           1
15/ 7/2018 59: 2: 9        1800        1800        1800        1800        5000              1800     9000000  1305050000      725000     1800.07           1
16/ 7/2018  0: 2:12        1790        1790        1790        1790        5000              1790     8950000  1314000000      730000        1800           1
16/ 7/2018  3: 2:14        1780        1780        1780        1780        5000              1780     8900000  1322900000      735000     1799.86           1
16/ 7/2018  6: 2:16        1790        1790        1790        1790        5000              1790     8950000  1331850000      740000      1799.8           1
16/ 7/2018  6: 2:23        1780        1780        1780        1780        5000              1780     8900000  1340750000      745000     1799.66           1
16/ 7/2018  6: 2:44        1790        1790        1790        1790        5000              1790     8950000  1349700000      750000      1799.6           1
16/ 7/2018  7: 2:26        1780        1780        1780        1780        5000              1780     8900000  1358600000      755000     1799.47           1
16/ 7/2018  7: 2:33        1790        1790        1790        1790        5000              1790     8950000  1367550000      760000     1799.41           1
16/ 7/2018 19: 2:17        1800        1800        1800        1800        5000              1800     9000000  1376550000      765000     1799.41           1
16/ 7/2018 20: 2:13        1810        1810        1810        1810        5000              1810     9050000  1385600000      770000     1799.48           1
16/ 7/2018 28: 2:24        1800        1800        1800        1800        5000              1800     9000000  1394600000      775000     1799.48           1
16/ 7/2018 29: 2:34        1810        1810        1810        1810        5000              1810     9050000  1403650000      780000     1799.55           1
16/ 7/2018 30: 2: 9        1820        1820        1820        1820        5000              1820     9100000  1412750000      785000     1799.68           1
16/ 7/2018 30: 2:23        1810        1810        1810        1810        5000              1810     9050000  1421800000      790000     1799.75           1
16/ 7/2018 31: 2:19        1820        1820        1820        1820        5000              1820     9100000  1430900000      795000     1799.87           1
16/ 7/2018 32: 2:29        1810        1810        1810        1810        5000              1810     9050000  1439950000      800000     1799.94           1
16/ 7/2018 33: 2: 4        1820        1820        1820        1820        5000              1820     9100000  1449050000      805000     1800.06           1
16/ 7/2018 34: 2: 0        1810        1810        1810        1810        5000              1810     9050000  1458100000      810000     1800.12           1
16/ 7/2018 34: 2:35        1800        1800        1800        1800        5000              1800     9000000  1467100000      815000     1800.12           1
16/ 7/2018 35: 2:31        1790        1790        1790        1790        5000              1790     8950000  1476050000      820000     1800.06           1
16/ 7/2018 36: 2:41        1780        1780        1780        1780        5000              1780     8900000  1484950000      825000     1799.94           1
16/ 7/2018 37: 2: 9        1790        1790        1790        1790        5000              1790     8950000  1493900000      830000     1799.88           1
16/ 7/2018 37: 2:30        1800        1800        1800        1800        5000              1800     9000000  1502900000      835000     1799.88           1
16/ 7/2018 37: 2:44        1790        1790        1790        1790        5000              1790     8950000  1511850000      840000     1799.82           1
16/ 7/2018 38: 2:54        1780        1780        1780        1780        5000              1780     8900000  1520750000      845000      1799.7           1
16/ 7/2018 39: 2: 8        1790        1790        1790        1790        5000              1790     8950000  1529700000      850000     1799.65           1
16/ 7/2018 40: 2: 4        1780        1780        1780        1780        5000              1780     8900000  1538600000      855000     1799.53           1
16/ 7/2018 41: 2: 0        1790        1790        1790        1790        5000              1790     8950000  1547550000      860000     1799.48           1
16/ 7/2018 42: 2: 3        1800        1800        1800        1800        5000              1800     9000000  1556550000      865000     1799.48           1
16/ 7/2018 43: 2:34        1810        1810        1810        1810        5000              1810     9050000  1565600000      870000     1799.54           1
16/ 7/2018 43: 2:48        1800        1800        1800        1800        5000              1800     9000000  1574600000      875000     1799.54           1
16/ 7/2018 43: 2:55        1810        1810        1810        1810        5000              1810     9050000  1583650000      880000      1799.6           1
16/ 7/2018 44: 2: 9        1820        1820        1820        1820        5000              1820     9100000  1592750000      885000     1799.72           1
16/ 7/2018 44: 2:30        1830        1830        1830        1830        5000              1830     9150000  1601900000      890000     1799.89           1
16/ 7/2018 44: 2:37        1820        1820        1820        1820        5000              1820     9100000  1611000000      895000        1800           1
16/ 7/2018 44: 2:44        1830        1830        1830        1830        5000              1830     9150000  1620150000      900000     1800.17           1
16/ 7/2018 44: 2:51        1820        1820        1820        1820        5000              1820     9100000  1629250000      905000     1800.28           1
16/ 7/2018 44: 2:58        1830        1830        1830        1830        5000              1830     9150000  1638400000      910000     1800.44           1
16/ 7/2018 45: 2:54        1820        1820        1820        1820        5000              1820     9100000  1647500000      915000     1800.55           1
16/ 7/2018 47: 2:11        1810        1810        1810        1810        5000              1810     9050000  1656550000      920000      1800.6           1
16/ 7/2018 48: 2:21        1800        1800        1800        1800        5000              1800     9000000  1665550000      925000     1800.59           1
16/ 7/2018 49: 2:52        1810        1810        1810        1810        5000              1810     9050000  1674600000      930000     1800.65           1
16/ 7/2018 50: 2:27        1820        1820        1820        1820        5000              1820     9100000  1683700000      935000     1800.75           1
16/ 7/2018 50: 2:55        1830        1830        1830        1830        5000              1830     9150000  1692850000      940000      1800.9           1
16/ 7/2018 51: 2: 2        1820        1820        1820        1820        5000              1820     9100000  1701950000      945000     1801.01           1
16/ 7/2018 51: 2:16        1830        1830        1830        1830        5000              1830     9150000  1711100000      950000     1801.16           1
16/ 7/2018 51: 2:30        1820        1820        1820        1820        5000              1820     9100000  1720200000      955000     1801.26           1
16/ 7/2018 51: 2:51        1810        1810        1810        1810        5000              1810     9050000  1729250000      960000      1801.3           1
16/ 7/2018 52: 2:33        1800        1800        1800        1800        5000              1800     9000000  1738250000      965000      1801.3           1
16/ 7/2018 52: 2:40        1790        1790        1790        1790        5000              1790     8950000  1747200000      970000     1801.24           1
16/ 7/2018 52: 2:54        1800        1800        1800        1800        5000              1800     9000000  1756200000      975000     1801.23           1
16/ 7/2018 53: 2:15        1810        1810        1810        1810        5000              1810     9050000  1765250000      980000     1801.28           1
16/ 7/2018 54: 2: 4        1820        1820        1820        1820        5000              1820     9100000  1774350000      985000     1801.37           1
16/ 7/2018 54: 2:32        1810        1810        1810        1810        5000              1810     9050000  1783400000      990000     1801.41           1
16/ 7/2018 54: 2:39        1800        1800        1800        1800        5000              1800     9000000  1792400000      995000     1801.41           1
16/ 7/2018 55: 2:28        1810        1810        1810        1810        5000              1810     9050000  1801450000     1000000     1801.45           1
16/ 7/2018 56: 2:38        1800        1800        1800        1800        5000              1800     9000000  1810450000     1005000     1801.44           1
16/ 7/2018 56: 2:52        1810        1810        1810        1810        5000              1810     9050000  1819500000     1010000     1801.49           1
16/ 7/2018 57: 2:20        1800        1800        1800        1800        5000              1800     9000000  1828500000     1015000     1801.48           1
16/ 7/2018 59: 2:12        1790        1790        1790        1790        5000              1790     8950000  1837450000     1020000     1801.42           1
16/ 7/2018 59: 2:47        1780        1780        1780        1780        5000              1780     8900000  1846350000     1025000     1801.32           1
17/ 7/2018  0: 2: 8        1790        1790        1790        1790        5000              1790     8950000  1855300000     1030000     1801.26           1
17/ 7/2018  0: 2:15        1780        1780        1780        1780        5000              1780     8900000  1864200000     1035000     1801.16           1
17/ 7/2018  0: 2:22        1790        1790        1790        1790        5000              1790     8950000  1873150000     1040000     1801.11           1
17/ 7/2018  0: 2:29        1780        1780        1780        1780        5000              1780     8900000  1882050000     1045000        1801           1
17/ 7/2018  0: 2:36        1790        1790        1790        1790        5000              1790     8950000  1891000000     1050000     1800.95           1
17/ 7/2018  0: 2:43        1780        1780        1780        1780        5000              1780     8900000  1899900000     1055000     1800.85           1
17/ 7/2018  0: 2:50        1770        1770        1770        1770        5000              1770     8850000  1908750000     1060000     1800.71           1
17/ 7/2018  1: 2:25        1760        1760        1760        1760        5000              1760     8800000  1917550000     1065000     1800.52           1
17/ 7/2018  1: 2:53        1770        1770        1770        1770        5000              1770     8850000  1926400000     1070000     1800.37           1
17/ 7/2018  2: 2:35        1760        1760        1760        1760        5000              1760     8800000  1935200000     1075000     1800.19           1
17/ 7/2018  3: 2:38        1770        1770        1770        1770        5000              1770     8850000  1944050000     1080000     1800.05           1
17/ 7/2018  5: 2: 2        1760        1760        1760        1760        5000              1760     8800000  1952850000     1085000     1799.86           1
17/ 7/2018  5: 2:37        1770        1770        1770        1770        5000              1770     8850000  1961700000     1090000     1799.72           1
17/ 7/2018  8: 2:42        1780        1780        1780        1780        5000              1780     8900000  1970600000     1095000     1799.63           1
17/ 7/2018  8: 2:56        1760        1760        1760        1760        5000              1760     8800000  1979400000     1100000     1799.45           1
17/ 7/2018  9: 2:31        1750        1750        1750        1750        5000              1750     8750000  1988150000     1105000     1799.23           1
17/ 7/2018 10: 2: 6        1760        1760        1760        1760        5000              1760     8800000  1996950000     1110000     1799.05           1
17/ 7/2018 11: 2:16        1770        1770        1770        1770        5000              1770     8850000  2005800000     1115000     1798.92           1
17/ 7/2018 12: 2:54        1780        1780        1780        1780        5000              1780     8900000  2014700000     1120000     1798.84           1
17/ 7/2018 14: 2:25        1790        1790        1790        1790        5000              1790     8950000  2023650000     1125000      1798.8           1
17/ 7/2018 14: 2:32        1800        1800        1800        1800        5000              1800     9000000  2032650000     1130000     1798.81           1
17/ 7/2018 18: 2:59        1790        1790        1790        1790        5000              1790     8950000  2041600000     1135000     1798.77           1
17/ 7/2018 19: 2:27        1780        1780        1780        1780        5000              1780     8900000  2050500000     1140000     1798.68           1
17/ 7/2018 20: 2:30        1790        1790        1790        1790        5000              1790     8950000  2059450000     1145000     1798.65           1
17/ 7/2018 21: 2:33        1800        1800        1800        1800        5000              1800     9000000  2068450000     1150000     1798.65           1
17/ 7/2018 22: 2:36        1790        1790        1790        1790        5000              1790     8950000  2077400000     1155000     1798.61           1
17/ 7/2018 22: 2:50        1780        1780        1780        1780        5000              1780     8900000  2086300000     1160000     1798.53           1
17/ 7/2018 23: 2:25        1790        1790        1790        1790        5000              1790     8950000  2095250000     1165000      1798.5           1
17/ 7/2018 23: 2:32        1800        1800        1800        1800        5000              1800     9000000  2104250000     1170000      1798.5           1
17/ 7/2018 24: 2:14        1790        1790        1790        1790        5000              1790     8950000  2113200000     1175000     1798.47           1
17/ 7/2018 24: 2:42        1780        1780        1780        1780        5000              1780     8900000  2122100000     1180000     1798.39           1
17/ 7/2018 25: 2: 3        1770        1770        1770        1770        5000              1770     8850000  2130950000     1185000     1798.27           1
17/ 7/2018 25: 2:38        1760        1760        1760        1760        5000              1760     8800000  2139750000     1190000     1798.11           1
17/ 7/2018 28: 2:47        1770        1770        1770        1770        5000              1770     8850000  2148600000     1195000     1797.99           1
17/ 7/2018 29: 2:29        1760        1760        1760        1760        5000              1760     8800000  2157400000     1200000     1797.83           1
17/ 7/2018 33: 2:49        1750        1750        1750        1750        5000              1750     8750000  2166150000     1205000     1797.63           1
17/ 7/2018 34: 2: 3        1760        1760        1760        1760        5000              1760     8800000  2174950000     1210000     1797.48           1
17/ 7/2018 34: 2:31        1750        1750        1750        1750        5000              1750     8750000  2183700000     1215000     1797.28           1
17/ 7/2018 34: 2:45        1740        1740        1740        1740        5000              1740     8700000  2192400000     1220000     1797.05           1
17/ 7/2018 35: 2:27        1750        1750        1750        1750        5000              1750     8750000  2201150000     1225000     1796.86           1
17/ 7/2018 36: 2: 2        1740        1740        1740        1740        5000              1740     8700000  2209850000     1230000     1796.63           1
17/ 7/2018 40: 2: 0        1730        1730        1730        1730        5000              1730     8650000  2218500000     1235000     1796.36           1
17/ 7/2018 40: 2:21        1740        1740        1740        1740        5000              1740     8700000  2227200000     1240000     1796.13           1
17/ 7/2018 41: 2: 3        1730        1730        1730        1730        5000              1730     8650000  2235850000     1245000     1795.86           1
17/ 7/2018 41: 2:52        1740        1740        1740        1740        5000              1740     8700000  2244550000     1250000     1795.64           1
17/ 7/2018 42: 2: 6        1730        1730        1730        1730        5000              1730     8650000  2253200000     1255000     1795.38           1
17/ 7/2018 42: 2:48        1720        1720        1720        1720        5000              1720     8600000  2261800000     1260000     1795.08           1
17/ 7/2018 43: 2: 9        1710        1710        1710        1710        5000              1710     8550000  2270350000     1265000     1794.74           1
17/ 7/2018 43: 2:24        1720        1720        1720        1720        5000              1720     8600000  2278950000     1270000     1794.45           1
17/ 7/2018 43: 2:31        1710        1710        1710        1710        5000              1710     8550000  2287500000     1275000     1794.12           1
17/ 7/2018 43: 2:38        1720        1720        1720        1720        5000              1720     8600000  2296100000     1280000     1793.83           1
17/ 7/2018 43: 2:45        1710        1710        1710        1710        5000              1710     8550000  2304650000     1285000      1793.5           1
17/ 7/2018 45: 2: 2        1720        1720        1720        1720        5000              1720     8600000  2313250000     1290000     1793.22           1
17/ 7/2018 45: 2: 9        1710        1710        1710        1710        5000              1710     8550000  2321800000     1295000      1792.9           1
17/ 7/2018 45: 2:44        1720        1720        1720        1720        5000              1720     8600000  2330400000     1300000     1792.62           1
17/ 7/2018 45: 2:51        1710        1710        1710        1710        5000              1710     8550000  2338950000     1305000      1792.3           1
17/ 7/2018 46: 2:12        1720        1720        1720        1720        5000              1720     8600000  2347550000     1310000     1792.02           1
17/ 7/2018 46: 2:47        1730        1730        1730        1730        5000              1730     8650000  2356200000     1315000     1791.79           1
17/ 7/2018 47: 2:22        1740        1740        1740        1740        5000              1740     8700000  2364900000     1320000     1791.59           1
17/ 7/2018 49: 2: 7        1730        1730        1730        1730        5000              1730     8650000  2373550000     1325000     1791.36           1
17/ 7/2018 50: 2:41        1740        1740        1740        1740        5000              1740     8700000  2382250000     1330000     1791.17           1
17/ 7/2018 51: 2:16        1730        1730        1730        1730        5000              1730     8650000  2390900000     1335000     1790.94           1
17/ 7/2018 53: 2:10        1740        1740        1740        1740        5000              1740     8700000  2399600000     1340000     1790.75           1
17/ 7/2018 53: 2:45        1730        1730        1730        1730        5000              1730     8650000  2408250000     1345000     1790.52           1
17/ 7/2018 54: 2:27        1740        1740        1740        1740        5000              1740     8700000  2416950000     1350000     1790.33           1
17/ 7/2018 55: 2:58        1730        1730        1730        1730        5000              1730     8650000  2425600000     1355000     1790.11           1
17/ 7/2018 56: 2:26        1740        1740        1740        1740        5000              1740     8700000  2434300000     1360000     1789.93           1
17/ 7/2018 56: 2:40        1730        1730        1730        1730        5000              1730     8650000  2442950000     1365000     1789.71           1
17/ 7/2018 57: 2:29        1740        1740        1740        1740        5000              1740     8700000  2451650000     1370000     1789.53           1
17/ 7/2018 58: 2: 2        1730        1730        1730        1730        5000              1730     8650000  2460300000     1375000     1789.31           1
17/ 7/2018 58: 2: 9        1740        1740        1740        1740        5000              1740     8700000  2469000000     1380000     1789.13           1
17/ 7/2018 58: 2:16        1730        1730        1730        1730        5000              1730     8650000  2477650000     1385000     1788.92           1
17/ 7/2018 58: 2:44        1740        1740        1740        1740        5000              1740     8700000  2486350000     1390000     1788.74           1
17/ 7/2018 59: 2:12        1730        1730        1730        1730        5000              1730     8650000  2495000000     1395000     1788.53           1
