         Date              Open        High         Low       Close      Volume     Typical Price         V*P    Total VP     Total V        VWAP    Message Count
10/ 7/2018  0: 2: 3         650         650         650         650        5000               650     3250000     3250000        5000         650           1
10/ 7/2018  2: 2:43         640         640         640         640        5000               640     3200000     6450000       10000         645           1
10/ 7/2018  4: 2: 7         650         650         650         650        5000               650     3250000     9700000       15000     646.667           1
10/ 7/2018  5: 2:18         640         640         640         640        5000               640     3200000    12900000       20000         645           1
10/ 7/2018 14: 2: 6         630         630         630         630        5000               630     3150000    16050000       25000         642           1
10/ 7/2018 14: 2:13         640         640         640         640        5000               640     3200000    19250000       30000     641.667           1
10/ 7/2018 14: 2:20         630         630         630         630        5000               630     3150000    22400000       35000         640           1
10/ 7/2018 27: 2:54         630         630         630         630        5000               630     3150000    25550000       40000      638.75           1
10/ 7/2018 29: 2:23         640         640         640         640        5000               640     3200000    28750000       45000     638.889           1
10/ 7/2018 31: 2:15         630         630         630         630        5000               630     3150000    31900000       50000         638           1
10/ 7/2018 32: 2: 4         640         640         640         640        5000               640     3200000    35100000       55000     638.182           1
10/ 7/2018 32: 2:11         640         640         640         640        5000               640     3200000    38300000       60000     638.333           1
10/ 7/2018 32: 2:12         640         640         640         640      100000               640    64000000   102300000      160000     639.375           1
10/ 7/2018 32: 2:22         620         620         620         620      100000               620    62000000   164300000      260000     631.923           1
10/ 7/2018 32: 2:26         610         610         610         610      100000               610    61000000   225300000      360000     625.833           1
10/ 7/2018 32: 2:49         600         600         600         600      100000               600    60000000   285300000      460000     620.217           1
10/ 7/2018 38: 2: 4         610         610         610         610      100000               610    61000000   346300000      560000     618.393           1
10/ 7/2018 41: 2:26         600         600         600         600      100000               600    60000000   406300000      660000     615.606           1
10/ 7/2018 41: 2:30         610         610         610         610      100000               610    61000000   467300000      760000     614.868           1
10/ 7/2018 42: 2: 6         600         600         600         600      100000               600    60000000   527300000      860000      613.14           1
10/ 7/2018 42: 2: 9         610         610         610         610      100000               610    61000000   588300000      960000     612.812           1
10/ 7/2018 44: 2:39         600         600         600         600      100000               600    60000000   648300000     1060000     611.604           1
10/ 7/2018 48: 2:50         610         610         610         610      100000               610    61000000   709300000     1160000     611.466           1
10/ 7/2018 49: 2: 9         600         600         600         600      100000               600    60000000   769300000     1260000     610.556           1
10/ 7/2018 49: 2:50         610         610         610         610      100000               610    61000000   830300000     1360000     610.515           1
10/ 7/2018 49: 2:54         600         600         600         600      100000               600    60000000   890300000     1460000     609.795           1
10/ 7/2018 49: 2:55         610         610         610         610      100000               610    61000000   951300000     1560000     609.808           1
10/ 7/2018 50: 2: 0         600         600         600         600      100000               600    60000000  1011300000     1660000     609.217           1
10/ 7/2018 55: 2: 1         590         590         590         590      100000               590    59000000  1070300000     1760000     608.125           1
10/ 7/2018 56: 2: 6         600         600         600         600      100000               600    60000000  1130300000     1860000     607.688           1
10/ 7/2018 57: 2:41         590         590         590         590      100000               590    59000000  1189300000     1960000     606.786           1
10/ 7/2018 58: 2: 1         600         600         600         600      100000               600    60000000  1249300000     2060000     606.456           1
10/ 7/2018 58: 2: 6         590         590         590         590      100000               590    59000000  1308300000     2160000     605.694           1
10/ 7/2018 58: 2: 7         600         600         600         600      100000               600    60000000  1368300000     2260000     605.442           1
10/ 7/2018 58: 2:11         590         590         590         590      100000               590    59000000  1427300000     2360000     604.788           1
10/ 7/2018 58: 2:12         600         600         600         600      100000               600    60000000  1487300000     2460000     604.593           1
10/ 7/2018 58: 2:18         590         590         590         590      100000               590    59000000  1546300000     2560000     604.023           1
10/ 7/2018 58: 2:19         600         600         600         600      100000               600    60000000  1606300000     2660000     603.872           1
10/ 7/2018 58: 2:21         590         590         590         590      100000               590    59000000  1665300000     2760000      603.37           1
10/ 7/2018 58: 2:43         600         600         600         600      100000               600    60000000  1725300000     2860000     603.252           1
10/ 7/2018 58: 2:50         590         590         590         590      100000               590    59000000  1784300000     2960000     602.804           1
10/ 7/2018 59: 2:45         600         600         600         600      100000               600    60000000  1844300000     3060000     602.712           1
10/ 7/2018 59: 2:46         590         590         590         590      100000               590    59000000  1903300000     3160000      602.31           1
10/ 7/2018 59: 2:48         600         600         600         600      100000               600    60000000  1963300000     3260000     602.239           1
10/ 7/2018 59: 2:50         590         590         590         590      100000               590    59000000  2022300000     3360000     601.875           1
10/ 7/2018 59: 2:51         600         600         600         600      100000               600    60000000  2082300000     3460000     601.821           1
11/ 7/2018  0: 2: 0         590         590         590         590      100000               590    59000000  2141300000     3560000     601.489           1
11/ 7/2018  0: 2:15         600         600         600         600      100000               600    60000000  2201300000     3660000     601.448           1
11/ 7/2018  2: 2:19         610         610         610         610      100000               610    61000000  2262300000     3760000     601.676           1
11/ 7/2018  2: 2:20         600         600         600         600      100000               600    60000000  2322300000     3860000     601.632           1
11/ 7/2018 10: 2:42         610         610         610         610      100000               610    61000000  2383300000     3960000     601.843           1
11/ 7/2018 22: 2: 0         620         620         620         620      100000               620    62000000  2445300000     4060000     602.291           1
11/ 7/2018 24: 2:59         610         610         610         610      100000               610    61000000  2506300000     4160000     602.476           1
11/ 7/2018 33: 2:36         600         600         600         600      100000               600    60000000  2566300000     4260000     602.418           1
12/ 7/2018  2: 2: 8         610         610         610         610      100000               610    61000000  2627300000     4360000     602.592           1
12/ 7/2018  3: 2:32         600         600         600         600      100000               600    60000000  2687300000     4460000     602.534           1
12/ 7/2018  7: 2: 6         610         610         610         610      100000               610    61000000  2748300000     4560000     602.697           1
12/ 7/2018 10: 2:20         600         600         600         600      100000               600    60000000  2808300000     4660000     602.639           1
12/ 7/2018 15: 2:24         590         590         590         590        4601               590     2714590  2811014590     4664601     602.627           1
12/ 7/2018 30: 2:43         610         610         610         610      100000               610    61000000  2872014590     4764601     602.782           1
12/ 7/2018 32: 2:29         600         600         600         600      100000               600    60000000  2932014590     4864601     602.725           1
12/ 7/2018 37: 2:50         610         610         610         610      100000               610    61000000  2993014590     4964601     602.871           1
12/ 7/2018 37: 2:51         600         600         600         600      100000               600    60000000  3053014590     5064601     602.814           1
12/ 7/2018 37: 2:52         600         600         600         600      100000               600    60000000  3113014590     5164601      602.76           1
12/ 7/2018 42: 2: 0         610         610         610         610      100000               610    61000000  3174014590     5264601     602.897           1
12/ 7/2018 42: 2: 1         600         600         600         600      100000               600    60000000  3234014590     5364601     602.843           1
12/ 7/2018 42: 2: 6         610         610         610         610      100000               610    61000000  3295014590     5464601     602.974           1
12/ 7/2018 42: 2: 7         600         600         600         600      100000               600    60000000  3355014590     5564601     602.921           1
12/ 7/2018 42: 2: 8         610         610         610         610      100000               610    61000000  3416014590     5664601     603.046           1
12/ 7/2018 42: 2:11         600         600         600         600      100000               600    60000000  3476014590     5764601     602.993           1
12/ 7/2018 42: 2:12         610         610         610         610      100000               610    61000000  3537014590     5864601     603.113           1
12/ 7/2018 42: 2:13         610         610         610         610      100000               610    61000000  3598014590     5964601     603.228           1
12/ 7/2018 42: 2:14         600         600         600         600      100000               600    60000000  3658014590     6064601     603.175           1
12/ 7/2018 42: 2:16         610         610         610         610      100000               610    61000000  3719014590     6164601     603.286           1
12/ 7/2018 42: 2:21         600         600         600         600      100000               600    60000000  3779014590     6264601     603.233           1
12/ 7/2018 42: 2:22         610         610         610         610      100000               610    61000000  3840014590     6364601     603.339           1
12/ 7/2018 42: 2:23         600         600         600         600      100000               600    60000000  3900014590     6464601     603.288           1
12/ 7/2018 42: 2:24         610         610         610         610      100000               610    61000000  3961014590     6564601      603.39           1
12/ 7/2018 42: 2:26         600         600         600         600      100000               600    60000000  4021014590     6664601     603.339           1
12/ 7/2018 42: 2:27         610         610         610         610      100000               610    61000000  4082014590     6764601     603.438           1
12/ 7/2018 42: 2:30         600         600         600         600      100000               600    60000000  4142014590     6864601     603.388           1
12/ 7/2018 42: 2:31         610         610         610         610      100000               610    61000000  4203014590     6964601     603.482           1
12/ 7/2018 42: 2:33         600         600         600         600      100000               600    60000000  4263014590     7064601     603.433           1
12/ 7/2018 42: 2:34         610         610         610         610      100000               610    61000000  4324014590     7164601     603.525           1
12/ 7/2018 42: 2:35         600         600         600         600      100000               600    60000000  4384014590     7264601     603.476           1
12/ 7/2018 42: 2:40         610         610         610         610      100000               610    61000000  4445014590     7364601     603.565           1
12/ 7/2018 42: 2:45         600         600         600         600      100000               600    60000000  4505014590     7464601     603.517           1
12/ 7/2018 42: 2:46         610         610         610         610      100000               610    61000000  4566014590     7564601     603.603           1
12/ 7/2018 42: 2:47         600         600         600         600      100000               600    60000000  4626014590     7664601     603.556           1
12/ 7/2018 42: 2:51         610         610         610         610      100000               610    61000000  4687014590     7764601     603.639           1
12/ 7/2018 42: 2:53         600         600         600         600      100000               600    60000000  4747014590     7864601     603.593           1
12/ 7/2018 42: 2:56         610         610         610         610      100000               610    61000000  4808014590     7964601     603.673           1
12/ 7/2018 42: 2:57         600         600         600         600      100000               600    60000000  4868014590     8064601     603.627           1
12/ 7/2018 43: 2: 1         610         610         610         610      100000               610    61000000  4929014590     8164601     603.706           1
12/ 7/2018 43: 2: 2         600         600         600         600      100000               600    60000000  4989014590     8264601     603.661           1
12/ 7/2018 43: 2:54         610         610         610         610      100000               610    61000000  5050014590     8364601     603.736           1
12/ 7/2018 44: 2: 0         600         600         600         600      100000               600    60000000  5110014590     8464601     603.692           1
12/ 7/2018 44: 2: 1         610         610         610         610      100000               610    61000000  5171014590     8564601     603.766           1
12/ 7/2018 44: 2: 4         600         600         600         600      100000               600    60000000  5231014590     8664601     603.723           1
12/ 7/2018 44: 2: 5         610         610         610         610      100000               610    61000000  5292014590     8764601     603.794           1
12/ 7/2018 44: 2: 6         610         610         610         610      100000               610    61000000  5353014590     8864601     603.864           1
12/ 7/2018 44: 2: 8         600         600         600         600      100000               600    60000000  5413014590     8964601     603.821           1
12/ 7/2018 44: 2: 9         610         610         610         610      100000               610    61000000  5474014590     9064601     603.889           1
12/ 7/2018 44: 2:15         600         600         600         600      100000               600    60000000  5534014590     9164601     603.847           1
12/ 7/2018 44: 2:41         610         610         610         610      100000               610    61000000  5595014590     9264601     603.913           1
12/ 7/2018 44: 2:45         600         600         600         600      100000               600    60000000  5655014590     9364601     603.871           1
12/ 7/2018 44: 2:46         610         610         610         610      100000               610    61000000  5716014590     9464601     603.936           1
12/ 7/2018 44: 2:47         600         600         600         600      100000               600    60000000  5776014590     9564601     603.895           1
12/ 7/2018 44: 2:48         610         610         610         610      100000               610    61000000  5837014590     9664601     603.958           1
14/ 7/2018  0: 2: 1         610         610         610         610      100000               610    61000000  5898014590     9764601      604.02           1
14/ 7/2018  1: 2:25         620         620         620         620      100000               620    62000000  5960014590     9864601     604.182           1
14/ 7/2018  6: 2:56         630         630         630         630      100000               630    63000000  6023014590     9964601     604.441           1
14/ 7/2018  6: 2:59         620         620         620         620      100000               620    62000000  6085014590    10064601     604.596           1
14/ 7/2018  7: 2: 0         630         630         630         630      100000               630    63000000  6148014590    10164601     604.846           1
14/ 7/2018  7: 2:12         620         620         620         620      100000               620    62000000  6210014590    10264601     604.993           1
14/ 7/2018 11: 2:20         610         610         610         610      100000               610    61000000  6271014590    10364601     605.042           1
14/ 7/2018 25: 2:42         600         600         600         600      100000               600    60000000  6331014590    10464601     604.993           1
14/ 7/2018 26: 2:13         610         610         610         610      100000               610    61000000  6392014590    10564601     605.041           1
14/ 7/2018 32: 2:47         600         600         600         600      100000               600    60000000  6452014590    10664601     604.994           1
14/ 7/2018 37: 2: 1         610         610         610         610      100000               610    61000000  6513014590    10764601      605.04           1
14/ 7/2018 38: 2:34         600         600         600         600      100000               600    60000000  6573014590    10864601     604.994           1
14/ 7/2018 38: 2:36         610         610         610         610      100000               610    61000000  6634014590    10964601     605.039           1
14/ 7/2018 38: 2:46         600         600         600         600      100000               600    60000000  6694014590    11064601     604.994           1
14/ 7/2018 38: 2:48         610         610         610         610      100000               610    61000000  6755014590    11164601     605.039           1
14/ 7/2018 39: 2:18         600         600         600         600      100000               600    60000000  6815014590    11264601     604.994           1
14/ 7/2018 40: 2:41         610         610         610         610      100000               610    61000000  6876014590    11364601     605.038           1
15/ 7/2018  5: 2:22         600         600         600         600      100000               600    60000000  6936014590    11464601     604.994           1
15/ 7/2018  7: 2: 2         610         610         610         610      100000               610    61000000  6997014590    11564601     605.037           1
15/ 7/2018 11: 2:20         620         620         620         620      100000               620    62000000  7059014590    11664601     605.166           1
15/ 7/2018 16: 2:19         610         610         610         610      100000               610    61000000  7120014590    11764601     605.207           1
15/ 7/2018 16: 2:20         620         620         620         620      100000               620    62000000  7182014590    11864601     605.331           1
15/ 7/2018 16: 2:21         610         610         610         610      100000               610    61000000  7243014590    11964601      605.37           1
15/ 7/2018 16: 2:22         620         620         620         620      100000               620    62000000  7305014590    12064601     605.492           1
15/ 7/2018 20: 2:11         610         610         610         610      100000               610    61000000  7366014590    12164601     605.529           1
15/ 7/2018 20: 2:12         620         620         620         620      100000               620    62000000  7428014590    12264601     605.647           1
15/ 7/2018 20: 2:19         610         610         610         610      100000               610    61000000  7489014590    12364601     605.682           1
15/ 7/2018 21: 2: 0         620         620         620         620      100000               620    62000000  7551014590    12464601     605.797           1
15/ 7/2018 21: 2:35         610         610         610         610      100000               610    61000000  7612014590    12564601      605.83           1
15/ 7/2018 23: 2:27         620         620         620         620      100000               620    62000000  7674014590    12664601     605.942           1
15/ 7/2018 24: 2:44         610         610         610         610      100000               610    61000000  7735014590    12764601     605.974           1
15/ 7/2018 26: 2:11         600         600         600         600      100000               600    60000000  7795014590    12864601     605.927           1
15/ 7/2018 27: 2:42         590         590         590         590      100000               590    59000000  7854014590    12964601     605.805           1
15/ 7/2018 28: 2:52         600         600         600         600      100000               600    60000000  7914014590    13064601      605.76           1
15/ 7/2018 29: 2:32         590         590         590         590      100000               590    59000000  7973014590    13164601      605.64           1
15/ 7/2018 29: 2:34         600         600         600         600      100000               600    60000000  8033014590    13264601     605.598           1
15/ 7/2018 29: 2:43         590         590         590         590      100000               590    59000000  8092014590    13364601     605.481           1
15/ 7/2018 29: 2:44         600         600         600         600      100000               600    60000000  8152014590    13464601      605.44           1
15/ 7/2018 29: 2:45         590         590         590         590      100000               590    59000000  8211014590    13564601     605.327           1
15/ 7/2018 29: 2:46         600         600         600         600      100000               600    60000000  8271014590    13664601     605.288           1
15/ 7/2018 29: 2:51         590         590         590         590      100000               590    59000000  8330014590    13764601     605.177           1
15/ 7/2018 30: 2: 6         600         600         600         600      100000               600    60000000  8390014590    13864601     605.139           1
15/ 7/2018 30: 2: 8         590         590         590         590      100000               590    59000000  8449014590    13964601     605.031           1
15/ 7/2018 31: 2:28         580         580         580         580      100000               580    58000000  8507014590    14064601     604.853           1
15/ 7/2018 31: 2:32         530         530         530         530      100000               530    53000000  8560014590    14164601     604.324           1
15/ 7/2018 31: 2:33         540         540         540         540      100000               540    54000000  8614014590    14264601     603.874           1
15/ 7/2018 31: 2:34         550         550         550         550      100000               550    55000000  8669014590    14364601     603.498           1
15/ 7/2018 31: 2:39         560         560         560         560      100000               560    56000000  8725014590    14464601     603.198           1
15/ 7/2018 31: 2:41         550         550         550         550      100000               550    55000000  8780014590    14564601     602.832           1
15/ 7/2018 31: 2:43         560         560         560         560      100000               560    56000000  8836014590    14664601      602.54           1
15/ 7/2018 31: 2:49         550         550         550         550      100000               550    55000000  8891014590    14764601     602.185           1
15/ 7/2018 32: 2: 0         560         560         560         560      100000               560    56000000  8947014590    14864601     601.901           1
15/ 7/2018 32: 2:16         550         550         550         550      100000               550    55000000  9002014590    14964601     601.554           1
15/ 7/2018 32: 2:24         560         560         560         560      100000               560    56000000  9058014590    15064601     601.278           1
15/ 7/2018 32: 2:28         550         550         550         550      100000               550    55000000  9113014590    15164601      600.94           1
15/ 7/2018 32: 2:31         560         560         560         560      100000               560    56000000  9169014590    15264601     600.672           1
15/ 7/2018 32: 2:32         550         550         550         550      100000               550    55000000  9224014590    15364601     600.342           1
15/ 7/2018 32: 2:54         560         560         560         560      100000               560    56000000  9280014590    15464601     600.081           1
15/ 7/2018 32: 2:55         550         550         550         550      100000               550    55000000  9335014590    15564601     599.759           1
15/ 7/2018 33: 2:26         560         560         560         560      100000               560    56000000  9391014590    15664601     599.506           1
15/ 7/2018 33: 2:27         560         560         560         560      100000               560    56000000  9447014590    15764601     599.255           1
15/ 7/2018 33: 2:30         550         550         550         550      100000               550    55000000  9502014590    15864601     598.944           1
15/ 7/2018 33: 2:31         560         560         560         560      100000               560    56000000  9558014590    15964601       598.7           1
15/ 7/2018 33: 2:34         550         550         550         550      100000               550    55000000  9613014590    16064601     598.397           1
15/ 7/2018 33: 2:35         550         550         550         550      100000               550    55000000  9668014590    16164601     598.098           1
15/ 7/2018 33: 2:39         560         560         560         560      100000               560    56000000  9724014590    16264601     597.864           1
15/ 7/2018 33: 2:40         550         550         550         550      100000               550    55000000  9779014590    16364601     597.571           1
15/ 7/2018 33: 2:41         560         560         560         560      100000               560    56000000  9835014590    16464601     597.343           1
15/ 7/2018 33: 2:42         550         550         550         550      100000               550    55000000  9890014590    16564601     597.057           1
15/ 7/2018 33: 2:43         560         560         560         560      100000               560    56000000  9946014590    16664601     596.835           1
15/ 7/2018 33: 2:58         550         550         550         550      100000               550    55000000 10001014590    16764601     596.555           1
15/ 7/2018 33: 2:59         560         560         560         560      100000               560    56000000 10057014590    16864601     596.339           1
15/ 7/2018 34: 2: 0         560         560         560         560      100000               560    56000000 10113014590    16964601     596.125           1
15/ 7/2018 34: 2: 1         550         550         550         550      100000               550    55000000 10168014590    17064601     595.854           1
15/ 7/2018 34: 2:19         540         540         540         540      100000               540    54000000 10222014590    17164601     595.529           1
15/ 7/2018 34: 2:25         530         530         530         530      100000               530    53000000 10275014590    17264601     595.149           1
15/ 7/2018 34: 2:26         540         540         540         540      100000               540    54000000 10329014590    17364601     594.832           1
15/ 7/2018 34: 2:34         550         550         550         550      100000               550    55000000 10384014590    17464601     594.575           1
15/ 7/2018 34: 2:36         540         540         540         540      100000               540    54000000 10438014590    17564601     594.264           1
15/ 7/2018 34: 2:39         550         550         550         550      100000               550    55000000 10493014590    17664601     594.014           1
15/ 7/2018 34: 2:54         540         540         540         540      100000               540    54000000 10547014590    17764601      593.71           1
15/ 7/2018 34: 2:56         550         550         550         550      100000               550    55000000 10602014590    17864601     593.465           1
15/ 7/2018 34: 2:59         540         540         540         540      100000               540    54000000 10656014590    17964601     593.167           1
15/ 7/2018 35: 2: 0         550         550         550         550      100000               550    55000000 10711014590    18064601     592.928           1
15/ 7/2018 35: 2: 1         540         540         540         540      100000               540    54000000 10765014590    18164601     592.637           1
15/ 7/2018 35: 2:20         550         550         550         550      100000               550    55000000 10820014590    18264601     592.404           1
15/ 7/2018 35: 2:25         540         540         540         540      100000               540    54000000 10874014590    18364601     592.118           1
15/ 7/2018 35: 2:33         550         550         550         550      100000               550    55000000 10929014590    18464601      591.89           1
15/ 7/2018 35: 2:36         540         540         540         540         185               540       99900 10929114490    18464786      591.89           1
15/ 7/2018 36: 2: 8         540         540         540         540       99815               540    53900100 10983014590    18564601     591.611           1
15/ 7/2018 37: 2:13         550         550         550         550      100000               550    55000000 11038014590    18664601     591.388           1
15/ 7/2018 37: 2:30         540         540         540         540      100000               540    54000000 11092014590    18764601     591.114           1
15/ 7/2018 37: 2:41         550         550         550         550      100000               550    55000000 11147014590    18864601     590.896           1
15/ 7/2018 37: 2:44         540         540         540         540      100000               540    54000000 11201014590    18964601     590.627           1
15/ 7/2018 37: 2:45         550         550         550         550      100000               550    55000000 11256014590    19064601     590.414           1
15/ 7/2018 37: 2:59         540         540         540         540      100000               540    54000000 11310014590    19164601     590.151           1
15/ 7/2018 38: 2: 8         550         550         550         550      100000               550    55000000 11365014590    19264601     589.943           1
15/ 7/2018 39: 2:40         540         540         540         540      100000               540    54000000 11419014590    19364601     589.685           1
15/ 7/2018 40: 2:40         550         550         550         550      100000               550    55000000 11474014590    19464601     589.481           1
15/ 7/2018 41: 2:49         560         560         560         560      100000               560    56000000 11530014590    19564601      589.33           1
15/ 7/2018 41: 2:50         550         550         550         550      100000               550    55000000 11585014590    19664601      589.13           1
15/ 7/2018 41: 2:51         560         560         560         560      100000               560    56000000 11641014590    19764601     588.983           1
15/ 7/2018 41: 2:58         550         550         550         550      100000               550    55000000 11696014590    19864601     588.787           1
15/ 7/2018 41: 2:59         550         550         550         550      100000               550    55000000 11751014590    19964601     588.593           1
15/ 7/2018 42: 2: 0         550         550         550         550      100000               550    55000000 11806014590    20064601       588.4           1
15/ 7/2018 42: 2: 1         550         550         550         550      100000               550    55000000 11861014590    20164601      588.21           1
15/ 7/2018 42: 2: 4         560         560         560         560      100000               560    56000000 11917014590    20264601     588.071           1
15/ 7/2018 42: 2: 6         550         550         550         550      100000               550    55000000 11972014590    20364601     587.884           1
15/ 7/2018 42: 2: 7         560         560         560         560      100000               560    56000000 12028014590    20464601     587.747           1
15/ 7/2018 42: 2:13         550         550         550         550      100000               550    55000000 12083014590    20564601     587.564           1
15/ 7/2018 42: 2:14         560         560         560         560      100000               560    56000000 12139014590    20664601      587.43           1
15/ 7/2018 42: 2:30         550         550         550         550      100000               550    55000000 12194014590    20764601      587.25           1
15/ 7/2018 42: 2:32         560         560         560         560      100000               560    56000000 12250014590    20864601      587.12           1
15/ 7/2018 42: 2:35         550         550         550         550      100000               550    55000000 12305014590    20964601     586.942           1
15/ 7/2018 42: 2:36         550         550         550         550      100000               550    55000000 12360014590    21064601     586.767           1
15/ 7/2018 42: 2:39         560         560         560         560      100000               560    56000000 12416014590    21164601     586.641           1
15/ 7/2018 42: 2:40         550         550         550         550      100000               550    55000000 12471014590    21264601     586.468           1
15/ 7/2018 42: 2:42         560         560         560         560      100000               560    56000000 12527014590    21364601     586.344           1
15/ 7/2018 42: 2:43         550         550         550         550      100000               550    55000000 12582014590    21464601     586.175           1
15/ 7/2018 42: 2:44         550         550         550         550      100000               550    55000000 12637014590    21564601     586.007           1
15/ 7/2018 42: 2:45         560         560         560         560      100000               560    56000000 12693014590    21664601     585.887           1
15/ 7/2018 42: 2:46         550         550         550         550      100000               550    55000000 12748014590    21764601     585.722           1
15/ 7/2018 42: 2:50         560         560         560         560      100000               560    56000000 12804014590    21864601     585.605           1
15/ 7/2018 42: 2:52         550         550         550         550      100000               550    55000000 12859014590    21964601     585.443           1
15/ 7/2018 42: 2:55         560         560         560         560      100000               560    56000000 12915014590    22064601     585.327           1
15/ 7/2018 42: 2:56         560         560         560         560      100000               560    56000000 12971014590    22164601     585.213           1
15/ 7/2018 43: 2: 2         550         550         550         550      100000               550    55000000 13026014590    22264601     585.055           1
15/ 7/2018 43: 2: 3         560         560         560         560      100000               560    56000000 13082014590    22364601     584.943           1
15/ 7/2018 43: 2:10         550         550         550         550      100000               550    55000000 13137014590    22464601     584.787           1
15/ 7/2018 43: 2:11         560         560         560         560      100000               560    56000000 13193014590    22564601     584.678           1
15/ 7/2018 43: 2:17         550         550         550         550      100000               550    55000000 13248014590    22664601     584.525           1
15/ 7/2018 43: 2:18         550         550         550         550      100000               550    55000000 13303014590    22764601     584.373           1
15/ 7/2018 43: 2:19         560         560         560         560      100000               560    56000000 13359014590    22864601     584.266           1
15/ 7/2018 44: 2:20         570         570         570         570      100000               570    57000000 13416014590    22964601     584.204           1
15/ 7/2018 44: 2:23         560         560         560         560      100000               560    56000000 13472014590    23064601     584.099           1
15/ 7/2018 45: 2:59         570         570         570         570      100000               570    57000000 13529014590    23164601     584.038           1
15/ 7/2018 46: 2: 3         560         560         560         560      100000               560    56000000 13585014590    23264601     583.935           1
15/ 7/2018 46: 2: 4         570         570         570         570      100000               570    57000000 13642014590    23364601     583.875           1
15/ 7/2018 46: 2: 7         560         560         560         560      100000               560    56000000 13698014590    23464601     583.774           1
15/ 7/2018 46: 2: 9         570         570         570         570      100000               570    57000000 13755014590    23564601     583.715           1
15/ 7/2018 48: 2:13         580         580         580         580      100000               580    58000000 13813014590    23664601     583.699           1
15/ 7/2018 48: 2:18         570         570         570         570      100000               570    57000000 13870014590    23764601     583.642           1
15/ 7/2018 48: 2:24         580         580         580         580      100000               580    58000000 13928014590    23864601     583.627           1
15/ 7/2018 50: 2: 6         590         590         590         590      100000               590    59000000 13987014590    23964601     583.653           1
15/ 7/2018 50: 2:14         580         580         580         580      100000               580    58000000 14045014590    24064601     583.638           1
15/ 7/2018 50: 2:15         580         580         580         580      100000               580    58000000 14103014590    24164601     583.623           1
15/ 7/2018 50: 2:16         590         590         590         590      100000               590    59000000 14162014590    24264601     583.649           1
15/ 7/2018 50: 2:17         580         580         580         580      100000               580    58000000 14220014590    24364601     583.634           1
15/ 7/2018 50: 2:28         590         590         590         590      100000               590    59000000 14279014590    24464601      583.66           1
15/ 7/2018 50: 2:29         580         580         580         580      100000               580    58000000 14337014590    24564601     583.645           1
15/ 7/2018 50: 2:31         590         590         590         590      100000               590    59000000 14396014590    24664601     583.671           1
15/ 7/2018 50: 2:32         590         590         590         590      100000               590    59000000 14455014590    24764601     583.697           1
15/ 7/2018 50: 2:37         580         580         580         580      100000               580    58000000 14513014590    24864601     583.682           1
15/ 7/2018 50: 2:38         590         590         590         590      100000               590    59000000 14572014590    24964601     583.707           1
15/ 7/2018 50: 2:39         580         580         580         580      100000               580    58000000 14630014590    25064601     583.692           1
15/ 7/2018 50: 2:43         590         590         590         590      100000               590    59000000 14689014590    25164601     583.717           1
15/ 7/2018 50: 2:44         580         580         580         580      100000               580    58000000 14747014590    25264601     583.703           1
15/ 7/2018 50: 2:47         590         590         590         590      100000               590    59000000 14806014590    25364601     583.727           1
15/ 7/2018 50: 2:48         580         580         580         580      100000               580    58000000 14864014590    25464601     583.713           1
15/ 7/2018 50: 2:54         590         590         590         590      100000               590    59000000 14923014590    25564601     583.737           1
15/ 7/2018 50: 2:55         580         580         580         580      100000               580    58000000 14981014590    25664601     583.723           1
15/ 7/2018 50: 2:58         590         590         590         590      100000               590    59000000 15040014590    25764601     583.747           1
15/ 7/2018 51: 2:33         580         580         580         580      100000               580    58000000 15098014590    25864601     583.733           1
15/ 7/2018 51: 2:35         590         590         590         590      100000               590    59000000 15157014590    25964601     583.757           1
15/ 7/2018 51: 2:36         580         580         580         580      100000               580    58000000 15215014590    26064601     583.742           1
15/ 7/2018 51: 2:39         590         590         590         590      100000               590    59000000 15274014590    26164601     583.766           1
15/ 7/2018 51: 2:40         580         580         580         580      100000               580    58000000 15332014590    26264601     583.752           1
15/ 7/2018 51: 2:41         590         590         590         590      100000               590    59000000 15391014590    26364601     583.776           1
15/ 7/2018 51: 2:49         580         580         580         580      100000               580    58000000 15449014590    26464601     583.761           1
15/ 7/2018 51: 2:54         590         590         590         590      100000               590    59000000 15508014590    26564601     583.785           1
15/ 7/2018 52: 2: 8         580         580         580         580      100000               580    58000000 15566014590    26664601     583.771           1
15/ 7/2018 52: 2:16         590         590         590         590      100000               590    59000000 15625014590    26764601     583.794           1
15/ 7/2018 52: 2:17         580         580         580         580      100000               580    58000000 15683014590    26864601      583.78           1
15/ 7/2018 53: 2:30         570         570         570         570      100000               570    57000000 15740014590    26964601     583.729           1
15/ 7/2018 54: 2:22         560         560         560         560      100000               560    56000000 15796014590    27064601     583.641           1
15/ 7/2018 54: 2:23         570         570         570         570      100000               570    57000000 15853014590    27164601     583.591           1
15/ 7/2018 54: 2:27         560         560         560         560      100000               560    56000000 15909014590    27264601     583.504           1
15/ 7/2018 54: 2:51         570         570         570         570      100000               570    57000000 15966014590    27364601     583.455           1
15/ 7/2018 54: 2:54         560         560         560         560      100000               560    56000000 16022014590    27464601      583.37           1
15/ 7/2018 54: 2:55         570         570         570         570      100000               570    57000000 16079014590    27564601     583.321           1
15/ 7/2018 54: 2:56         560         560         560         560      100000               560    56000000 16135014590    27664601     583.237           1
15/ 7/2018 54: 2:57         560         560         560         560      100000               560    56000000 16191014590    27764601     583.153           1
15/ 7/2018 54: 2:59         570         570         570         570      100000               570    57000000 16248014590    27864601     583.106           1
15/ 7/2018 55: 2: 0         560         560         560         560      100000               560    56000000 16304014590    27964601     583.023           1
15/ 7/2018 55: 2:45         570         570         570         570      100000               570    57000000 16361014590    28064601     582.977           1
15/ 7/2018 55: 2:46         560         560         560         560      100000               560    56000000 16417014590    28164601     582.895           1
15/ 7/2018 55: 2:47         570         570         570         570      100000               570    57000000 16474014590    28264601      582.85           1
15/ 7/2018 55: 2:55         560         560         560         560      100000               560    56000000 16530014590    28364601     582.769           1
15/ 7/2018 58: 2:24         550         550         550         550      100000               550    55000000 16585014590    28464601     582.654           1
15/ 7/2018 58: 2:25         560         560         560         560      100000               560    56000000 16641014590    28564601     582.575           1
15/ 7/2018 58: 2:40         550         550         550         550      100000               550    55000000 16696014590    28664601     582.461           1
16/ 7/2018  0: 2: 1         560         560         560         560      100000               560    56000000 16752014590    28764601     582.383           1
16/ 7/2018  0: 2: 2         550         550         550         550      100000               550    55000000 16807014590    28864601     582.271           1
16/ 7/2018  0: 2:27         560         560         560         560      100000               560    56000000 16863014590    28964601     582.194           1
16/ 7/2018  0: 2:28         550         550         550         550      100000               550    55000000 16918014590    29064601     582.083           1
16/ 7/2018  0: 2:30         560         560         560         560      100000               560    56000000 16974014590    29164601     582.007           1
16/ 7/2018  0: 2:33         550         550         550         550      100000               550    55000000 17029014590    29264601     581.898           1
16/ 7/2018  0: 2:40         560         560         560         560      100000               560    56000000 17085014590    29364601     581.823           1
16/ 7/2018  0: 2:41         560         560         560         560      100000               560    56000000 17141014590    29464601     581.749           1
16/ 7/2018  0: 2:45         550         550         550         550      100000               550    55000000 17196014590    29564601     581.642           1
16/ 7/2018  0: 2:46         560         560         560         560      100000               560    56000000 17252014590    29664601     581.569           1
16/ 7/2018  5: 2:46         570         570         570         570      100000               570    57000000 17309014590    29764601      581.53           1
16/ 7/2018  6: 2:45         580         580         580         580      100000               580    58000000 17367014590    29864601     581.525           1
16/ 7/2018  7: 2: 4         570         570         570         570      100000               570    57000000 17424014590    29964601     581.487           1
16/ 7/2018  7: 2:52         560         560         560         560      100000               560    56000000 17480014590    30064601     581.415           1
16/ 7/2018  8: 2:10         570         570         570         570      100000               570    57000000 17537014590    30164601     581.377           1
16/ 7/2018  8: 2:58         560         560         560         560      100000               560    56000000 17593014590    30264601     581.307           1
16/ 7/2018 10: 2:15         550         550         550         550      100000               550    55000000 17648014590    30364601     581.204           1
16/ 7/2018 10: 2:17         560         560         560         560      100000               560    56000000 17704014590    30464601     581.134           1
16/ 7/2018 10: 2:37         550         550         550         550      100000               550    55000000 17759014590    30564601     581.032           1
16/ 7/2018 10: 2:51         560         560         560         560      100000               560    56000000 17815014590    30664601     580.964           1
16/ 7/2018 10: 2:54         550         550         550         550      100000               550    55000000 17870014590    30764601     580.863           1
16/ 7/2018 10: 2:55         560         560         560         560      100000               560    56000000 17926014590    30864601     580.795           1
16/ 7/2018 12: 2:33         630         630         630         630        5182               630     3264660 17929279250    30869783     580.804           1
16/ 7/2018 12: 2:52         570         570         570         570      100000               570    57000000 17986279250    30969783     580.769           1
16/ 7/2018 13: 2:42         560         560         560         560      100000               560    56000000 18042279250    31069783     580.702           1
16/ 7/2018 13: 2:53         570         570         570         570      100000               570    57000000 18099279250    31169783     580.667           1
16/ 7/2018 14: 2:10         560         560         560         560      100000               560    56000000 18155279250    31269783     580.601           1
16/ 7/2018 14: 2:55         550         550         550         550      100000               550    55000000 18210279250    31369783     580.504           1
16/ 7/2018 14: 2:57         560         560         560         560      100000               560    56000000 18266279250    31469783     580.439           1
16/ 7/2018 15: 2:15         560         560         560         560        5182               560     2901920 18269181170    31474965     580.435           1
16/ 7/2018 16: 2:50         570         570         570         570      100000               570    57000000 18326181170    31574965     580.402           1
16/ 7/2018 16: 2:51         560         560         560         560      100000               560    56000000 18382181170    31674965     580.338           1
16/ 7/2018 17: 2:15         570         570         570         570      100000               570    57000000 18439181170    31774965     580.305           1
16/ 7/2018 17: 2:18         560         560         560         560      100000               560    56000000 18495181170    31874965     580.242           1
16/ 7/2018 17: 2:36         570         570         570         570      100000               570    57000000 18552181170    31974965      580.21           1
16/ 7/2018 18: 2:48         560         560         560         560      100000               560    56000000 18608181170    32074965     580.147           1
16/ 7/2018 19: 2:30         570         570         570         570      100000               570    57000000 18665181170    32174965     580.115           1
16/ 7/2018 19: 2:48         560         560         560         560      100000               560    56000000 18721181170    32274965     580.053           1
16/ 7/2018 19: 2:52         570         570         570         570      100000               570    57000000 18778181170    32374965     580.022           1
16/ 7/2018 20: 2:34         570         570         570         570        5182               570     2953740 18781134910    32380147      580.02           1
16/ 7/2018 21: 2:18         560         560         560         560      100000               560    56000000 18837134910    32480147     579.958           1
16/ 7/2018 21: 2:34         570         570         570         570      100000               570    57000000 18894134910    32580147     579.928           1
16/ 7/2018 22: 2:35         560         560         560         560      100000               560    56000000 18950134910    32680147     579.867           1
16/ 7/2018 22: 2:39         570         570         570         570      100000               570    57000000 19007134910    32780147     579.837           1
16/ 7/2018 24: 2:34         580         580         580         580      100000               580    58000000 19065134910    32880147     579.837           1
16/ 7/2018 24: 2:40         570         570         570         570      100000               570    57000000 19122134910    32980147     579.807           1
16/ 7/2018 25: 2:38         560         560         560         560      100000               560    56000000 19178134910    33080147     579.748           1
16/ 7/2018 25: 2:39         570         570         570         570      100000               570    57000000 19235134910    33180147     579.718           1
16/ 7/2018 25: 2:46         560         560         560         560      100000               560    56000000 19291134910    33280147     579.659           1
16/ 7/2018 25: 2:47         570         570         570         570      100000               570    57000000 19348134910    33380147      579.63           1
16/ 7/2018 25: 2:48         560         560         560         560      100000               560    56000000 19404134910    33480147     579.571           1
16/ 7/2018 28: 2:10         550         550         550         550      100000               550    55000000 19459134910    33580147     579.483           1
16/ 7/2018 28: 2:21         560         560         560         560      100000               560    56000000 19515134910    33680147     579.425           1
16/ 7/2018 28: 2:52         550         550         550         550      100000               550    55000000 19570134910    33780147     579.338           1
16/ 7/2018 29: 2: 7         560         560         560         560      100000               560    56000000 19626134910    33880147     579.281           1
16/ 7/2018 29: 2:13         550         550         550         550      100000               550    55000000 19681134910    33980147     579.195           1
16/ 7/2018 29: 2:14         560         560         560         560      100000               560    56000000 19737134910    34080147     579.139           1
16/ 7/2018 30: 2: 0         550         550         550         550      100000               550    55000000 19792134910    34180147     579.054           1
16/ 7/2018 30: 2:31         560         560         560         560      100000               560    56000000 19848134910    34280147     578.998           1
16/ 7/2018 30: 2:47         550         550         550         550      100000               550    55000000 19903134910    34380147     578.914           1
16/ 7/2018 31: 2:34         540         540         540         540      100000               540    54000000 19957134910    34480147     578.801           1
16/ 7/2018 31: 2:37         550         550         550         550      100000               550    55000000 20012134910    34580147     578.717           1
16/ 7/2018 31: 2:58         540         540         540         540      100000               540    54000000 20066134910    34680147     578.606           1
16/ 7/2018 32: 2: 6         550         550         550         550      100000               550    55000000 20121134910    34780147     578.524           1
16/ 7/2018 33: 2: 0         560         560         560         560      100000               560    56000000 20177134910    34880147      578.47           1
16/ 7/2018 33: 2: 7         550         550         550         550      100000               550    55000000 20232134910    34980147     578.389           1
16/ 7/2018 35: 2:39         540         540         540         540      100000               540    54000000 20286134910    35080147      578.28           1
16/ 7/2018 35: 2:53         550         550         550         550      100000               550    55000000 20341134910    35180147     578.199           1
16/ 7/2018 36: 2: 5         540         540         540         540      100000               540    54000000 20395134910    35280147     578.091           1
16/ 7/2018 37: 2: 2         530         530         530         530      100000               530    53000000 20448134910    35380147     577.955           1
16/ 7/2018 37: 2: 3         540         540         540         540      100000               540    54000000 20502134910    35480147     577.848           1
16/ 7/2018 37: 2: 4         540         540         540         540      100000               540    54000000 20556134910    35580147     577.742           1
16/ 7/2018 37: 2: 5         530         530         530         530      100000               530    53000000 20609134910    35680147     577.608           1
16/ 7/2018 37: 2: 6         540         540         540         540      100000               540    54000000 20663134910    35780147     577.503           1
16/ 7/2018 37: 2: 7         540         540         540         540      100000               540    54000000 20717134910    35880147     577.398           1
16/ 7/2018 37: 2: 8         530         530         530         530      100000               530    53000000 20770134910    35980147     577.267           1
16/ 7/2018 37: 2: 9         540         540         540         540      100000               540    54000000 20824134910    36080147     577.163           1
16/ 7/2018 37: 2:11         530         530         530         530      100000               530    53000000 20877134910    36180147     577.033           1
16/ 7/2018 37: 2:12         540         540         540         540      100000               540    54000000 20931134910    36280147     576.931           1
16/ 7/2018 37: 2:13         530         530         530         530      100000               530    53000000 20984134910    36380147     576.802           1
16/ 7/2018 37: 2:16         540         540         540         540      100000               540    54000000 21038134910    36480147     576.701           1
16/ 7/2018 38: 2:31         530         530         530         530      100000               530    53000000 21091134910    36580147     576.573           1
16/ 7/2018 38: 2:32         540         540         540         540      100000               540    54000000 21145134910    36680147     576.474           1
16/ 7/2018 39: 2:58         530         530         530         530      100000               530    53000000 21198134910    36780147     576.347           1
16/ 7/2018 39: 2:59         540         540         540         540      100000               540    54000000 21252134910    36880147     576.249           1
16/ 7/2018 40: 2: 0         540         540         540         540      100000               540    54000000 21306134910    36980147     576.151           1
16/ 7/2018 40: 2: 8         530         530         530         530      100000               530    53000000 21359134910    37080147     576.026           1
16/ 7/2018 40: 2: 9         540         540         540         540      100000               540    54000000 21413134910    37180147     575.929           1
16/ 7/2018 43: 2:11         550         550         550         550      100000               550    55000000 21468134910    37280147      575.86           1
16/ 7/2018 43: 2:47         540         540         540         540      100000               540    54000000 21522134910    37380147     575.764           1
16/ 7/2018 45: 2:55         530         530         530         530      100000               530    53000000 21575134910    37480147     575.642           1
16/ 7/2018 45: 2:56         540         540         540         540      100000               540    54000000 21629134910    37580147     575.547           1
16/ 7/2018 45: 2:57         530         530         530         530      100000               530    53000000 21682134910    37680147     575.426           1
16/ 7/2018 46: 2: 0         540         540         540         540      100000               540    54000000 21736134910    37780147     575.332           1
16/ 7/2018 48: 2:56         550         550         550         550      100000               550    55000000 21791134910    37880147     575.265           1
16/ 7/2018 48: 2:57         540         540         540         540      100000               540    54000000 21845134910    37980147     575.172           1
16/ 7/2018 51: 2:21         550         550         550         550      100000               550    55000000 21900134910    38080147     575.106           1
16/ 7/2018 51: 2:22         540         540         540         540      100000               540    54000000 21954134910    38180147     575.014           1
16/ 7/2018 51: 2:23         550         550         550         550      100000               550    55000000 22009134910    38280147     574.949           1
16/ 7/2018 51: 2:24         550         550         550         550      100000               550    55000000 22064134910    38380147     574.884           1
16/ 7/2018 51: 2:29         540         540         540         540      100000               540    54000000 22118134910    38480147     574.793           1
16/ 7/2018 51: 2:30         550         550         550         550      100000               550    55000000 22173134910    38580147     574.729           1
16/ 7/2018 51: 2:31         540         540         540         540      100000               540    54000000 22227134910    38680147     574.639           1
16/ 7/2018 51: 2:32         550         550         550         550      100000               550    55000000 22282134910    38780147     574.576           1
16/ 7/2018 51: 2:34         540         540         540         540      100000               540    54000000 22336134910    38880147     574.487           1
16/ 7/2018 51: 2:35         540         540         540         540      100000               540    54000000 22390134910    38980147     574.398           1
16/ 7/2018 51: 2:36         550         550         550         550      100000               550    55000000 22445134910    39080147     574.336           1
16/ 7/2018 51: 2:37         540         540         540         540      100000               540    54000000 22499134910    39180147     574.248           1
16/ 7/2018 51: 2:38         540         540         540         540      100000               540    54000000 22553134910    39280147     574.161           1
16/ 7/2018 51: 2:39         550         550         550         550      100000               550    55000000 22608134910    39380147       574.1           1
16/ 7/2018 51: 2:42         540         540         540         540      100000               540    54000000 22662134910    39480147     574.013           1
16/ 7/2018 52: 2:33         550         550         550         550      100000               550    55000000 22717134910    39580147     573.953           1
16/ 7/2018 52: 2:34         540         540         540         540      100000               540    54000000 22771134910    39680147     573.867           1
16/ 7/2018 52: 2:38         550         550         550         550      100000               550    55000000 22826134910    39780147     573.807           1
16/ 7/2018 52: 2:39         540         540         540         540      100000               540    54000000 22880134910    39880147     573.722           1
16/ 7/2018 52: 2:40         550         550         550         550      100000               550    55000000 22935134910    39980147     573.663           1
16/ 7/2018 52: 2:41         540         540         540         540      100000               540    54000000 22989134910    40080147     573.579           1
16/ 7/2018 52: 2:49         550         550         550         550      100000               550    55000000 23044134910    40180147      573.52           1
16/ 7/2018 52: 2:51         540         540         540         540      100000               540    54000000 23098134910    40280147     573.437           1
16/ 7/2018 52: 2:53         550         550         550         550      100000               550    55000000 23153134910    40380147     573.379           1
16/ 7/2018 52: 2:54         540         540         540         540      100000               540    54000000 23207134910    40480147     573.297           1
16/ 7/2018 52: 2:58         550         550         550         550      100000               550    55000000 23262134910    40580147     573.239           1
16/ 7/2018 52: 2:59         540         540         540         540      100000               540    54000000 23316134910    40680147     573.158           1
16/ 7/2018 53: 2: 2         550         550         550         550      100000               550    55000000 23371134910    40780147     573.101           1
16/ 7/2018 53: 2: 3         540         540         540         540      100000               540    54000000 23425134910    40880147      573.02           1
16/ 7/2018 53: 2:23         550         550         550         550      100000               550    55000000 23480134910    40980147     572.964           1
16/ 7/2018 53: 2:42         540         540         540         540        1252               540      676080 23480810990    40981399     572.963           1
16/ 7/2018 54: 2:11         540         540         540         540       98748               540    53323920 23534134910    41080147     572.883           1
16/ 7/2018 54: 2:39         550         550         550         550      100000               550    55000000 23589134910    41180147     572.828           1
17/ 7/2018  0: 2: 4         540         540         540         540      100000               540    54000000 23643134910    41280147     572.748           1
17/ 7/2018  0: 2: 6         550         550         550         550      100000               550    55000000 23698134910    41380147     572.693           1
17/ 7/2018  0: 2:13         540         540         540         540      100000               540    54000000 23752134910    41480147     572.615           1
17/ 7/2018  0: 2:18         550         550         550         550      100000               550    55000000 23807134910    41580147      572.56           1
17/ 7/2018  3: 2:56         560         560         560         560      100000               560    56000000 23863134910    41680147      572.53           1
17/ 7/2018  3: 2:57         560         560         560         560      100000               560    56000000 23919134910    41780147       572.5           1
17/ 7/2018  3: 2:58         550         550         550         550      100000               550    55000000 23974134910    41880147     572.446           1
17/ 7/2018  3: 2:59         560         560         560         560      100000               560    56000000 24030134910    41980147     572.417           1
17/ 7/2018  4: 2: 4         550         550         550         550      100000               550    55000000 24085134910    42080147     572.363           1
17/ 7/2018  4: 2:19         560         560         560         560      100000               560    56000000 24141134910    42180147     572.334           1
17/ 7/2018  4: 2:21         550         550         550         550      100000               550    55000000 24196134910    42280147     572.281           1
17/ 7/2018  4: 2:23         560         560         560         560      100000               560    56000000 24252134910    42380147     572.252           1
17/ 7/2018  4: 2:27         550         550         550         550      100000               550    55000000 24307134910    42480147       572.2           1
17/ 7/2018  4: 2:28         560         560         560         560      100000               560    56000000 24363134910    42580147     572.171           1
17/ 7/2018  4: 2:30         550         550         550         550      100000               550    55000000 24418134910    42680147     572.119           1
17/ 7/2018  4: 2:31         560         560         560         560      100000               560    56000000 24474134910    42780147     572.091           1
17/ 7/2018  5: 2: 7         550         550         550         550      100000               550    55000000 24529134910    42880147     572.039           1
17/ 7/2018  5: 2: 9         560         560         560         560      100000               560    56000000 24585134910    42980147     572.011           1
17/ 7/2018  5: 2:14         550         550         550         550      100000               550    55000000 24640134910    43080147      571.96           1
17/ 7/2018  5: 2:15         560         560         560         560      100000               560    56000000 24696134910    43180147     571.933           1
17/ 7/2018  5: 2:16         560         560         560         560      100000               560    56000000 24752134910    43280147     571.905           1
17/ 7/2018  5: 2:19         550         550         550         550      100000               550    55000000 24807134910    43380147     571.855           1
17/ 7/2018  5: 2:20         550         550         550         550      100000               550    55000000 24862134910    43480147     571.804           1
17/ 7/2018  5: 2:21         560         560         560         560      100000               560    56000000 24918134910    43580147     571.777           1
17/ 7/2018  5: 2:29         550         550         550         550      100000               550    55000000 24973134910    43680147     571.727           1
17/ 7/2018  9: 2:10         560         560         560         560      100000               560    56000000 25029134910    43780147     571.701           1
17/ 7/2018 11: 2: 3         550         550         550         550      100000               550    55000000 25084134910    43880147     571.651           1
17/ 7/2018 11: 2: 4         560         560         560         560      100000               560    56000000 25140134910    43980147     571.625           1
17/ 7/2018 11: 2: 5         550         550         550         550      100000               550    55000000 25195134910    44080147     571.576           1
17/ 7/2018 11: 2: 6         560         560         560         560      100000               560    56000000 25251134910    44180147     571.549           1
17/ 7/2018 11: 2: 7         550         550         550         550      100000               550    55000000 25306134910    44280147     571.501           1
17/ 7/2018 11: 2:11         560         560         560         560      100000               560    56000000 25362134910    44380147     571.475           1
17/ 7/2018 11: 2:13         550         550         550         550      100000               550    55000000 25417134910    44480147     571.427           1
17/ 7/2018 11: 2:17         560         560         560         560      100000               560    56000000 25473134910    44580147     571.401           1
17/ 7/2018 11: 2:21         550         550         550         550      100000               550    55000000 25528134910    44680147     571.353           1
17/ 7/2018 11: 2:32         560         560         560         560      100000               560    56000000 25584134910    44780147     571.328           1
17/ 7/2018 11: 2:41         550         550         550         550      100000               550    55000000 25639134910    44880147      571.28           1
17/ 7/2018 11: 2:47         560         560         560         560      100000               560    56000000 25695134910    44980147     571.255           1
17/ 7/2018 11: 2:48         550         550         550         550      100000               550    55000000 25750134910    45080147     571.208           1
17/ 7/2018 11: 2:54         560         560         560         560      100000               560    56000000 25806134910    45180147     571.183           1
17/ 7/2018 11: 2:55         550         550         550         550      100000               550    55000000 25861134910    45280147     571.136           1
17/ 7/2018 11: 2:57         560         560         560         560      100000               560    56000000 25917134910    45380147     571.112           1
17/ 7/2018 11: 2:58         550         550         550         550      100000               550    55000000 25972134910    45480147     571.065           1
17/ 7/2018 12: 2:16         560         560         560         560        1200               560      672000 25972806910    45481347     571.065           1
17/ 7/2018 12: 2:17         560         560         560         560      100000               560    56000000 26028806910    45581347     571.041           1
17/ 7/2018 12: 2:18         550         550         550         550      100000               550    55000000 26083806910    45681347     570.995           1
17/ 7/2018 12: 2:20         560         560         560         560      100000               560    56000000 26139806910    45781347     570.971           1
17/ 7/2018 12: 2:28         550         550         550         550      100000               550    55000000 26194806910    45881347     570.925           1
17/ 7/2018 12: 2:31         560         560         560         560      100000               560    56000000 26250806910    45981347     570.901           1
17/ 7/2018 12: 2:32         550         550         550         550      100000               550    55000000 26305806910    46081347     570.856           1
17/ 7/2018 12: 2:33         560         560         560         560      100000               560    56000000 26361806910    46181347     570.832           1
17/ 7/2018 13: 2:16         550         550         550         550      100000               550    55000000 26416806910    46281347     570.787           1
17/ 7/2018 13: 2:20         560         560         560         560      100000               560    56000000 26472806910    46381347     570.764           1
17/ 7/2018 13: 2:21         550         550         550         550      100000               550    55000000 26527806910    46481347     570.719           1
17/ 7/2018 16: 2: 1         560         560         560         560      100000               560    56000000 26583806910    46581347     570.696           1
17/ 7/2018 16: 2:29         550         550         550         550      100000               550    55000000 26638806910    46681347     570.652           1
17/ 7/2018 16: 2:45         560         560         560         560      100000               560    56000000 26694806910    46781347     570.629           1
17/ 7/2018 20: 2:37         550         550         550         550      100000               550    55000000 26749806910    46881347     570.585           1
17/ 7/2018 21: 2: 4         560         560         560         560      100000               560    56000000 26805806910    46981347     570.563           1
17/ 7/2018 21: 2:42         550         550         550         550      100000               550    55000000 26860806910    47081347     570.519           1
17/ 7/2018 22: 2:18         560         560         560         560      100000               560    56000000 26916806910    47181347     570.497           1
17/ 7/2018 24: 2:45         570         570         570         570      100000               570    57000000 26973806910    47281347     570.496           1
17/ 7/2018 28: 2:35         560         560         560         560      100000               560    56000000 27029806910    47381347     570.474           1
17/ 7/2018 30: 2:29         570         570         570         570      100000               570    57000000 27086806910    47481347     570.473           1
17/ 7/2018 30: 2:42         560         560         560         560      100000               560    56000000 27142806910    47581347     570.451           1
17/ 7/2018 34: 2:29         550         550         550         550      100000               550    55000000 27197806910    47681347     570.408           1
17/ 7/2018 34: 2:31         560         560         560         560      100000               560    56000000 27253806910    47781347     570.386           1
17/ 7/2018 36: 2:38         550         550         550         550      100000               550    55000000 27308806910    47881347     570.343           1
17/ 7/2018 37: 2:21         560         560         560         560      100000               560    56000000 27364806910    47981347     570.322           1
17/ 7/2018 37: 2:28         550         550         550         550      100000               550    55000000 27419806910    48081347      570.28           1
17/ 7/2018 39: 2:54         560         560         560         560      100000               560    56000000 27475806910    48181347     570.258           1
17/ 7/2018 41: 2: 1         550         550         550         550      100000               550    55000000 27530806910    48281347     570.216           1
17/ 7/2018 41: 2: 5         560         560         560         560      100000               560    56000000 27586806910    48381347     570.195           1
17/ 7/2018 41: 2:11         550         550         550         550      100000               550    55000000 27641806910    48481347     570.153           1
17/ 7/2018 41: 2:12         560         560         560         560      100000               560    56000000 27697806910    48581347     570.133           1
17/ 7/2018 41: 2:31         550         550         550         550      100000               550    55000000 27752806910    48681347     570.091           1
17/ 7/2018 42: 2:32         560         560         560         560      100000               560    56000000 27808806910    48781347     570.071           1
17/ 7/2018 43: 2:26         550         550         550         550      100000               550    55000000 27863806910    48881347     570.029           1
17/ 7/2018 44: 2:10         560         560         560         560      100000               560    56000000 27919806910    48981347     570.009           1
17/ 7/2018 46: 2:40         550         550         550         550      100000               550    55000000 27974806910    49081347     569.968           1
17/ 7/2018 47: 2:32         560         560         560         560      100000               560    56000000 28030806910    49181347     569.948           1
17/ 7/2018 47: 2:33         550         550         550         550      100000               550    55000000 28085806910    49281347     569.907           1
17/ 7/2018 51: 2:23         560         560         560         560      100000               560    56000000 28141806910    49381347     569.887           1
17/ 7/2018 52: 2:52         570         570         570         570      100000               570    57000000 28198806910    49481347     569.888           1
17/ 7/2018 53: 2: 8         560         560         560         560      100000               560    56000000 28254806910    49581347     569.868           1
17/ 7/2018 53: 2:12         570         570         570         570      100000               570    57000000 28311806910    49681347     569.868           1
17/ 7/2018 53: 2:19         560         560         560         560      100000               560    56000000 28367806910    49781347     569.848           1
17/ 7/2018 53: 2:27         570         570         570         570      100000               570    57000000 28424806910    49881347     569.848           1
