         Date              Open        High         Low       Close      Volume    Typical Price         V*P    Total VP     Total V            VWAP
 2/ 7/2018 10: 0: 3         320         320         320         320      100000              320    32000000    32000000      100000              320
 2/ 7/2018 10: 0:43         310         310         310         310      100000              310    31000000    63000000      200000              315
 2/ 7/2018 10: 9:19         300         300         300         300      100000              300    30000000    93000000      300000              310
 2/ 7/2018 10:28:14         300         300         300         300      100000              300    30000000   123000000      400000            307.5
 2/ 7/2018 10:39:56         290         290         290         290      100000              290    29000000   152000000      500000              304
 2/ 7/2018 10:40:48         300         300         300         300      100000              300    30000000   182000000      600000          303.333
 2/ 7/2018 10:46:50         290         290         290         290      100000              290    29000000   211000000      700000          301.429
 2/ 7/2018 10:49:13         300         300         300         300      100000              300    30000000   241000000      800000           301.25
 2/ 7/2018 10:50: 7         290         290         290         290      100000              290    29000000   270000000      900000              300
 2/ 7/2018 10:50:18         300         300         300         300      100000              300    30000000   300000000     1000000              300
 2/ 7/2018 10:50:19         290         290         290         290      100000              290    29000000   329000000     1100000          299.091
 2/ 7/2018 10:51:32         300         300         300         300      100000              300    30000000   359000000     1200000          299.167
 2/ 7/2018 10:51:33         300         300         300         300      100000              300    30000000   389000000     1300000          299.231
 2/ 7/2018 10:51:36         290         290         290         290      100000              290    29000000   418000000     1400000          298.571
 2/ 7/2018 10:51:37         300         300         300         300      100000              300    30000000   448000000     1500000          298.667
 2/ 7/2018 10:51:38         290         290         290         290      100000              290    29000000   477000000     1600000          298.125
 2/ 7/2018 10:51:39         300         300         300         300      100000              300    30000000   507000000     1700000          298.235
 2/ 7/2018 10:51:40         290         290         290         290      100000              290    29000000   536000000     1800000          297.778
 2/ 7/2018 10:51:41         290         290         290         290      100000              290    29000000   565000000     1900000          297.368
 2/ 7/2018 10:51:42         290         290         290         290      100000              290    29000000   594000000     2000000              297
 2/ 7/2018 10:51:43         300         300         300         300      100000              300    30000000   624000000     2100000          297.143
 2/ 7/2018 10:51:46         290         290         290         290      100000              290    29000000   653000000     2200000          296.818
 2/ 7/2018 10:51:48         300         300         300         300      100000              300    30000000   683000000     2300000          296.957
 2/ 7/2018 10:51:51         290         290         290         290      100000              290    29000000   712000000     2400000          296.667
 2/ 7/2018 10:51:52         290         290         290         290      100000              290    29000000   741000000     2500000            296.4
 2/ 7/2018 10:51:54         300         300         300         300      100000              300    30000000   771000000     2600000          296.538
 2/ 7/2018 10:51:55         290         290         290         290      100000              290    29000000   800000000     2700000          296.296
 2/ 7/2018 10:51:56         290         290         290         290      100000              290    29000000   829000000     2800000          296.071
 2/ 7/2018 10:51:57         300         300         300         300      100000              300    30000000   859000000     2900000          296.207
 2/ 7/2018 10:51:58         290         290         290         290      100000              290    29000000   888000000     3000000              296
 2/ 7/2018 10:52: 2         300         300         300         300      100000              300    30000000   918000000     3100000          296.129
 2/ 7/2018 10:52:11         290         290         290         290      100000              290    29000000   947000000     3200000          295.938
 2/ 7/2018 10:52:14         300         300         300         300      100000              300    30000000   977000000     3300000          296.061
 2/ 7/2018 10:52:53         280         280         280         280       10000              280     2800000   979800000     3310000          296.012
 2/ 7/2018 10:54: 4         290         290         290         290      100000              290    29000000  1008800000     3410000          295.836
 2/ 7/2018 10:54:30         300         300         300         300      100000              300    30000000  1038800000     3510000          295.954
 2/ 7/2018 10:54:31         300         300         300         300      100000              300    30000000  1068800000     3610000          296.066
 2/ 7/2018 10:54:32         290         290         290         290      100000              290    29000000  1097800000     3710000          295.903
 2/ 7/2018 10:54:35         300         300         300         300      100000              300    30000000  1127800000     3810000           296.01
 2/ 7/2018 10:54:36         290         290         290         290      100000              290    29000000  1156800000     3910000          295.857
 2/ 7/2018 10:54:38         300         300         300         300      100000              300    30000000  1186800000     4010000           295.96
 2/ 7/2018 10:54:39         290         290         290         290      100000              290    29000000  1215800000     4110000          295.815
 2/ 7/2018 10:54:49         300         300         300         300      100000              300    30000000  1245800000     4210000          295.914
 2/ 7/2018 10:54:50         290         290         290         290      100000              290    29000000  1274800000     4310000          295.777
 2/ 7/2018 10:54:51         290         290         290         290      100000              290    29000000  1303800000     4410000          295.646
 2/ 7/2018 10:54:52         290         290         290         290      100000              290    29000000  1332800000     4510000          295.521
 2/ 7/2018 10:54:53         300         300         300         300      100000              300    30000000  1362800000     4610000          295.618
 2/ 7/2018 10:54:54         300         300         300         300      100000              300    30000000  1392800000     4710000          295.711
 2/ 7/2018 10:54:55         290         290         290         290      100000              290    29000000  1421800000     4810000          295.593
 2/ 7/2018 10:54:56         290         290         290         290      100000              290    29000000  1450800000     4910000          295.479
 2/ 7/2018 10:54:57         290         290         290         290      100000              290    29000000  1479800000     5010000          295.369
 2/ 7/2018 10:54:59         300         300         300         300      100000              300    30000000  1509800000     5110000           295.46
 2/ 7/2018 10:55: 1         290         290         290         290      100000              290    29000000  1538800000     5210000          295.355
 2/ 7/2018 10:55: 2         290         290         290         290      100000              290    29000000  1567800000     5310000          295.254
 2/ 7/2018 10:55: 3         290         290         290         290      100000              290    29000000  1596800000     5410000          295.157
 2/ 7/2018 10:55: 4         290         290         290         290      100000              290    29000000  1625800000     5510000          295.064
 2/ 7/2018 10:55:10         300         300         300         300      100000              300    30000000  1655800000     5610000          295.152
 2/ 7/2018 10:55:11         290         290         290         290      100000              290    29000000  1684800000     5710000          295.061
 2/ 7/2018 10:55:12         290         290         290         290      100000              290    29000000  1713800000     5810000          294.974
 2/ 7/2018 10:55:17         300         300         300         300      100000              300    30000000  1743800000     5910000          295.059
 2/ 7/2018 10:55:18         290         290         290         290      100000              290    29000000  1772800000     6010000          294.975
 2/ 7/2018 10:55:22         300         300         300         300      100000              300    30000000  1802800000     6110000          295.057
 2/ 7/2018 10:55:23         290         290         290         290      100000              290    29000000  1831800000     6210000          294.976
 2/ 7/2018 10:55:43         300         300         300         300      100000              300    30000000  1861800000     6310000          295.055
 2/ 7/2018 10:55:44         290         290         290         290      100000              290    29000000  1890800000     6410000          294.977
 2/ 7/2018 10:55:59         300         300         300         300      100000              300    30000000  1920800000     6510000          295.054
 2/ 7/2018 10:56: 0         290         290         290         290      100000              290    29000000  1949800000     6610000          294.977
 2/ 7/2018 10:56: 1         300         300         300         300      100000              300    30000000  1979800000     6710000          295.052
 2/ 7/2018 10:56: 2         290         290         290         290      100000              290    29000000  2008800000     6810000          294.978
 2/ 7/2018 10:56: 4         300         300         300         300      100000              300    30000000  2038800000     6910000          295.051
 2/ 7/2018 10:56: 5         290         290         290         290      100000              290    29000000  2067800000     7010000          294.979
 2/ 7/2018 10:56: 8         300         300         300         300      100000              300    30000000  2097800000     7110000          295.049
 2/ 7/2018 10:56: 9         290         290         290         290      100000              290    29000000  2126800000     7210000          294.979
 2/ 7/2018 10:56:18         300         300         300         300      100000              300    30000000  2156800000     7310000          295.048
 2/ 7/2018 10:56:19         290         290         290         290      100000              290    29000000  2185800000     7410000           294.98
 2/ 7/2018 10:56:28         300         300         300         300      100000              300    30000000  2215800000     7510000          295.047
 2/ 7/2018 10:56:29         290         290         290         290      100000              290    29000000  2244800000     7610000           294.98
 2/ 7/2018 10:56:33         300         300         300         300      100000              300    30000000  2274800000     7710000          295.045
 2/ 7/2018 10:56:34         290         290         290         290      100000              290    29000000  2303800000     7810000          294.981
 2/ 7/2018 10:56:42         300         300         300         300      100000              300    30000000  2333800000     7910000          295.044
 2/ 7/2018 10:56:43         290         290         290         290      100000              290    29000000  2362800000     8010000          294.981
 2/ 7/2018 10:56:51         300         300         300         300      100000              300    30000000  2392800000     8110000          295.043
 2/ 7/2018 10:56:52         290         290         290         290      100000              290    29000000  2421800000     8210000          294.982
 2/ 7/2018 10:57: 0         300         300         300         300      100000              300    30000000  2451800000     8310000          295.042
 2/ 7/2018 10:57: 1         290         290         290         290      100000              290    29000000  2480800000     8410000          294.982
 2/ 7/2018 10:57: 5         300         300         300         300      100000              300    30000000  2510800000     8510000          295.041
 2/ 7/2018 10:57: 6         290         290         290         290      100000              290    29000000  2539800000     8610000          294.983
 2/ 7/2018 10:57:15         300         300         300         300      100000              300    30000000  2569800000     8710000           295.04
 2/ 7/2018 10:57:18         290         290         290         290      100000              290    29000000  2598800000     8810000          294.983
 2/ 7/2018 10:57:24         300         300         300         300      100000              300    30000000  2628800000     8910000          295.039
 2/ 7/2018 10:57:25         290         290         290         290      100000              290    29000000  2657800000     9010000          294.983
 2/ 7/2018 10:57:46         300         300         300         300      100000              300    30000000  2687800000     9110000          295.038
 2/ 7/2018 10:57:47         290         290         290         290      100000              290    29000000  2716800000     9210000          294.984
 2/ 7/2018 10:59:51         300         300         300         300      100000              300    30000000  2746800000     9310000          295.038
 2/ 7/2018 10:59:52         290         290         290         290      100000              290    29000000  2775800000     9410000          294.984
 2/ 7/2018 10:59:55         300         300         300         300      100000              300    30000000  2805800000     9510000          295.037
 2/ 7/2018 10:59:56         290         290         290         290      100000              290    29000000  2834800000     9610000          294.984
 2/ 7/2018 11: 0:14         300         300         300         300      100000              300    30000000  2864800000     9710000          295.036
 2/ 7/2018 11: 0:15         290         290         290         290      100000              290    29000000  2893800000     9810000          294.985
 2/ 7/2018 11: 0:27         300         300         300         300      100000              300    30000000  2923800000     9910000          295.035
 2/ 7/2018 11: 1: 1         300         300         300         300      100000              300    30000000  2953800000    10010000          295.085
 2/ 7/2018 11: 2: 7         310         310         310         310      100000              310    31000000  2984800000    10110000          295.232
 2/ 7/2018 11: 2: 8         300         300         300         300      100000              300    30000000  3014800000    10210000          295.279
 2/ 7/2018 11: 2:10         310         310         310         310      100000              310    31000000  3045800000    10310000          295.422
 2/ 7/2018 11: 2:12         300         300         300         300      100000              300    30000000  3075800000    10410000          295.466
 2/ 7/2018 11: 2:15         310         310         310         310      100000              310    31000000  3106800000    10510000          295.604
 2/ 7/2018 11: 2:16         300         300         300         300      100000              300    30000000  3136800000    10610000          295.646
 2/ 7/2018 11: 2:20         310         310         310         310      100000              310    31000000  3167800000    10710000           295.78
 2/ 7/2018 11: 2:21         300         300         300         300      100000              300    30000000  3197800000    10810000          295.819
 2/ 7/2018 11: 2:23         310         310         310         310      100000              310    31000000  3228800000    10910000          295.949
 2/ 7/2018 11: 2:24         300         300         300         300      100000              300    30000000  3258800000    11010000          295.985
 2/ 7/2018 11: 2:25         300         300         300         300      100000              300    30000000  3288800000    11110000          296.022
 2/ 7/2018 11: 2:26         310         310         310         310      100000              310    31000000  3319800000    11210000          296.146
 2/ 7/2018 11: 2:29         300         300         300         300      100000              300    30000000  3349800000    11310000           296.18
 2/ 7/2018 11: 7:38         290         290         290         290      100000              290    29000000  3378800000    11410000          296.126
 2/ 7/2018 11:10: 0         280         280         280         280       25000              280     7000000  3385800000    11435000          296.091
 2/ 7/2018 11:10:53         300         300         300         300      100000              300    30000000  3415800000    11535000          296.125
 2/ 7/2018 11:17: 7         310         310         310         310      100000              310    31000000  3446800000    11635000          296.244
 2/ 7/2018 11:33:48         300         300         300         300      100000              300    30000000  3476800000    11735000          296.276
 2/ 7/2018 11:37: 3         310         310         310         310      100000              310    31000000  3507800000    11835000          296.392
 2/ 7/2018 12: 9:34         300         300         300         300      100000              300    30000000  3537800000    11935000          296.422
 2/ 7/2018 12: 9:35         310         310         310         310      100000              310    31000000  3568800000    12035000          296.535
 2/ 7/2018 12: 9:53         300         300         300         300      100000              300    30000000  3598800000    12135000          296.564
 2/ 7/2018 12: 9:54         310         310         310         310      100000              310    31000000  3629800000    12235000          296.673
 2/ 7/2018 12: 9:55         310         310         310         310      100000              310    31000000  3660800000    12335000          296.782
 2/ 7/2018 12:11:56         300         300         300         300      100000              300    30000000  3690800000    12435000          296.807
 2/ 7/2018 12:11:57         310         310         310         310      100000              310    31000000  3721800000    12535000          296.913
 2/ 7/2018 12:12: 0         300         300         300         300      100000              300    30000000  3751800000    12635000          296.937
 2/ 7/2018 12:12: 1         310         310         310         310      100000              310    31000000  3782800000    12735000           297.04
 2/ 7/2018 12:12:35         300         300         300         300      100000              300    30000000  3812800000    12835000          297.063
 2/ 7/2018 12:12:36         310         310         310         310      100000              310    31000000  3843800000    12935000          297.163
 2/ 7/2018 12:13: 5         300         300         300         300      100000              300    30000000  3873800000    13035000          297.185
 2/ 7/2018 12:17:23         310         310         310         310      100000              310    31000000  3904800000    13135000          297.282
 2/ 7/2018 12:37:47         300         300         300         300      100000              300    30000000  3934800000    13235000          297.303
 2/ 7/2018 12:39:59         310         310         310         310      100000              310    31000000  3965800000    13335000          297.398
 2/ 7/2018 12:40: 0         300         300         300         300      100000              300    30000000  3995800000    13435000          297.417
 2/ 7/2018 12:46:55         310         310         310         310      100000              310    31000000  4026800000    13535000           297.51
 2/ 7/2018 12:46:56         300         300         300         300      100000              300    30000000  4056800000    13635000          297.528
 2/ 7/2018 12:46:59         310         310         310         310      100000              310    31000000  4087800000    13735000          297.619
 2/ 7/2018 12:47: 0         300         300         300         300      100000              300    30000000  4117800000    13835000          297.636
 2/ 7/2018 12:47: 3         310         310         310         310      100000              310    31000000  4148800000    13935000          297.725
 2/ 7/2018 12:47: 4         300         300         300         300      100000              300    30000000  4178800000    14035000          297.741
 2/ 7/2018 12:47: 6         310         310         310         310      100000              310    31000000  4209800000    14135000          297.828
 2/ 7/2018 12:47: 7         300         300         300         300      100000              300    30000000  4239800000    14235000          297.843
 2/ 7/2018 14: 0: 0         310         310         310         310      100000              310    31000000  4270800000    14335000          297.928
 2/ 7/2018 14: 0: 3         300         300         300         300      100000              300    30000000  4300800000    14435000          297.943
 2/ 7/2018 14: 5:17         310         310         310         310      100000              310    31000000  4331800000    14535000          298.025
 2/ 7/2018 14:10: 4         300         300         300         300      100000              300    30000000  4361800000    14635000          298.039
 2/ 7/2018 14:27:34         290         290         290         290      100000              290    29000000  4390800000    14735000          297.984
 2/ 7/2018 14:27:35         300         300         300         300      100000              300    30000000  4420800000    14835000          297.998
 2/ 7/2018 14:34:42         290         290         290         290      100000              290    29000000  4449800000    14935000          297.944
 2/ 7/2018 14:34:43         300         300         300         300      100000              300    30000000  4479800000    15035000          297.958
 2/ 7/2018 14:43: 4         290         290         290         290      100000              290    29000000  4508800000    15135000          297.906
 2/ 7/2018 14:43: 5         300         300         300         300      100000              300    30000000  4538800000    15235000          297.919
 2/ 7/2018 14:43:26         290         290         290         290      100000              290    29000000  4567800000    15335000          297.868
 2/ 7/2018 14:43:27         300         300         300         300      100000              300    30000000  4597800000    15435000          297.881
 2/ 7/2018 14:43:58         290         290         290         290      100000              290    29000000  4626800000    15535000          297.831
 2/ 7/2018 14:43:59         300         300         300         300      100000              300    30000000  4656800000    15635000          297.845
 2/ 7/2018 14:44:11         290         290         290         290      100000              290    29000000  4685800000    15735000          297.795
 2/ 7/2018 14:44:12         300         300         300         300      100000              300    30000000  4715800000    15835000          297.809
 2/ 7/2018 14:44:13         290         290         290         290      100000              290    29000000  4744800000    15935000           297.76
 2/ 7/2018 14:44:14         300         300         300         300      100000              300    30000000  4774800000    16035000          297.774
 2/ 7/2018 14:44:18         290         290         290         290      100000              290    29000000  4803800000    16135000          297.725
 2/ 7/2018 14:44:19         290         290         290         290      100000              290    29000000  4832800000    16235000          297.678
 2/ 7/2018 14:44:20         300         300         300         300      100000              300    30000000  4862800000    16335000          297.692
 2/ 7/2018 14:44:23         290         290         290         290      100000              290    29000000  4891800000    16435000          297.645
 2/ 7/2018 14:44:24         300         300         300         300      100000              300    30000000  4921800000    16535000           297.66
 2/ 7/2018 14:44:26         290         290         290         290      100000              290    29000000  4950800000    16635000          297.613
 2/ 7/2018 14:44:27         300         300         300         300      100000              300    30000000  4980800000    16735000          297.628
 2/ 7/2018 14:44:33         290         290         290         290      100000              290    29000000  5009800000    16835000          297.582
 2/ 7/2018 14:44:34         300         300         300         300      100000              300    30000000  5039800000    16935000          297.597
 2/ 7/2018 14:45:18         290         290         290         290      100000              290    29000000  5068800000    17035000          297.552
 2/ 7/2018 14:45:19         300         300         300         300      100000              300    30000000  5098800000    17135000          297.566
 2/ 7/2018 14:45:20         290         290         290         290      100000              290    29000000  5127800000    17235000          297.522
 2/ 7/2018 14:45:21         300         300         300         300      100000              300    30000000  5157800000    17335000          297.537
 2/ 7/2018 14:45:23         290         290         290         290      100000              290    29000000  5186800000    17435000          297.494
 2/ 7/2018 14:45:24         300         300         300         300      100000              300    30000000  5216800000    17535000          297.508
 2/ 7/2018 14:49: 2         290         290         290         290      100000              290    29000000  5245800000    17635000          297.465
 2/ 7/2018 14:49: 3         300         300         300         300      100000              300    30000000  5275800000    17735000           297.48
 2/ 7/2018 14:52:22         300         300         300         300      100000              300    30000000  5305800000    17835000          297.494
 2/ 7/2018 14:55:51         290         290         290         290      100000              290    29000000  5334800000    17935000          297.452
 2/ 7/2018 15: 0:56         270         270         270         270       10000              270     2700000  5337500000    17945000          297.437
 2/ 7/2018 15: 2:35         260         260         260         260       10000              260     2600000  5340100000    17955000          297.416
 2/ 7/2018 15: 4:58         280         280         280         280        5000              280     1400000  5341500000    17960000          297.411
 2/ 7/2018 15: 9: 3         300         300         300         300      100000              300    30000000  5371500000    18060000          297.425
 2/ 7/2018 15:33:27         290         290         290         290      100000              290    29000000  5400500000    18160000          297.384
 2/ 7/2018 15:33:29         300         300         300         300      100000              300    30000000  5430500000    18260000          297.399
 2/ 7/2018 15:33:30         290         290         290         290      100000              290    29000000  5459500000    18360000          297.358
 2/ 7/2018 15:33:31         300         300         300         300      100000              300    30000000  5489500000    18460000          297.373
 2/ 7/2018 15:33:32         290         290         290         290      100000              290    29000000  5518500000    18560000          297.333
 2/ 7/2018 15:33:39         300         300         300         300      100000              300    30000000  5548500000    18660000          297.347
 2/ 7/2018 15:33:40         290         290         290         290      100000              290    29000000  5577500000    18760000          297.308
 2/ 7/2018 15:33:41         300         300         300         300      100000              300    30000000  5607500000    18860000          297.322
 2/ 7/2018 15:33:42         290         290         290         290      100000              290    29000000  5636500000    18960000          297.284
 2/ 7/2018 15:33:43         300         300         300         300      100000              300    30000000  5666500000    19060000          297.298
 2/ 7/2018 15:33:46         290         290         290         290      100000              290    29000000  5695500000    19160000           297.26
 2/ 7/2018 15:33:47         300         300         300         300      100000              300    30000000  5725500000    19260000          297.274
 2/ 7/2018 15:33:50         290         290         290         290      100000              290    29000000  5754500000    19360000          297.237
 2/ 7/2018 15:33:51         300         300         300         300      100000              300    30000000  5784500000    19460000          297.251
 2/ 7/2018 15:33:52         290         290         290         290      100000              290    29000000  5813500000    19560000          297.214
 2/ 7/2018 15:33:55         300         300         300         300      100000              300    30000000  5843500000    19660000          297.228
 2/ 7/2018 15:33:56         290         290         290         290      100000              290    29000000  5872500000    19760000          297.191
 2/ 7/2018 15:33:57         300         300         300         300      100000              300    30000000  5902500000    19860000          297.205
 2/ 7/2018 15:33:58         290         290         290         290      100000              290    29000000  5931500000    19960000          297.169
 2/ 7/2018 15:33:59         290         290         290         290      100000              290    29000000  5960500000    20060000          297.134
 2/ 7/2018 15:34:24         300         300         300         300      100000              300    30000000  5990500000    20160000          297.148
 2/ 7/2018 15:34:25         290         290         290         290      100000              290    29000000  6019500000    20260000          297.113
 2/ 7/2018 15:34:26         300         300         300         300      100000              300    30000000  6049500000    20360000          297.127
 2/ 7/2018 15:34:27         290         290         290         290      100000              290    29000000  6078500000    20460000          297.092
 2/ 7/2018 15:34:29         300         300         300         300      100000              300    30000000  6108500000    20560000          297.106
 2/ 7/2018 15:34:30         290         290         290         290      100000              290    29000000  6137500000    20660000          297.072
 2/ 7/2018 15:34:31         300         300         300         300      100000              300    30000000  6167500000    20760000          297.086
 2/ 7/2018 15:34:32         290         290         290         290      100000              290    29000000  6196500000    20860000          297.052
 2/ 7/2018 15:34:34         300         300         300         300      100000              300    30000000  6226500000    20960000          297.066
 2/ 7/2018 15:34:37         290         290         290         290      100000              290    29000000  6255500000    21060000          297.032
 2/ 7/2018 15:34:39         300         300         300         300      100000              300    30000000  6285500000    21160000          297.046
 2/ 7/2018 15:34:40         290         290         290         290      100000              290    29000000  6314500000    21260000          297.013
 2/ 7/2018 15:34:42         300         300         300         300      100000              300    30000000  6344500000    21360000          297.027
 2/ 7/2018 15:34:46         290         290         290         290      100000              290    29000000  6373500000    21460000          296.994
 2/ 7/2018 15:34:47         300         300         300         300      100000              300    30000000  6403500000    21560000          297.008
 2/ 7/2018 15:34:48         290         290         290         290      100000              290    29000000  6432500000    21660000          296.976
 2/ 7/2018 15:34:49         300         300         300         300      100000              300    30000000  6462500000    21760000           296.99
 2/ 7/2018 15:34:53         290         290         290         290      100000              290    29000000  6491500000    21860000          296.958
 2/ 7/2018 15:34:54         300         300         300         300      100000              300    30000000  6521500000    21960000          296.972
 2/ 7/2018 15:34:55         300         300         300         300      100000              300    30000000  6551500000    22060000          296.985
 2/ 7/2018 15:34:56         290         290         290         290      100000              290    29000000  6580500000    22160000          296.954
 2/ 7/2018 15:34:57         290         290         290         290      100000              290    29000000  6609500000    22260000          296.923
 2/ 7/2018 15:34:58         300         300         300         300      100000              300    30000000  6639500000    22360000          296.936
 2/ 7/2018 15:34:59         290         290         290         290      100000              290    29000000  6668500000    22460000          296.906
 2/ 7/2018 15:35: 0         300         300         300         300      100000              300    30000000  6698500000    22560000          296.919
 2/ 7/2018 15:35: 1         290         290         290         290      100000              290    29000000  6727500000    22660000          296.889
 2/ 7/2018 15:35: 2         290         290         290         290      100000              290    29000000  6756500000    22760000          296.859
 2/ 7/2018 15:35: 3         300         300         300         300      100000              300    30000000  6786500000    22860000          296.872
 2/ 7/2018 15:35: 5         290         290         290         290      100000              290    29000000  6815500000    22960000          296.842
 2/ 7/2018 15:35:33         300         300         300         300      100000              300    30000000  6845500000    23060000          296.856
 2/ 7/2018 15:35:34         290         290         290         290      100000              290    29000000  6874500000    23160000          296.826
 2/ 7/2018 15:36:39         300         300         300         300      100000              300    30000000  6904500000    23260000           296.84
 2/ 7/2018 15:36:40         300         300         300         300      100000              300    30000000  6934500000    23360000          296.854
 2/ 7/2018 15:36:41         300         300         300         300      100000              300    30000000  6964500000    23460000          296.867
 2/ 7/2018 15:36:42         290         290         290         290      100000              290    29000000  6993500000    23560000          296.838
 2/ 7/2018 15:36:43         300         300         300         300      100000              300    30000000  7023500000    23660000          296.851
 2/ 7/2018 15:36:44         290         290         290         290      100000              290    29000000  7052500000    23760000          296.822
 2/ 7/2018 15:36:45         290         290         290         290      100000              290    29000000  7081500000    23860000          296.794
 2/ 7/2018 15:36:48         300         300         300         300      100000              300    30000000  7111500000    23960000          296.807
 2/ 7/2018 15:36:51         290         290         290         290      100000              290    29000000  7140500000    24060000          296.779
 2/ 7/2018 15:36:52         300         300         300         300      100000              300    30000000  7170500000    24160000          296.792
 2/ 7/2018 15:36:53         290         290         290         290      100000              290    29000000  7199500000    24260000          296.764
 2/ 7/2018 15:36:58         300         300         300         300      100000              300    30000000  7229500000    24360000          296.778
 2/ 7/2018 15:36:59         290         290         290         290      100000              290    29000000  7258500000    24460000           296.75
 2/ 7/2018 15:37: 2         300         300         300         300      100000              300    30000000  7288500000    24560000          296.763
 2/ 7/2018 15:37: 3         290         290         290         290      100000              290    29000000  7317500000    24660000          296.736
 2/ 7/2018 15:37: 4         300         300         300         300      100000              300    30000000  7347500000    24760000          296.749
 2/ 7/2018 15:37: 6         290         290         290         290      100000              290    29000000  7376500000    24860000          296.722
 2/ 7/2018 15:37: 7         300         300         300         300      100000              300    30000000  7406500000    24960000          296.735
 2/ 7/2018 15:37: 8         290         290         290         290      100000              290    29000000  7435500000    25060000          296.708
 2/ 7/2018 15:37:12         300         300         300         300      100000              300    30000000  7465500000    25160000          296.721
 2/ 7/2018 15:37:14         290         290         290         290      100000              290    29000000  7494500000    25260000          296.694
 2/ 7/2018 15:37:15         300         300         300         300      100000              300    30000000  7524500000    25360000          296.707
 2/ 7/2018 15:37:16         290         290         290         290      100000              290    29000000  7553500000    25460000          296.681
 2/ 7/2018 15:37:19         300         300         300         300      100000              300    30000000  7583500000    25560000          296.694
 2/ 7/2018 15:37:20         290         290         290         290      100000              290    29000000  7612500000    25660000          296.668
 2/ 7/2018 15:37:21         300         300         300         300      100000              300    30000000  7642500000    25760000          296.681
 2/ 7/2018 15:37:23         290         290         290         290      100000              290    29000000  7671500000    25860000          296.655
 2/ 7/2018 15:37:24         300         300         300         300      100000              300    30000000  7701500000    25960000          296.668
 2/ 7/2018 15:37:25         290         290         290         290      100000              290    29000000  7730500000    26060000          296.642
 2/ 7/2018 15:37:26         290         290         290         290      100000              290    29000000  7759500000    26160000          296.617
 2/ 7/2018 15:37:27         300         300         300         300      100000              300    30000000  7789500000    26260000           296.63
 2/ 7/2018 15:37:32         290         290         290         290      100000              290    29000000  7818500000    26360000          296.605
 2/ 7/2018 15:37:35         300         300         300         300      100000              300    30000000  7848500000    26460000          296.618
 2/ 7/2018 15:37:36         300         300         300         300      100000              300    30000000  7878500000    26560000           296.63
 2/ 7/2018 15:37:37         290         290         290         290      100000              290    29000000  7907500000    26660000          296.605
 2/ 7/2018 15:37:38         300         300         300         300      100000              300    30000000  7937500000    26760000          296.618
 2/ 7/2018 15:37:39         300         300         300         300      100000              300    30000000  7967500000    26860000          296.631
 2/ 7/2018 15:37:40         290         290         290         290      100000              290    29000000  7996500000    26960000          296.606
 2/ 7/2018 15:37:43         300         300         300         300      100000              300    30000000  8026500000    27060000          296.619
 2/ 7/2018 15:37:44         290         290         290         290      100000              290    29000000  8055500000    27160000          296.594
 2/ 7/2018 15:37:45         300         300         300         300      100000              300    30000000  8085500000    27260000          296.607
 2/ 7/2018 15:37:46         300         300         300         300      100000              300    30000000  8115500000    27360000          296.619
 2/ 7/2018 15:37:49         290         290         290         290      100000              290    29000000  8144500000    27460000          296.595
 2/ 7/2018 15:37:50         300         300         300         300      100000              300    30000000  8174500000    27560000          296.607
 2/ 7/2018 15:37:51         290         290         290         290      100000              290    29000000  8203500000    27660000          296.584
 2/ 7/2018 15:37:53         300         300         300         300      100000              300    30000000  8233500000    27760000          296.596
 2/ 7/2018 15:37:54         290         290         290         290      100000              290    29000000  8262500000    27860000          296.572
 2/ 7/2018 15:37:55         300         300         300         300      100000              300    30000000  8292500000    27960000          296.584
 2/ 7/2018 15:37:58         290         290         290         290      100000              290    29000000  8321500000    28060000          296.561
 2/ 7/2018 15:37:59         300         300         300         300      100000              300    30000000  8351500000    28160000          296.573
 2/ 7/2018 15:38: 3         290         290         290         290      100000              290    29000000  8380500000    28260000           296.55
 2/ 7/2018 15:38: 4         300         300         300         300      100000              300    30000000  8410500000    28360000          296.562
 2/ 7/2018 15:38: 5         290         290         290         290      100000              290    29000000  8439500000    28460000          296.539
 2/ 7/2018 15:38: 6         300         300         300         300      100000              300    30000000  8469500000    28560000          296.551
 2/ 7/2018 15:38:14         290         290         290         290      100000              290    29000000  8498500000    28660000          296.528
 2/ 7/2018 15:38:16         300         300         300         300      100000              300    30000000  8528500000    28760000           296.54
 2/ 7/2018 15:38:17         290         290         290         290      100000              290    29000000  8557500000    28860000          296.518
 2/ 7/2018 15:38:18         300         300         300         300      100000              300    30000000  8587500000    28960000           296.53
 2/ 7/2018 15:38:22         290         290         290         290      100000              290    29000000  8616500000    29060000          296.507
 2/ 7/2018 15:38:23         300         300         300         300      100000              300    30000000  8646500000    29160000          296.519
 2/ 7/2018 15:38:34         290         290         290         290      100000              290    29000000  8675500000    29260000          296.497
 2/ 7/2018 15:38:36         300         300         300         300      100000              300    30000000  8705500000    29360000          296.509
 2/ 7/2018 15:38:39         290         290         290         290      100000              290    29000000  8734500000    29460000          296.487
 2/ 7/2018 15:38:40         300         300         300         300      100000              300    30000000  8764500000    29560000          296.499
 2/ 7/2018 15:38:41         300         300         300         300      100000              300    30000000  8794500000    29660000           296.51
 2/ 7/2018 15:38:44         290         290         290         290      100000              290    29000000  8823500000    29760000          296.489
 2/ 7/2018 15:38:45         300         300         300         300      100000              300    30000000  8853500000    29860000            296.5
 2/ 7/2018 15:38:46         290         290         290         290      100000              290    29000000  8882500000    29960000          296.479
 2/ 7/2018 15:38:47         300         300         300         300      100000              300    30000000  8912500000    30060000           296.49
 2/ 7/2018 15:38:48         290         290         290         290      100000              290    29000000  8941500000    30160000          296.469
 2/ 7/2018 15:39:19         300         300         300         300      100000              300    30000000  8971500000    30260000          296.481
 2/ 7/2018 15:39:20         290         290         290         290      100000              290    29000000  9000500000    30360000          296.459
 2/ 7/2018 15:39:28         300         300         300         300      100000              300    30000000  9030500000    30460000          296.471
 2/ 7/2018 15:39:29         290         290         290         290      100000              290    29000000  9059500000    30560000           296.45
 2/ 7/2018 15:39:38         300         300         300         300      100000              300    30000000  9089500000    30660000          296.461
 2/ 7/2018 15:39:40         290         290         290         290      100000              290    29000000  9118500000    30760000           296.44
 2/ 7/2018 15:39:41         290         290         290         290      100000              290    29000000  9147500000    30860000          296.419
 2/ 7/2018 15:39:42         300         300         300         300      100000              300    30000000  9177500000    30960000          296.431
 2/ 7/2018 15:39:43         290         290         290         290      100000              290    29000000  9206500000    31060000           296.41
 2/ 7/2018 15:39:44         300         300         300         300      100000              300    30000000  9236500000    31160000          296.422
 2/ 7/2018 15:39:45         300         300         300         300      100000              300    30000000  9266500000    31260000          296.433
 2/ 7/2018 15:39:49         290         290         290         290      100000              290    29000000  9295500000    31360000          296.413
 2/ 7/2018 15:39:51         300         300         300         300      100000              300    30000000  9325500000    31460000          296.424
 2/ 7/2018 15:39:52         300         300         300         300      100000              300    30000000  9355500000    31560000          296.435
 2/ 7/2018 15:39:53         290         290         290         290      100000              290    29000000  9384500000    31660000          296.415
 2/ 7/2018 15:39:54         300         300         300         300      100000              300    30000000  9414500000    31760000          296.426
 2/ 7/2018 15:39:55         290         290         290         290      100000              290    29000000  9443500000    31860000          296.406
 2/ 7/2018 15:39:56         300         300         300         300      100000              300    30000000  9473500000    31960000          296.417
 2/ 7/2018 15:39:58         290         290         290         290      100000              290    29000000  9502500000    32060000          296.397
 2/ 7/2018 15:39:59         290         290         290         290      100000              290    29000000  9531500000    32160000          296.377
 2/ 7/2018 15:40: 1         300         300         300         300      100000              300    30000000  9561500000    32260000          296.389
 2/ 7/2018 15:40: 2         300         300         300         300      100000              300    30000000  9591500000    32360000            296.4
 2/ 7/2018 15:40: 4         290         290         290         290      100000              290    29000000  9620500000    32460000           296.38
 2/ 7/2018 15:40: 9         300         300         300         300      100000              300    30000000  9650500000    32560000          296.391
 2/ 7/2018 15:40:13         290         290         290         290      100000              290    29000000  9679500000    32660000          296.372
 2/ 7/2018 15:40:14         300         300         300         300      100000              300    30000000  9709500000    32760000          296.383
 2/ 7/2018 15:40:15         290         290         290         290      100000              290    29000000  9738500000    32860000          296.363
 2/ 7/2018 15:40:19         300         300         300         300      100000              300    30000000  9768500000    32960000          296.374
 2/ 7/2018 15:40:21         290         290         290         290      100000              290    29000000  9797500000    33060000          296.355
 2/ 7/2018 15:40:24         300         300         300         300      100000              300    30000000  9827500000    33160000          296.366
 2/ 7/2018 15:40:27         290         290         290         290      100000              290    29000000  9856500000    33260000          296.347
 2/ 7/2018 15:40:28         300         300         300         300      100000              300    30000000  9886500000    33360000          296.358
 2/ 7/2018 15:40:31         290         290         290         290      100000              290    29000000  9915500000    33460000          296.339
 2/ 7/2018 15:40:32         300         300         300         300      100000              300    30000000  9945500000    33560000           296.35
 2/ 7/2018 15:40:33         290         290         290         290      100000              290    29000000  9974500000    33660000          296.331
 2/ 7/2018 15:40:34         300         300         300         300      100000              300    30000000 10004500000    33760000          296.342
 2/ 7/2018 15:40:36         290         290         290         290      100000              290    29000000 10033500000    33860000          296.323
 2/ 7/2018 15:40:38         300         300         300         300      100000              300    30000000 10063500000    33960000          296.334
 2/ 7/2018 15:40:39         290         290         290         290      100000              290    29000000 10092500000    34060000          296.315
 2/ 7/2018 15:40:46         300         300         300         300      100000              300    30000000 10122500000    34160000          296.326
 2/ 7/2018 15:40:49         290         290         290         290      100000              290    29000000 10151500000    34260000          296.308
 2/ 7/2018 15:41: 2         300         300         300         300      100000              300    30000000 10181500000    34360000          296.318
 2/ 7/2018 15:41: 4         290         290         290         290      100000              290    29000000 10210500000    34460000            296.3
 2/ 7/2018 15:41:17         300         300         300         300      100000              300    30000000 10240500000    34560000          296.311
 2/ 7/2018 15:41:20         290         290         290         290      100000              290    29000000 10269500000    34660000          296.293
 2/ 7/2018 15:41:31         300         300         300         300      100000              300    30000000 10299500000    34760000          296.303
 2/ 7/2018 15:41:32         300         300         300         300      100000              300    30000000 10329500000    34860000          296.314
 2/ 7/2018 15:41:33         290         290         290         290      100000              290    29000000 10358500000    34960000          296.296
 2/ 7/2018 15:42: 6         300         300         300         300      100000              300    30000000 10388500000    35060000          296.306
 2/ 7/2018 15:42: 7         290         290         290         290      100000              290    29000000 10417500000    35160000          296.288
 2/ 7/2018 15:43:15         300         300         300         300      100000              300    30000000 10447500000    35260000          296.299
 2/ 7/2018 15:49:56         290         290         290         290      100000              290    29000000 10476500000    35360000          296.281
 2/ 7/2018 15:58:23         280         280         280         280       95000              280    26600000 10503100000    35455000          296.237
 2/ 7/2018 16:10:14         270         270         270         270       90000              270    24300000 10527400000    35545000          296.171
 2/ 7/2018 16:12:49         280         280         280         280      100000              280    28000000 10555400000    35645000          296.126
 2/ 7/2018 16:13:37         270         270         270         270      100000              270    27000000 10582400000    35745000          296.053
 2/ 7/2018 16:14:10         260         260         260         260        4038              260     1049880 10583449880    35749038          296.049
 2/ 7/2018 16:15:43         260         260         260         260        7500              260     1950000 10585399880    35756538          296.041
 2/ 7/2018 16:20:56         270         270         270         270      100000              270    27000000 10612399880    35856538          295.968
 2/ 7/2018 16:24:34         280         280         280         280      100000              280    28000000 10640399880    35956538          295.924
 2/ 7/2018 16:25:26         270         270         270         270      100000              270    27000000 10667399880    36056538          295.852
 2/ 7/2018 16:53:38         280         280         280         280      100000              280    28000000 10695399880    36156538          295.808
 2/ 7/2018 16:58:52         270         270         270         270        5000              270     1350000 10696749880    36161538          295.805
 2/ 7/2018 17: 0: 0         270         270         270         270       95000              270    25650000 10722399880    36256538          295.737
 2/ 7/2018 17: 1:54         260         260         260         260        5000              260     1300000 10723699880    36261538          295.732
 2/ 7/2018 17: 2:39         280         280         280         280      100000              280    28000000 10751699880    36361538          295.689
 2/ 7/2018 17: 3:18         270         270         270         270      100000              270    27000000 10778699880    36461538          295.618
 2/ 7/2018 17: 3:19         270         270         270         270      100000              270    27000000 10805699880    36561538          295.548
 2/ 7/2018 17: 3:20         280         280         280         280      100000              280    28000000 10833699880    36661538          295.506
 2/ 7/2018 17: 3:21         280         280         280         280      100000              280    28000000 10861699880    36761538          295.464
 2/ 7/2018 17: 3:22         280         280         280         280      100000              280    28000000 10889699880    36861538          295.422
 2/ 7/2018 17: 3:23         280         280         280         280      100000              280    28000000 10917699880    36961538           295.38
 2/ 7/2018 17: 3:26         270         270         270         270      100000              270    27000000 10944699880    37061538          295.312
 2/ 7/2018 17: 3:27         280         280         280         280      100000              280    28000000 10972699880    37161538           295.27
 2/ 7/2018 17: 3:31         270         270         270         270      100000              270    27000000 10999699880    37261538          295.203
 2/ 7/2018 17: 3:32         280         280         280         280      100000              280    28000000 11027699880    37361538          295.162
 2/ 7/2018 17: 3:33         280         280         280         280      100000              280    28000000 11055699880    37461538          295.121
 2/ 7/2018 17: 3:34         270         270         270         270      100000              270    27000000 11082699880    37561538          295.054
 2/ 7/2018 17: 3:35         280         280         280         280      100000              280    28000000 11110699880    37661538          295.015
 2/ 7/2018 17: 3:42         270         270         270         270      100000              270    27000000 11137699880    37761538          294.948
 2/ 7/2018 17: 3:43         280         280         280         280      100000              280    28000000 11165699880    37861538          294.909
 2/ 7/2018 17: 3:44         280         280         280         280      100000              280    28000000 11193699880    37961538           294.87
 2/ 7/2018 17: 3:54         270         270         270         270      100000              270    27000000 11220699880    38061538          294.804
 2/ 7/2018 17: 3:55         270         270         270         270      100000              270    27000000 11247699880    38161538          294.739
 2/ 7/2018 17: 3:56         280         280         280         280      100000              280    28000000 11275699880    38261538          294.701
 2/ 7/2018 17: 3:57         280         280         280         280      100000              280    28000000 11303699880    38361538          294.662
 2/ 7/2018 17: 3:58         270         270         270         270      100000              270    27000000 11330699880    38461538          294.598
 2/ 7/2018 17: 3:59         280         280         280         280      100000              280    28000000 11358699880    38561538           294.56
 2/ 7/2018 17: 4: 5         270         270         270         270      100000              270    27000000 11385699880    38661538          294.497
 2/ 7/2018 17: 4: 6         280         280         280         280      100000              280    28000000 11413699880    38761538          294.459
 2/ 7/2018 17: 4:21         270         270         270         270      100000              270    27000000 11440699880    38861538          294.396
 2/ 7/2018 17: 4:23         280         280         280         280      100000              280    28000000 11468699880    38961538           294.36
 2/ 7/2018 17: 4:27         270         270         270         270      100000              270    27000000 11495699880    39061538          294.297
 2/ 7/2018 17: 4:28         280         280         280         280      100000              280    28000000 11523699880    39161538          294.261
 2/ 7/2018 17: 4:30         270         270         270         270      100000              270    27000000 11550699880    39261538          294.199
 2/ 7/2018 17: 4:31         280         280         280         280      100000              280    28000000 11578699880    39361538          294.163
 2/ 7/2018 17: 4:44         270         270         270         270      100000              270    27000000 11605699880    39461538          294.102
 2/ 7/2018 17: 4:45         280         280         280         280      100000              280    28000000 11633699880    39561538          294.066
 2/ 7/2018 17: 4:50         270         270         270         270      100000              270    27000000 11660699880    39661538          294.005
 2/ 7/2018 17: 4:51         280         280         280         280      100000              280    28000000 11688699880    39761538           293.97
 2/ 7/2018 17: 4:56         270         270         270         270      100000              270    27000000 11715699880    39861538           293.91
 2/ 7/2018 17: 4:57         280         280         280         280      100000              280    28000000 11743699880    39961538          293.875
 2/ 7/2018 17: 4:58         270         270         270         270      100000              270    27000000 11770699880    40061538          293.815
 2/ 7/2018 17: 5: 0         280         280         280         280      100000              280    28000000 11798699880    40161538          293.781
 2/ 7/2018 17: 5: 1         270         270         270         270      100000              270    27000000 11825699880    40261538          293.722
 2/ 7/2018 17: 5: 3         280         280         280         280      100000              280    28000000 11853699880    40361538          293.688
 2/ 7/2018 17: 5: 4         270         270         270         270      100000              270    27000000 11880699880    40461538          293.629
 2/ 7/2018 17: 5:11         280         280         280         280      100000              280    28000000 11908699880    40561538          293.596
 2/ 7/2018 17: 5:14         270         270         270         270      100000              270    27000000 11935699880    40661538          293.538
 2/ 7/2018 17: 5:15         280         280         280         280      100000              280    28000000 11963699880    40761538          293.505
 2/ 7/2018 17: 5:16         280         280         280         280      100000              280    28000000 11991699880    40861538          293.472
 2/ 7/2018 17: 5:19         270         270         270         270      100000              270    27000000 12018699880    40961538          293.414
 2/ 7/2018 17: 5:20         280         280         280         280      100000              280    28000000 12046699880    41061538          293.382
 2/ 7/2018 17: 5:21         280         280         280         280      100000              280    28000000 12074699880    41161538          293.349
 2/ 7/2018 17: 7: 3         270         270         270         270      100000              270    27000000 12101699880    41261538          293.293
 2/ 7/2018 17: 9:48         280         280         280         280      100000              280    28000000 12129699880    41361538           293.26
 2/ 7/2018 17: 9:49         280         280         280         280      100000              280    28000000 12157699880    41461538          293.228
 2/ 7/2018 17: 9:50         270         270         270         270      100000              270    27000000 12184699880    41561538          293.172
 2/ 7/2018 17: 9:51         270         270         270         270      100000              270    27000000 12211699880    41661538          293.117
 2/ 7/2018 17:10:26         280         280         280         280      100000              280    28000000 12239699880    41761538          293.085
 2/ 7/2018 17:10:27         270         270         270         270      100000              270    27000000 12266699880    41861538           293.03
 2/ 7/2018 17:10:28         280         280         280         280      100000              280    28000000 12294699880    41961538          292.999
 2/ 7/2018 17:10:30         270         270         270         270      100000              270    27000000 12321699880    42061538          292.945
 2/ 7/2018 17:10:31         280         280         280         280      100000              280    28000000 12349699880    42161538          292.914
 2/ 7/2018 17:10:32         280         280         280         280      100000              280    28000000 12377699880    42261538          292.883
 2/ 7/2018 17:10:33         270         270         270         270      100000              270    27000000 12404699880    42361538          292.829
 2/ 7/2018 17:10:35         280         280         280         280      100000              280    28000000 12432699880    42461538          292.799
 2/ 7/2018 17:10:36         280         280         280         280      100000              280    28000000 12460699880    42561538          292.769
 2/ 7/2018 17:10:38         270         270         270         270      100000              270    27000000 12487699880    42661538          292.716
 2/ 7/2018 17:10:45         280         280         280         280      100000              280    28000000 12515699880    42761538          292.686
 2/ 7/2018 17:10:46         270         270         270         270      100000              270    27000000 12542699880    42861538          292.633
 2/ 7/2018 17:10:47         270         270         270         270      100000              270    27000000 12569699880    42961538           292.58
 2/ 7/2018 17:10:48         280         280         280         280      100000              280    28000000 12597699880    43061538          292.551
 2/ 7/2018 17:10:49         270         270         270         270      100000              270    27000000 12624699880    43161538          292.499
 2/ 7/2018 17:10:50         280         280         280         280      100000              280    28000000 12652699880    43261538           292.47
 2/ 7/2018 17:10:51         270         270         270         270      100000              270    27000000 12679699880    43361538          292.418
 2/ 7/2018 17:16: 1         280         280         280         280      100000              280    28000000 12707699880    43461538           292.39
 2/ 7/2018 17:27:15         270         270         270         270      100000              270    27000000 12734699880    43561538          292.338
 2/ 7/2018 17:31:27         280         280         280         280      100000              280    28000000 12762699880    43661538           292.31
 2/ 7/2018 17:54: 8         290         290         290         290      100000              290    29000000 12791699880    43761538          292.305
 2/ 7/2018 17:57:36         280         280         280         280      100000              280    28000000 12819699880    43861538          292.277
 2/ 7/2018 17:58:16         270         270         270         270        7500              270     2025000 12821724880    43869038          292.273
