         Date              Open        High         Low       Close      Volume     Typical Price         V*P    Total VP     Total V        VWAP    Message Count
10/ 7/2018  0: 2: 3         180         180         180         180      100000               180    18000000    18000000      100000         180           1
10/ 7/2018 13: 2:49         180         180         180         180        6600               180     1188000    19188000      106600         180           1
10/ 7/2018 26: 2:46         170         170         170         170        6600               170     1122000    20310000      113200     179.417           1
10/ 7/2018 28: 2:14         180         180         180         180      100000               180    18000000    38310000      213200      179.69           1
10/ 7/2018 38: 2:29         190         190         190         190      100000               190    19000000    57310000      313200     182.982           1
10/ 7/2018 50: 2: 7         190         190         190         190      100000               190    19000000    76310000      413200     184.681           1
10/ 7/2018 52: 2:14         180         180         180         180      100000               180    18000000    94310000      513200     183.769           1
10/ 7/2018 54: 2: 4         190         190         190         190      100000               190    19000000   113310000      613200     184.785           1
11/ 7/2018  0: 2:27         180         180         180         180      100000               180    18000000   131310000      713200     184.114           1
11/ 7/2018  1: 2: 1         180         180         180         180      100000               180    18000000   149310000      813200     183.608           1
11/ 7/2018  7: 2:38         190         190         190         190      100000               190    19000000   168310000      913200     184.308           1
11/ 7/2018 10: 2:53         180         180         180         180      100000               180    18000000   186310000     1013200     183.883           1
14/ 7/2018  0: 2: 1         180         180         180         180      100000               180    18000000   204310000     1113200     183.534           1
14/ 7/2018 52: 2:22         180         180         180         180      100000               180    18000000   222310000     1213200     183.243           1
15/ 7/2018  1: 2:50         190         190         190         190      100000               190    19000000   241310000     1313200     183.757           1
15/ 7/2018  7: 2: 4         180         180         180         180      100000               180    18000000   259310000     1413200     183.491           1
15/ 7/2018 33: 2:27         190         190         190         190      100000               190    19000000   278310000     1513200     183.921           1
15/ 7/2018 43: 2:15         180         180         180         180      100000               180    18000000   296310000     1613200     183.678           1
15/ 7/2018 49: 2:56         190         190         190         190      100000               190    19000000   315310000     1713200     184.047           1
16/ 7/2018  7: 2:40         200         200         200         200      100000               200    20000000   335310000     1813200     184.927           1
16/ 7/2018 20: 2:56         200         200         200         200      100000               200    20000000   355310000     1913200     185.715           1
17/ 7/2018 54: 2:19         190         190         190         190      100000               190    19000000   374310000     2013200     185.928           1
17/ 7/2018 54: 2:52         200         200         200         200      100000               200    20000000   394310000     2113200     186.594           1
