         Date              Open        High         Low       Close      Volume     Typical Price         V*P    Total VP     Total V        VWAP    Message Count
10/ 7/2018  0: 2: 0         130         130          60          60        5000           83.3333      416666      416666        5000     83.3332           2
10/ 7/2018  0: 2: 2          90         150          90         150        2777               130      361010      777676        7777     99.9969           3
10/ 7/2018  0: 2: 3          70          70          70          70       25000                70     1750000     2527676       32777     77.1174           1
10/ 7/2018  7: 2:45          80          80          80          80       40000                80     3200000     5727676       72777     78.7017           1
10/ 7/2018 22: 2:22          80          80          80          80       10000                80      800000     6527676       82777     78.8586           1
10/ 7/2018 25: 2:18          70          70          70          70        2936                70      205520     6733196       85713     78.5551           1
10/ 7/2018 28: 2: 8          70          70          70          70       25000                70     1750000     8483196      110713     76.6233           1
10/ 7/2018 28: 2:24          60          60          60          60        5000                60      300000     8783196      115713      75.905           1
10/ 7/2018 38: 2:18          70          70          70          70       40000                70     2800000    11583196      155713     74.3881           1
10/ 7/2018 39: 2: 7          80          80          80          80        2000                80      160000    11743196      157713     74.4593           1
10/ 7/2018 41: 2:59          90          90          90          90        5006                90      450540    12193736      162719     74.9374           1
10/ 7/2018 47: 2:42          50          50          50          50        3004                50      150200    12343936      165723     74.4854           1
11/ 7/2018 12: 2:19          80          80          80          80       25000                80     2000000    14343936      190723     75.2082           1
11/ 7/2018 12: 2:41          70          70          70          70       25000                70     1750000    16093936      215723     74.6046           1
11/ 7/2018 15: 2:12          60          60          60          60        2500                60      150000    16243936      218223     74.4373           1
11/ 7/2018 17: 2:36          80          80          80          80       25000                80     2000000    18243936      243223     75.0091           1
11/ 7/2018 18: 2: 0          70          70          70          70       25000                70     1750000    19993936      268223     74.5422           1
11/ 7/2018 21: 2:44          80          80          80          80       25000                80     2000000    21993936      293223     75.0075           1
11/ 7/2018 22: 2:13          70          70          70          70       13330                70      933100    22927036      306553     74.7898           1
11/ 7/2018 22: 2:49          70          70          70          70       11670                70      816900    23743936      318223     74.6141           1
11/ 7/2018 23: 2:17          80          80          80          80       25000                80     2000000    25743936      343223     75.0064           1
11/ 7/2018 24: 2: 1          70          70          70          70       25000                70     1750000    27493936      368223     74.6665           1
11/ 7/2018 24: 2:16          80          80          80          80       25000                80     2000000    29493936      393223     75.0056           1
11/ 7/2018 25: 2:11          70          70          70          70       25000                70     1750000    31243936      418223     74.7064           1
11/ 7/2018 38: 2:18          80          80          80          80       25000                80     2000000    33243936      443223      75.005           1
11/ 7/2018 38: 2:27          70          70          70          70       25000                70     1750000    34993936      468223     74.7378           1
11/ 7/2018 39: 2: 8          80          80          80          80       25000                80     2000000    36993936      493223     75.0045           1
11/ 7/2018 47: 2:20          70          70          70          70       25000                70     1750000    38743936      518223     74.7631           1
11/ 7/2018 54: 2: 0          80          80          80          80       25000                80     2000000    40743936      543223     75.0041           1
12/ 7/2018  5: 2:52          70          70          70          70       25000                70     1750000    42493936      568223     74.7839           1
12/ 7/2018  7: 2: 7          80          80          80          80       25000                80     2000000    44493936      593223     75.0037           1
12/ 7/2018  7: 2:27          70          70          70          70       25000                70     1750000    46243936      618223     74.8014           1
12/ 7/2018  7: 2:29          80          80          80          80       25000                80     2000000    48243936      643223     75.0034           1
12/ 7/2018  8: 2:38          70          70          70          70       25000                70     1750000    49993936      668223     74.8162           1
12/ 7/2018 11: 2:11          80          80          80          80       25000                80     2000000    51993936      693223     75.0032           1
12/ 7/2018 11: 2:13          70          70          70          70       25000                70     1750000    53743936      718223      74.829           1
12/ 7/2018 12: 2:33          80          80          80          80       25000                80     2000000    55743936      743223      75.003           1
12/ 7/2018 14: 2:31         100         100         100         100        9862               100      986200    56730136      753085     75.3303           1
14/ 7/2018  0: 2: 0         100         100         100         100        5000               100      500000    57230136      758085      75.493           1
14/ 7/2018  0: 2: 1          80          80          80          80       25000                80     2000000    59230136      783085     75.6369           1
14/ 7/2018  0: 2: 2         100         100         100         100         800               100       80000    59310136      783885     75.6618           1
14/ 7/2018  8: 2: 5         140         140         140         140        9862               140     1380680    60690816      793747     76.4612           1
14/ 7/2018 23: 2:58          70          70          70          70       13505                70      945350    61636166      807252     76.3531           1
15/ 7/2018  6: 2: 5          90          90          90          90        5000                90      450000    62086166      812252     76.4371           1
16/ 7/2018 10: 2: 5          70          70          70          70       11495                70      804650    62890816      823747     76.3472           1
16/ 7/2018 20: 2:19          70          70          70          70        5000                70      350000    63240816      828747      76.309           1
16/ 7/2018 52: 2:52          80          80          80          80       25000                80     2000000    65240816      853747      76.417           1
16/ 7/2018 52: 2:53          70          70          70          70       25000                70     1750000    66990816      878747     76.2345           1
16/ 7/2018 55: 2: 4          80          80          80          80       25000                80     2000000    68990816      903747     76.3386           1
16/ 7/2018 58: 2:43          70          70          70          70       25000                70     1750000    70740816      928747      76.168           1
17/ 7/2018  0: 2: 3          80          80          80          80       25000                80     2000000    72740816      953747     76.2685           1
17/ 7/2018 39: 2:48          60          60          60          60       15500                60      930000    73670816      969247     76.0083           1
17/ 7/2018 57: 2:18          70          70          70          70       25000                70     1750000    75420816      994247     75.8572           1
17/ 7/2018 59: 2:48          80          80          80          80       25000                80     2000000    77420816     1019247     75.9588           1
17/ 7/2018 59: 2:53          70          70          70          70       25000                70     1750000    79170816     1044247     75.8162           1
