         Date              Open        High         Low       Close      Volume     Typical Price         V*P    Total VP     Total V        VWAP    Message Count
10/ 7/2018  0: 2: 1         100         130         100         130          30               120        3600        3600          30         120           6
10/ 7/2018  0: 2:24         130         130         130         130       99970               130    12996100    12999700      100000     129.997           1
10/ 7/2018  2: 2:41         130         130         130         130        2999               130      389870    13389570      102999     129.997           1
10/ 7/2018  3: 2:41         120         120         120         120        3000               120      360000    13749570      105999     129.714           1
10/ 7/2018  4: 2: 5         120         120         120         120       50000               120     6000000    19749570      155999     126.601           1
10/ 7/2018  6: 2:17         130         130         130         130       94970               130    12346100    32095670      250969     127.887           1
10/ 7/2018  7: 2:47         120         120         120         120       15000               120     1800000    33895670      265969     127.442           1
10/ 7/2018  8: 2: 2         120         120         120         120       10000               120     1200000    35095670      275969     127.173           1
10/ 7/2018 10: 2:42         110         110         110         110       15000               110     1650000    36745670      290969     126.287           1
10/ 7/2018 19: 2:43         120         120         120         120       16971               120     2036520    38782190      307940     125.941           1
10/ 7/2018 19: 2:54         120         120         120         120      100000               120    12000000    50782190      407940     124.484           1
10/ 7/2018 20: 2:49         130         130         130         130      100000               130    13000000    63782190      507940      125.57           1
10/ 7/2018 20: 2:50         120         120         120         120      100000               120    12000000    75782190      607940     124.654           1
10/ 7/2018 20: 2:54         130         130         130         130      100000               130    13000000    88782190      707940     125.409           1
10/ 7/2018 20: 2:55         120         120         120         120      100000               120    12000000   100782190      807940      124.74           1
10/ 7/2018 21: 2: 6         130         130         130         130      100000               130    13000000   113782190      907940     125.319           1
10/ 7/2018 21: 2:51         120         120         120         120      100000               120    12000000   125782190     1007940     124.791           1
10/ 7/2018 22: 2: 2         130         130         130         130      100000               130    13000000   138782190     1107940     125.261           1
10/ 7/2018 22: 2: 3         120         120         120         120      100000               120    12000000   150782190     1207940     124.826           1
10/ 7/2018 22: 2: 7         130         130         130         130      100000               130    13000000   163782190     1307940     125.221           1
10/ 7/2018 22: 2: 8         120         120         120         120      100000               120    12000000   175782190     1407940     124.851           1
10/ 7/2018 22: 2: 9         130         130         130         130      100000               130    13000000   188782190     1507940     125.192           1
10/ 7/2018 22: 2:13         120         120         120         120      100000               120    12000000   200782190     1607940     124.869           1
10/ 7/2018 22: 2:16         130         130         130         130      100000               130    13000000   213782190     1707940      125.17           1
10/ 7/2018 22: 2:19         120         120         120         120      100000               120    12000000   225782190     1807940     124.884           1
10/ 7/2018 22: 2:21         130         130         130         130      100000               130    13000000   238782190     1907940     125.152           1
10/ 7/2018 22: 2:23         120         120         120         120      100000               120    12000000   250782190     2007940     124.895           1
10/ 7/2018 23: 2: 1         130         130         120         120      100000           123.333    12333333   263115523     2107940     124.821           2
10/ 7/2018 23: 2: 6         130         130         130         130      100000               130    13000000   276115523     2207940     125.056           1
10/ 7/2018 23: 2: 7         120         120         120         120      100000               120    12000000   288115523     2307940     124.837           1
10/ 7/2018 23: 2:12         130         130         130         130      100000               130    13000000   301115523     2407940     125.051           1
10/ 7/2018 23: 2:13         120         120         120         120      100000               120    12000000   313115523     2507940      124.85           1
10/ 7/2018 23: 2:15         130         130         130         130       95000               130    12350000   325465523     2602940     125.038           1
10/ 7/2018 23: 2:17         120         130         120         130       95000           126.667    12033333   337498856     2697940     125.095           2
10/ 7/2018 23: 2:18         120         120         120         120       95000               120    11400000   348898856     2792940     124.922           1
10/ 7/2018 23: 2:19         130         130         130         130       95000               130    12350000   361248856     2887940     125.089           1
10/ 7/2018 23: 2:20         120         120         120         120       95000               120    11400000   372648856     2982940     124.927           1
10/ 7/2018 23: 2:48         130         140         130         140       30000           136.667     4099999   376748855     3012940     125.044           2
10/ 7/2018 23: 2:49         120         120         120         120       95000               120    11400000   388148855     3107940     124.889           1
10/ 7/2018 24: 2:28         130         130         130         130       95000               130    12350000   400498855     3202940     125.041           1
10/ 7/2018 24: 2:29         120         120         120         120       95000               120    11400000   411898855     3297940     124.896           1
10/ 7/2018 24: 2:31         130         130         130         130       95000               130    12350000   424248855     3392940     125.039           1
10/ 7/2018 24: 2:32         120         120         120         120       95000               120    11400000   435648855     3487940     124.901           1
10/ 7/2018 24: 2:45         130         130         130         130       95000               130    12350000   447998855     3582940     125.037           1
10/ 7/2018 24: 2:46         120         120         120         120       95000               120    11400000   459398855     3677940     124.907           1
10/ 7/2018 25: 2: 0         130         130         130         130       95000               130    12350000   471748855     3772940     125.035           1
10/ 7/2018 25: 2: 1         120         120         120         120       95000               120    11400000   483148855     3867940     124.911           1
10/ 7/2018 25: 2:40         130         130         130         130       95000               130    12350000   495498855     3962940     125.033           1
10/ 7/2018 25: 2:43         120         120         120         120       95000               120    11400000   506898855     4057940     124.915           1
10/ 7/2018 25: 2:45         130         130         130         130       95000               130    12350000   519248855     4152940     125.032           1
10/ 7/2018 25: 2:50         120         120         120         120       95000               120    11400000   530648855     4247940     124.919           1
10/ 7/2018 25: 2:51         130         130         130         130       95000               130    12350000   542998855     4342940      125.03           1
10/ 7/2018 26: 2:52         120         120         120         120       95000               120    11400000   554398855     4437940     124.923           1
10/ 7/2018 27: 2:12         130         130         130         130       95000               130    12350000   566748855     4532940     125.029           1
10/ 7/2018 27: 2:16         120         120         120         120       95000               120    11400000   578148855     4627940     124.926           1
10/ 7/2018 27: 2:32         130         130         130         130       95000               130    12350000   590498855     4722940     125.028           1
10/ 7/2018 49: 2:54         120         120         120         120       95000               120    11400000   601898855     4817940     124.929           1
10/ 7/2018 49: 2:56         130         130         130         130       95000               130    12350000   614248855     4912940     125.027           1
10/ 7/2018 50: 2: 2         120         120         120         120       95000               120    11400000   625648855     5007940     124.931           1
10/ 7/2018 50: 2:49         130         130         130         130       95000               130    12350000   637998855     5102940     125.026           1
10/ 7/2018 50: 2:50         120         120         120         120       95000               120    11400000   649398855     5197940     124.934           1
10/ 7/2018 51: 2: 2         130         130         130         130       95000               130    12350000   661748855     5292940     125.025           1
10/ 7/2018 51: 2: 4         120         120         120         120       95000               120    11400000   673148855     5387940     124.936           1
10/ 7/2018 51: 2: 5         130         130         130         130       95000               130    12350000   685498855     5482940     125.024           1
10/ 7/2018 51: 2:14         120         120         120         120       95000               120    11400000   696898855     5577940     124.938           1
10/ 7/2018 51: 2:28         130         130         130         130       95000               130    12350000   709248855     5672940     125.023           1
10/ 7/2018 51: 2:29         120         120         120         120       95000               120    11400000   720648855     5767940      124.94           1
10/ 7/2018 51: 2:30         130         130         130         130       95000               130    12350000   732998855     5862940     125.022           1
10/ 7/2018 53: 2:54         120         120         120         120       95000               120    11400000   744398855     5957940     124.942           1
10/ 7/2018 54: 2:27         130         130         120         120       95000           123.333    11716666   756115521     6052940     124.917           2
10/ 7/2018 54: 2:54         130         130         130         130       95000               130    12350000   768465521     6147940     124.996           1
10/ 7/2018 54: 2:55         120         120         120         120       95000               120    11400000   779865521     6242940      124.92           1
10/ 7/2018 56: 2:15         130         130         130         130       95000               130    12350000   792215521     6337940     124.996           1
10/ 7/2018 56: 2:16         120         120         120         120       95000               120    11400000   803615521     6432940     124.922           1
10/ 7/2018 56: 2:23         130         130         130         130       95000               130    12350000   815965521     6527940     124.996           1
10/ 7/2018 56: 2:24         120         120         120         120       95000               120    11400000   827365521     6622940     124.924           1
10/ 7/2018 56: 2:59         120         120         120         120        8333               120      999960   828365481     6631273     124.918           1
10/ 7/2018 58: 2: 2         130         130         130         130       95000               130    12350000   840715481     6726273      124.99           1
10/ 7/2018 58: 2: 3         120         120         120         120       95000               120    11400000   852115481     6821273      124.92           1
11/ 7/2018  0: 2: 5         120         120         120         120        1667               120      200040   852315521     6822940     124.919           1
11/ 7/2018  0: 2:19         130         130         130         130       95000               130    12350000   864665521     6917940     124.989           1
11/ 7/2018  0: 2:20         120         120         120         120       95000               120    11400000   876065521     7012940     124.921           1
11/ 7/2018  0: 2:38         130         130         130         130       95000               130    12350000   888415521     7107940     124.989           1
11/ 7/2018  0: 2:39         120         120         120         120       95000               120    11400000   899815521     7202940     124.923           1
11/ 7/2018  0: 2:55         130         130         130         130       95000               130    12350000   912165521     7297940     124.989           1
11/ 7/2018  0: 2:56         120         120         120         120       95000               120    11400000   923565521     7392940     124.925           1
11/ 7/2018  1: 2: 6         130         130         130         130       95000               130    12350000   935915521     7487940      124.99           1
11/ 7/2018  7: 2:51         120         120         120         120       95000               120    11400000   947315521     7582940     124.927           1
11/ 7/2018  7: 2:57         130         130         120         120       95000           123.333    11716666   959032187     7677940     124.907           2
11/ 7/2018  7: 2:58         130         130         130         130       95000               130    12350000   971382187     7772940      124.97           1
11/ 7/2018  8: 2: 0         120         120         120         120       95000               120    11400000   982782187     7867940      124.91           1
11/ 7/2018  8: 2: 5         130         130         130         130       95000               130    12350000   995132187     7962940      124.97           1
11/ 7/2018  8: 2: 8         120         120         120         120       95000               120    11400000  1006532187     8057940     124.912           1
11/ 7/2018  8: 2:31         130         130         130         130       95000               130    12350000  1018882187     8152940     124.971           1
11/ 7/2018  8: 2:35         120         120         120         120       95000               120    11400000  1030282187     8247940     124.914           1
11/ 7/2018  8: 2:42         130         130         130         130       95000               130    12350000  1042632187     8342940     124.972           1
11/ 7/2018  8: 2:46         120         120         120         120       95000               120    11400000  1054032187     8437940     124.916           1
11/ 7/2018  8: 2:54         130         130         130         130       95000               130    12350000  1066382187     8532940     124.972           1
11/ 7/2018  8: 2:57         120         120         120         120       95000               120    11400000  1077782187     8627940     124.918           1
11/ 7/2018  9: 2:15         130         130         130         130       95000               130    12350000  1090132187     8722940     124.973           1
11/ 7/2018  9: 2:16         120         120         120         120       95000               120    11400000  1101532187     8817940     124.919           1
11/ 7/2018  9: 2:29         130         130         130         130       95000               130    12350000  1113882187     8912940     124.974           1
11/ 7/2018  9: 2:32         120         120         120         120       95000               120    11400000  1125282187     9007940     124.921           1
11/ 7/2018  9: 2:37         130         130         130         130       95000               130    12350000  1137632187     9102940     124.974           1
11/ 7/2018  9: 2:38         120         120         120         120       95000               120    11400000  1149032187     9197940     124.923           1
11/ 7/2018  9: 2:44         130         130         130         130       95000               130    12350000  1161382187     9292940     124.975           1
11/ 7/2018  9: 2:45         120         120         120         120       95000               120    11400000  1172782187     9387940     124.924           1
11/ 7/2018  9: 2:59         130         130         130         130       95000               130    12350000  1185132187     9482940     124.975           1
11/ 7/2018 10: 2: 0         120         120         120         120       95000               120    11400000  1196532187     9577940     124.926           1
11/ 7/2018 10: 2: 9         130         130         130         130       95000               130    12350000  1208882187     9672940     124.976           1
11/ 7/2018 10: 2:11         120         120         120         120       95000               120    11400000  1220282187     9767940     124.927           1
11/ 7/2018 10: 2:27         130         130         130         130       95000               130    12350000  1232632187     9862940     124.976           1
11/ 7/2018 10: 2:29         120         120         120         120       95000               120    11400000  1244032187     9957940     124.929           1
11/ 7/2018 10: 2:34         130         130         130         130       95000               130    12350000  1256382187    10052940     124.977           1
11/ 7/2018 10: 2:36         120         130         120         130       95000           126.667    12033333  1268415520    10147940     124.992           2
11/ 7/2018 10: 2:37         120         120         120         120       95000               120    11400000  1279815520    10242940     124.946           1
11/ 7/2018 10: 2:38         130         130         130         130       95000               130    12350000  1292165520    10337940     124.993           1
11/ 7/2018 10: 2:41         120         130         120         130       95000           126.667    12033333  1304198853    10432940     125.008           2
12/ 7/2018 13: 2:29         120         120         120         120       95000               120    11400000  1315598853    10527940     124.963           1
12/ 7/2018 13: 2:49         130         130         130         130       95000               130    12350000  1327948853    10622940     125.008           1
12/ 7/2018 13: 2:59         120         120         120         120       95000               120    11400000  1339348853    10717940     124.963           1
12/ 7/2018 14: 2:12         130         130         130         130       95000               130    12350000  1351698853    10812940     125.008           1
12/ 7/2018 14: 2:13         120         120         120         120       95000               120    11400000  1363098853    10907940     124.964           1
12/ 7/2018 14: 2:19         130         130         130         130       95000               130    12350000  1375448853    11002940     125.007           1
12/ 7/2018 14: 2:20         120         120         120         120       95000               120    11400000  1386848853    11097940     124.965           1
12/ 7/2018 14: 2:21         130         130         130         130       95000               130    12350000  1399198853    11192940     125.007           1
12/ 7/2018 14: 2:22         120         120         120         120       95000               120    11400000  1410598853    11287940     124.965           1
12/ 7/2018 14: 2:25         130         130         130         130       95000               130    12350000  1422948853    11382940     125.007           1
12/ 7/2018 14: 2:26         120         120         120         120       95000               120    11400000  1434348853    11477940     124.966           1
12/ 7/2018 14: 2:29         130         130         130         130       95000               130    12350000  1446698853    11572940     125.007           1
12/ 7/2018 14: 2:31         120         120         120         120       95000               120    11400000  1458098853    11667940     124.966           1
12/ 7/2018 15: 2:20         130         130         130         130       95000               130    12350000  1470448853    11762940     125.007           1
12/ 7/2018 15: 2:21         120         120         120         120       95000               120    11400000  1481848853    11857940     124.967           1
12/ 7/2018 15: 2:22         130         130         130         130       95000               130    12350000  1494198853    11952940     125.007           1
12/ 7/2018 15: 2:23         120         120         120         120       95000               120    11400000  1505598853    12047940     124.967           1
12/ 7/2018 15: 2:25         130         130         130         130       95000               130    12350000  1517948853    12142940     125.007           1
12/ 7/2018 15: 2:26         120         120         120         120       95000               120    11400000  1529348853    12237940     124.968           1
12/ 7/2018 15: 2:42         130         130         130         130       95000               130    12350000  1541698853    12332940     125.007           1
12/ 7/2018 15: 2:45         120         120         120         120       95000               120    11400000  1553098853    12427940     124.968           1
12/ 7/2018 15: 2:46         130         130         130         130       95000               130    12350000  1565448853    12522940     125.006           1
12/ 7/2018 15: 2:48         120         120         120         120       95000               120    11400000  1576848853    12617940     124.969           1
12/ 7/2018 15: 2:53         130         130         130         130       95000               130    12350000  1589198853    12712940     125.006           1
12/ 7/2018 15: 2:55         120         120         120         120       95000               120    11400000  1600598853    12807940     124.969           1
12/ 7/2018 15: 2:59         130         130         130         130       95000               130    12350000  1612948853    12902940     125.006           1
12/ 7/2018 16: 2:34         120         120         120         120       95000               120    11400000  1624348853    12997940      124.97           1
12/ 7/2018 16: 2:35         130         130         130         130       95000               130    12350000  1636698853    13092940     125.006           1
12/ 7/2018 16: 2:36         120         120         120         120       95000               120    11400000  1648098853    13187940      124.97           1
12/ 7/2018 16: 2:38         130         130         130         130       95000               130    12350000  1660448853    13282940     125.006           1
12/ 7/2018 16: 2:44         120         120         120         120       95000               120    11400000  1671848853    13377940     124.971           1
12/ 7/2018 16: 2:47         130         130         130         130       95000               130    12350000  1684198853    13472940     125.006           1
12/ 7/2018 16: 2:51         120         120         120         120       95000               120    11400000  1695598853    13567940     124.971           1
12/ 7/2018 16: 2:54         130         130         130         130       95000               130    12350000  1707948853    13662940     125.006           1
12/ 7/2018 16: 2:55         120         120         120         120       95000               120    11400000  1719348853    13757940     124.971           1
12/ 7/2018 16: 2:57         130         130         130         130       95000               130    12350000  1731698853    13852940     125.006           1
12/ 7/2018 22: 2:48         120         120         120         120       95000               120    11400000  1743098853    13947940     124.972           1
12/ 7/2018 22: 2:49         130         130         130         130       95000               130    12350000  1755448853    14042940     125.006           1
12/ 7/2018 27: 2:47         120         120         120         120       95000               120    11400000  1766848853    14137940     124.972           1
12/ 7/2018 27: 2:49         130         130         130         130       95000               130    12350000  1779198853    14232940     125.006           1
12/ 7/2018 27: 2:50         120         120         120         120       95000               120    11400000  1790598853    14327940     124.973           1
12/ 7/2018 27: 2:52         130         130         130         130       95000               130    12350000  1802948853    14422940     125.006           1
12/ 7/2018 27: 2:53         120         120         120         120       95000               120    11400000  1814348853    14517940     124.973           1
12/ 7/2018 27: 2:57         130         130         130         130       95000               130    12350000  1826698853    14612940     125.006           1
12/ 7/2018 27: 2:59         120         120         120         120       95000               120    11400000  1838098853    14707940     124.973           1
12/ 7/2018 28: 2:13         130         130         130         130       95000               130    12350000  1850448853    14802940     125.005           1
12/ 7/2018 28: 2:14         120         120         120         120       95000               120    11400000  1861848853    14897940     124.974           1
12/ 7/2018 28: 2:37         130         130         130         130       95000               130    12350000  1874198853    14992940     125.005           1
12/ 7/2018 28: 2:57         120         120         120         120       95000               120    11400000  1885598853    15087940     124.974           1
12/ 7/2018 29: 2:35         130         130         130         130       95000               130    12350000  1897948853    15182940     125.005           1
12/ 7/2018 29: 2:36         120         120         120         120       95000               120    11400000  1909348853    15277940     124.974           1
12/ 7/2018 29: 2:41         130         130         130         130       95000               130    12350000  1921698853    15372940     125.005           1
12/ 7/2018 30: 2:17         120         120         120         120       95000               120    11400000  1933098853    15467940     124.975           1
12/ 7/2018 30: 2:36         130         130         130         130       95000               130    12350000  1945448853    15562940     125.005           1
12/ 7/2018 31: 2: 7         120         120         120         120         270               120       32400  1945481253    15563210     125.005           1
12/ 7/2018 44: 2:50         130         130         130         130         400               130       52000  1945533253    15563610     125.005           1
12/ 7/2018 52: 2:41         120         120         120         120         100               120       12000  1945545253    15563710     125.005           1
14/ 7/2018  0: 2: 1         120         120         120         120         100               120       12000  1945557253    15563810     125.005           1
14/ 7/2018  0: 2:31         130         130         130         130      100000               130    13000000  1958557253    15663810     125.037           1
14/ 7/2018  3: 2:39         130         130         130         130       10000               130     1300000  1959857253    15673810      125.04           1
14/ 7/2018  3: 2:47         140         140         140         140       10000               140     1400000  1961257253    15683810      125.05           1
14/ 7/2018 16: 2: 2         120         120         120         120       99900               120    11988000  1973245253    15783710     125.018           1
14/ 7/2018 16: 2:10         130         130         130         130       99900               130    12987000  1986232253    15883610     125.049           1
14/ 7/2018 24: 2:55         120         120         120         120         100               120       12000  1986244253    15883710     125.049           1
14/ 7/2018 25: 2: 6         130         130         130         130        5000               130      650000  1986894253    15888710     125.051           1
15/ 7/2018  1: 2:47         120         120         120         120        2000               120      240000  1987134253    15890710      125.05           1
15/ 7/2018 35: 2: 2         120         120         120         120       97800               120    11736000  1998870253    15988510     125.019           1
15/ 7/2018 35: 2: 4         130         130         130         130       97800               130    12714000  2011584253    16086310     125.049           1
15/ 7/2018 35: 2: 7         120         120         120         120       97800               120    11736000  2023320253    16184110     125.019           1
15/ 7/2018 35: 2:12         130         130         130         130       97800               130    12714000  2036034253    16281910     125.049           1
15/ 7/2018 35: 2:15         120         120         120         120       97800               120    11736000  2047770253    16379710     125.019           1
15/ 7/2018 35: 2:18         130         130         130         130       97800               130    12714000  2060484253    16477510     125.048           1
15/ 7/2018 35: 2:22         120         120         120         120       97800               120    11736000  2072220253    16575310     125.018           1
15/ 7/2018 35: 2:27         130         130         130         130       97800               130    12714000  2084934253    16673110     125.048           1
15/ 7/2018 35: 2:28         120         120         120         120       97800               120    11736000  2096670253    16770910     125.018           1
15/ 7/2018 35: 2:34         130         130         130         130       97800               130    12714000  2109384253    16868710     125.047           1
15/ 7/2018 54: 2:45         130         130         130         130        5000               130      650000  2110034253    16873710     125.049           1
15/ 7/2018 55: 2: 3         130         130         130         130        4000               130      520000  2110554253    16877710      125.05           1
15/ 7/2018 59: 2:37         120         120         120         120        1000               120      120000  2110674253    16878710      125.05           1
16/ 7/2018  7: 2:46         120         120         120         120       96800               120    11616000  2122290253    16975510     125.021           1
16/ 7/2018  8: 2: 2         130         130         130         130       96800               130    12584000  2134874253    17072310     125.049           1
16/ 7/2018  8: 2: 3         120         120         120         120       96800               120    11616000  2146490253    17169110      125.02           1
16/ 7/2018  8: 2: 7         130         130         130         130       96800               130    12584000  2159074253    17265910     125.048           1
16/ 7/2018  8: 2: 9         120         120         120         120       96800               120    11616000  2170690253    17362710      125.02           1
16/ 7/2018  8: 2:10         130         130         130         130       96800               130    12584000  2183274253    17459510     125.048           1
16/ 7/2018  8: 2:12         120         120         120         120       96800               120    11616000  2194890253    17556310      125.02           1
16/ 7/2018  8: 2:14         130         130         130         130       96800               130    12584000  2207474253    17653110     125.047           1
16/ 7/2018  8: 2:16         120         120         120         120       96800               120    11616000  2219090253    17749910      125.02           1
16/ 7/2018  8: 2:18         130         130         130         130       96800               130    12584000  2231674253    17846710     125.047           1
16/ 7/2018  8: 2:20         120         120         120         120       96800               120    11616000  2243290253    17943510      125.02           1
16/ 7/2018  8: 2:27         130         130         130         130       96800               130    12584000  2255874253    18040310     125.046           1
16/ 7/2018  8: 2:28         120         120         120         120       96800               120    11616000  2267490253    18137110     125.019           1
16/ 7/2018  8: 2:29         130         130         130         130       96800               130    12584000  2280074253    18233910     125.046           1
16/ 7/2018  8: 2:56         120         120         120         120       96800               120    11616000  2291690253    18330710     125.019           1
16/ 7/2018  8: 2:59         130         130         130         130       96800               130    12584000  2304274253    18427510     125.045           1
16/ 7/2018  9: 2: 6         120         120         120         120       96800               120    11616000  2315890253    18524310     125.019           1
16/ 7/2018  9: 2:28         130         130         130         130       96800               130    12584000  2328474253    18621110     125.045           1
16/ 7/2018  9: 2:29         120         120         120         120       96800               120    11616000  2340090253    18717910     125.019           1
16/ 7/2018  9: 2:51         130         130         130         130       96800               130    12584000  2352674253    18814710     125.044           1
16/ 7/2018  9: 2:52         120         120         120         120       96800               120    11616000  2364290253    18911510     125.019           1
16/ 7/2018  9: 2:58         130         130         130         130       96800               130    12584000  2376874253    19008310     125.044           1
16/ 7/2018  9: 2:59         120         120         120         120       96800               120    11616000  2388490253    19105110     125.018           1
16/ 7/2018 11: 2: 3         120         120         120         120           1               120         120  2388490373    19105111     125.018           1
16/ 7/2018 16: 2:42         130         130         130         130       96800               130    12584000  2401074373    19201911     125.044           1
16/ 7/2018 16: 2:43         120         120         120         120       96800               120    11616000  2412690373    19298711     125.018           1
16/ 7/2018 16: 2:47         130         130         130         130       96800               130    12584000  2425274373    19395511     125.043           1
16/ 7/2018 16: 2:48         120         120         120         120       96800               120    11616000  2436890373    19492311     125.018           1
16/ 7/2018 16: 2:54         120         120         120         120       50000               120     6000000  2442890373    19542311     125.005           1
16/ 7/2018 17: 2: 8         130         130         130         130       96800               130    12584000  2455474373    19639111      125.03           1
16/ 7/2018 17: 2: 9         120         120         120         120       96800               120    11616000  2467090373    19735911     125.005           1
16/ 7/2018 17: 2:19         120         120         120         120       96800               120    11616000  2478706373    19832711     124.981           1
16/ 7/2018 17: 2:43         130         130         130         130       96800               130    12584000  2491290373    19929511     125.005           1
16/ 7/2018 17: 2:44         120         120         120         120       96800               120    11616000  2502906373    20026311     124.981           1
16/ 7/2018 18: 2:11         130         130         130         130       96800               130    12584000  2515490373    20123111     125.005           1
16/ 7/2018 18: 2:12         120         120         120         120       96800               120    11616000  2527106373    20219911     124.981           1
16/ 7/2018 18: 2:18         130         130         130         130       96800               130    12584000  2539690373    20316711     125.005           1
16/ 7/2018 18: 2:20         120         120         120         120       96800               120    11616000  2551306373    20413511     124.981           1
16/ 7/2018 18: 2:32         110         110         110         110       50000               110     5500000  2556806373    20463511     124.945           1
16/ 7/2018 18: 2:40         130         130         130         130       96800               130    12584000  2569390373    20560311     124.968           1
16/ 7/2018 18: 2:41         120         120         120         120       96800               120    11616000  2581006373    20657111     124.945           1
16/ 7/2018 19: 2: 9         130         130         130         130       96800               130    12584000  2593590373    20753911     124.969           1
16/ 7/2018 19: 2:10         120         120         120         120       96800               120    11616000  2605206373    20850711     124.946           1
16/ 7/2018 19: 2:14         130         130         130         130       96800               130    12584000  2617790373    20947511     124.969           1
16/ 7/2018 19: 2:15         120         120         120         120       96800               120    11616000  2629406373    21044311     124.946           1
16/ 7/2018 19: 2:17         130         130         130         130       96800               130    12584000  2641990373    21141111     124.969           1
16/ 7/2018 19: 2:18         120         120         120         120       96800               120    11616000  2653606373    21237911     124.947           1
16/ 7/2018 20: 2: 7         130         130         130         130       96800               130    12584000  2666190373    21334711      124.97           1
16/ 7/2018 20: 2: 8         120         120         120         120       96800               120    11616000  2677806373    21431511     124.947           1
16/ 7/2018 20: 2: 9         130         130         130         130       96800               130    12584000  2690390373    21528311      124.97           1
16/ 7/2018 20: 2:10         120         120         120         120       96800               120    11616000  2702006373    21625111     124.948           1
16/ 7/2018 21: 2:24         130         130         130         130       96800               130    12584000  2714590373    21721911      124.97           1
16/ 7/2018 21: 2:25         120         120         120         120       96800               120    11616000  2726206373    21818711     124.948           1
16/ 7/2018 21: 2:29         130         130         130         130       96800               130    12584000  2738790373    21915511      124.97           1
16/ 7/2018 21: 2:32         120         120         120         120       96800               120    11616000  2750406373    22012311     124.949           1
16/ 7/2018 21: 2:34         130         130         130         130       96800               130    12584000  2762990373    22109111     124.971           1
16/ 7/2018 22: 2:23         120         120         120         120       96800               120    11616000  2774606373    22205911     124.949           1
16/ 7/2018 22: 2:28         130         130         130         130       96800               130    12584000  2787190373    22302711     124.971           1
16/ 7/2018 22: 2:31         120         120         120         120       96800               120    11616000  2798806373    22399511     124.949           1
16/ 7/2018 22: 2:42         130         130         130         130       96800               130    12584000  2811390373    22496311     124.971           1
16/ 7/2018 25: 2:26         120         120         120         120       96800               120    11616000  2823006373    22593111      124.95           1
16/ 7/2018 25: 2:42         130         130         130         130       96800               130    12584000  2835590373    22689911     124.971           1
16/ 7/2018 25: 2:43         120         120         120         120       96800               120    11616000  2847206373    22786711      124.95           1
16/ 7/2018 25: 2:58         130         130         130         130       96800               130    12584000  2859790373    22883511     124.972           1
16/ 7/2018 26: 2: 2         120         120         120         120       96800               120    11616000  2871406373    22980311     124.951           1
16/ 7/2018 26: 2:35         130         130         130         130       96800               130    12584000  2883990373    23077111     124.972           1
16/ 7/2018 26: 2:36         120         120         120         120       96800               120    11616000  2895606373    23173911     124.951           1
16/ 7/2018 26: 2:40         130         130         130         130       96800               130    12584000  2908190373    23270711     124.972           1
16/ 7/2018 26: 2:41         120         120         120         120       96800               120    11616000  2919806373    23367511     124.952           1
16/ 7/2018 27: 2:20         130         130         130         130       96800               130    12584000  2932390373    23464311     124.972           1
16/ 7/2018 27: 2:22         120         120         120         120       96800               120    11616000  2944006373    23561111     124.952           1
16/ 7/2018 27: 2:33         130         130         130         130       96800               130    12584000  2956590373    23657911     124.973           1
16/ 7/2018 27: 2:35         120         120         120         120       96800               120    11616000  2968206373    23754711     124.952           1
16/ 7/2018 27: 2:43         130         130         130         130       96800               130    12584000  2980790373    23851511     124.973           1
16/ 7/2018 27: 2:44         120         120         120         120       96800               120    11616000  2992406373    23948311     124.953           1
16/ 7/2018 27: 2:57         130         130         130         130       96800               130    12584000  3004990373    24045111     124.973           1
16/ 7/2018 27: 2:58         120         120         120         120       96800               120    11616000  3016606373    24141911     124.953           1
16/ 7/2018 28: 2:23         130         130         130         130       96800               130    12584000  3029190373    24238711     124.973           1
16/ 7/2018 28: 2:24         120         120         120         120       96800               120    11616000  3040806373    24335511     124.953           1
17/ 7/2018 41: 2:49         110         110         110         110         280               110       30800  3040837173    24335791     124.953           1
17/ 7/2018 54: 2: 0         110         110         110         110         100               110       11000  3040848173    24335891     124.953           1
