         Date              Open        High         Low       Close      Volume     Typical Price         V*P    Total VP     Total V        VWAP    Message Count
10/ 7/2018  0: 2: 3         180         180         180         180      100000               180    18000000    18000000      100000         180           1
10/ 7/2018 23: 2:33          10          10          10          10      100000                10     1000000    19000000      200000          95           1
10/ 7/2018 28: 2:14         180         180         180         180      100000               180    18000000    37000000      300000     123.333           1
11/ 7/2018  8: 2: 7         190         190         190         190      100000               190    19000000    56000000      400000         140           1
11/ 7/2018 19: 2:27         200         200         200         200      100000               200    20000000    76000000      500000         152           1
11/ 7/2018 21: 2:14         190         190         190         190      100000               190    19000000    95000000      600000     158.333           1
11/ 7/2018 21: 2:17         200         200         200         200      100000               200    20000000   115000000      700000     164.286           1
11/ 7/2018 21: 2:18         190         190         190         190      100000               190    19000000   134000000      800000       167.5           1
11/ 7/2018 21: 2:28         200         200         200         200      100000               200    20000000   154000000      900000     171.111           1
11/ 7/2018 23: 2: 9         190         190         190         190      100000               190    19000000   173000000     1000000         173           1
12/ 7/2018 11: 2:33         180         180         180         180      100000               180    18000000   191000000     1100000     173.636           1
12/ 7/2018 13: 2: 5         190         190         190         190      100000               190    19000000   210000000     1200000         175           1
12/ 7/2018 14: 2: 3         180         180         180         180      100000               180    18000000   228000000     1300000     175.385           1
12/ 7/2018 15: 2:28         190         190         190         190      100000               190    19000000   247000000     1400000     176.429           1
12/ 7/2018 15: 2:44         180         180         180         180      100000               180    18000000   265000000     1500000     176.667           1
14/ 7/2018  0: 2: 1         180         180         180         180      100000               180    18000000   283000000     1600000     176.875           1
16/ 7/2018  6: 2:26         170         170         170         170      100000               170    17000000   300000000     1700000     176.471           1
17/ 7/2018  9: 2:55         180         180         180         180      100000               180    18000000   318000000     1800000     176.667           1
17/ 7/2018  9: 2:56         170         170         170         170      100000               170    17000000   335000000     1900000     176.316           1
17/ 7/2018  9: 2:57         180         180         180         180      100000               180    18000000   353000000     2000000       176.5           1
17/ 7/2018 11: 2:43         170         170         170         170      100000               170    17000000   370000000     2100000      176.19           1
