         Date              Open        High         Low       Close      Volume    Typical Price         V*P    Total VP     Total V            VWAP
 2/ 7/2018 10: 0: 0         190         190         190         190        5000              190      950000      950000        5000              190
 2/ 7/2018 10: 0: 3         200         200         200         200       50000              200    10000000    10950000       55000          199.091
 2/ 7/2018 10: 0:41         190         190         190         190       45000              190     8550000    19500000      100000              195
 2/ 7/2018 10: 1: 3         190         190         190         190       10000              190     1900000    21400000      110000          194.545
 2/ 7/2018 10: 8:59         260         260         260         260        2000              260      520000    21920000      112000          195.714
 2/ 7/2018 10:16:29         200         200         200         200       50000              200    10000000    31920000      162000          197.037
 2/ 7/2018 10:19:22         200         200         200         200        1000              200      200000    32120000      163000          197.055
 2/ 7/2018 10:21:11         190         190         190         190        1000              190      190000    32310000      164000          197.012
 2/ 7/2018 10:27:52         200         200         200         200       50000              200    10000000    42310000      214000           197.71
 2/ 7/2018 10:30:21         190         190         190         190       50000              190     9500000    51810000      264000           196.25
 2/ 7/2018 10:34:24         190         190         190         190        9000              190     1710000    53520000      273000          196.044
 2/ 7/2018 10:49:18         210         210         210         210        9000              210     1890000    55410000      282000          196.489
 2/ 7/2018 11: 6:17         180         180         180         180       50000              180     9000000    64410000      332000          194.006
 2/ 7/2018 11: 7:58         190         190         190         190       50000              190     9500000    73910000      382000          193.482
 2/ 7/2018 11: 8: 0         180         180         180         180       50000              180     9000000    82910000      432000          191.921
 2/ 7/2018 11:12:28         170         170         170         170       50000              170     8500000    91410000      482000          189.647
 2/ 7/2018 11:12:31         180         180         180         180       50000              180     9000000   100410000      532000          188.741
 2/ 7/2018 11:12:47         170         170         170         170       50000              170     8500000   108910000      582000          187.131
 2/ 7/2018 11:12:48         180         180         180         180       50000              180     9000000   117910000      632000          186.566
 2/ 7/2018 11:13:24         170         170         170         170       50000              170     8500000   126410000      682000          185.352
 2/ 7/2018 11:15:22         180         180         180         180       50000              180     9000000   135410000      732000          184.986
 2/ 7/2018 11:15:23         170         170         170         170       50000              170     8500000   143910000      782000          184.028
 2/ 7/2018 11:16:45         180         180         180         180       50000              180     9000000   152910000      832000          183.786
 2/ 7/2018 11:16:49         170         170         170         170       50000              170     8500000   161410000      882000          183.005
 2/ 7/2018 11:21:39         180         180         180         180        5000              180      900000   162310000      887000          182.988
 2/ 7/2018 11:23:42         180         180         180         180       50000              180     9000000   171310000      937000          182.828
 2/ 7/2018 11:23:45         170         170         170         170       50000              170     8500000   179810000      987000          182.178
 2/ 7/2018 11:24: 4         180         180         180         180       50000              180     9000000   188810000     1037000          182.073
 2/ 7/2018 11:24: 5         170         170         170         170       50000              170     8500000   197310000     1087000          181.518
 2/ 7/2018 11:24: 8         180         180         180         180       50000              180     9000000   206310000     1137000          181.451
 2/ 7/2018 11:24: 9         170         170         170         170       50000              170     8500000   214810000     1187000          180.969
 2/ 7/2018 11:24:37         180         180         180         180       50000              180     9000000   223810000     1237000           180.93
 2/ 7/2018 11:24:51         170         170         170         170       50000              170     8500000   232310000     1287000          180.505
 2/ 7/2018 11:24:55         180         180         180         180       50000              180     9000000   241310000     1337000          180.486
 2/ 7/2018 11:40: 7         150         150         150         150       10000              150     1500000   242810000     1347000           180.26
 2/ 7/2018 11:40:46         170         170         170         170       10000              170     1700000   244510000     1357000          180.184
 2/ 7/2018 11:42:29         150         150         150         150       10000              150     1500000   246010000     1367000          179.963
 2/ 7/2018 11:49:40         170         170         170         170       12439              170     2114630   248124630     1379439          179.874
 2/ 7/2018 11:54:26         170         170         170         170       12439              170     2114630   250239260     1391878          179.785
 2/ 7/2018 11:56:11         120         120         120         120         200              120       24000   250263260     1392078          179.777
 2/ 7/2018 11:56:23         140         140         140         140         200              140       28000   250291260     1392278          179.771
 2/ 7/2018 12:15:26         170         170         170         170       37561              170     6385370   256676630     1429839          179.514
 2/ 7/2018 12:16: 2         180         180         180         180       50000              180     9000000   265676630     1479839          179.531
 2/ 7/2018 12:16: 3         170         170         170         170       50000              170     8500000   274176630     1529839          179.219
 2/ 7/2018 12:16: 4         180         180         180         180       50000              180     9000000   283176630     1579839          179.244
 2/ 7/2018 12:16:20         170         170         170         170       50000              170     8500000   291676630     1629839           178.96
 2/ 7/2018 12:16:23         180         180         180         180       50000              180     9000000   300676630     1679839          178.991
 2/ 7/2018 12:16:24         170         170         170         170       50000              170     8500000   309176630     1729839          178.731
 2/ 7/2018 12:16:32         180         180         180         180       50000              180     9000000   318176630     1779839          178.767
 2/ 7/2018 12:16:42         170         170         170         170       50000              170     8500000   326676630     1829839          178.528
 2/ 7/2018 12:17:51         180         180         180         180       50000              180     9000000   335676630     1879839          178.567
 2/ 7/2018 12:17:55         170         170         170         170       50000              170     8500000   344176630     1929839          178.345
 2/ 7/2018 12:17:58         180         180         180         180       50000              180     9000000   353176630     1979839          178.387
 2/ 7/2018 12:17:59         170         170         170         170       50000              170     8500000   361676630     2029839           178.18
 2/ 7/2018 12:59:17         180         180         180         180       50000              180     9000000   370676630     2079839          178.224
 2/ 7/2018 14: 0: 0         180         180         180         180       50000              180     9000000   379676630     2129839          178.265
 2/ 7/2018 14: 2:34         170         170         170         170       50000              170     8500000   388176630     2179839          178.076
 2/ 7/2018 14:23:45         170         170         170         170        5000              170      850000   389026630     2184839          178.057
 2/ 7/2018 14:26:54         160         160         160         160       50000              160     8000000   397026630     2234839          177.653
 2/ 7/2018 14:27:39         170         170         170         170       50000              170     8500000   405526630     2284839          177.486
 2/ 7/2018 14:27:55         160         160         160         160       50000              160     8000000   413526630     2334839          177.111
 2/ 7/2018 14:28:38         170         170         170         170       50000              170     8500000   422026630     2384839          176.962
 2/ 7/2018 14:28:45         160         160         160         160       50000              160     8000000   430026630     2434839          176.614
 2/ 7/2018 14:34:39         150         150         150         150        1500              150      225000   430251630     2436339          176.598
 2/ 7/2018 14:35: 3         150         150         150         150       10000              150     1500000   431751630     2446339          176.489
 2/ 7/2018 14:35:10         150         150         150         150        3330              150      499500   432251130     2449669          176.453
 2/ 7/2018 14:36:54         150         150         150         150        7500              150     1125000   433376130     2457169          176.372
 2/ 7/2018 14:38:21         170         170         170         170        1000              170      170000   433546130     2458169           176.37
 2/ 7/2018 14:39:54         160         160         160         160       50000              160     8000000   441546130     2508169          176.043
 2/ 7/2018 14:43:50         150         150         150         150           1              150         150   441546280     2508170          176.043
 2/ 7/2018 14:45:35         150         150         150         150       10000              150     1500000   443046280     2518170           175.94
 2/ 7/2018 14:45:52         160         160         160         160       50000              160     8000000   451046280     2568170          175.629
 2/ 7/2018 14:46:33         170         170         170         170       10000              170     1700000   452746280     2578170          175.608
 2/ 7/2018 14:47:22         170         170         170         170         750              170      127500   452873780     2578920          175.606
 2/ 7/2018 14:49:18         170         170         170         170       10000              170     1700000   454573780     2588920          175.584
 2/ 7/2018 14:49:41         150         150         150         150        1800              150      270000   454843780     2590720          175.567
 2/ 7/2018 14:50:26          40          40          40          40       10000               40      400000   455243780     2600720          175.045
 2/ 7/2018 14:50:31         160         160         160         160         312              160       49920   455293700     2601032          175.043
 2/ 7/2018 14:50:50         150         150         150         150        2000              150      300000   455593700     2603032          175.024
 2/ 7/2018 14:51:54         180         180         180         180        2000              180      360000   455953700     2605032          175.028
 2/ 7/2018 14:52:19         160         160         160         160       50000              160     8000000   463953700     2655032          174.745
 2/ 7/2018 14:52:40         170         170         170         170       50000              170     8500000   472453700     2705032          174.657
 2/ 7/2018 14:52:54         160         160         160         160        1700              160      272000   472725700     2706732          174.648
 2/ 7/2018 14:54:15         160         160         160         160        2000              160      320000   473045700     2708732          174.637
 2/ 7/2018 14:54:28         160         160         160         160       30000              160     4800000   477845700     2738732          174.477
 2/ 7/2018 14:54:55         170         170         170         170           2              170         340   477846040     2738734          174.477
 2/ 7/2018 14:57: 8         150         150         150         150           1              150         150   477846190     2738735          174.477
 2/ 7/2018 14:59:35         170         170         170         170       10000              170     1700000   479546190     2748735          174.461
 2/ 7/2018 15: 6:30         200         200         200         200        9000              200     1800000   481346190     2757735          174.544
 2/ 7/2018 15: 6:47         180         180         180         180        8000              180     1440000   482786190     2765735           174.56
 2/ 7/2018 15: 9:46         170         170         170         170        2825              170      480250   483266440     2768560          174.555
 2/ 7/2018 15:10:54         160         160         160         160        5000              160      800000   484066440     2773560          174.529
 2/ 7/2018 15:12: 8         170         170         170         170           1              170         170   484066610     2773561          174.529
 2/ 7/2018 15:14: 1         170         170         170         170          10              170        1700   484068310     2773571          174.529
 2/ 7/2018 15:17:20         160         160         160         160       10000              160     1600000   485668310     2783571          174.477
 2/ 7/2018 15:23:24         160         160         160         160       33300              160     5328000   490996310     2816871          174.306
 2/ 7/2018 15:23:58         170         170         170         170        5000              170      850000   491846310     2821871          174.298
 2/ 7/2018 15:25:19         170         170         170         170        2890              170      491300   492337610     2824761          174.294
 2/ 7/2018 15:25:50         170         170         170         170        5000              170      850000   493187610     2829761          174.286
 2/ 7/2018 15:26: 9         170         170         170         170       50000              170     8500000   501687610     2879761          174.212
 2/ 7/2018 15:27: 7         170         170         170         170        2000              170      340000   502027610     2881761          174.209
 2/ 7/2018 15:27:54         170         170         170         170           1              170         170   502027780     2881762          174.209
 2/ 7/2018 15:28:29         180         180         180         180        7500              180     1350000   503377780     2889262          174.224
 2/ 7/2018 15:29:50         170         170         170         170        2000              170      340000   503717780     2891262          174.221
 2/ 7/2018 15:33:59         170         170         170         170        5000              170      850000   504567780     2896262          174.213
 2/ 7/2018 15:38:21         170         170         170         170       10000              170     1700000   506267780     2906262          174.199
 2/ 7/2018 15:39:29         170         170         170         170        9000              170     1530000   507797780     2915262          174.186
 2/ 7/2018 15:53: 3         170         170         170         170        7500              170     1275000   509072780     2922762          174.175
 2/ 7/2018 15:56:26         170         170         170         170        6869              170     1167730   510240510     2929631          174.165
 2/ 7/2018 15:58: 2         190         190         190         190         100              190       19000   510259510     2929731          174.166
 2/ 7/2018 16: 3:36         160         160         160         160       10000              160     1600000   511859510     2939731          174.118
 2/ 7/2018 16: 5: 1         180         180         180         180       50000              180     9000000   520859510     2989731          174.216
 2/ 7/2018 16: 5: 3         180         180         180         180       50000              180     9000000   529859510     3039731          174.311
 2/ 7/2018 16:15:21         200         200         200         200        6000              200     1200000   531059510     3045731          174.362
 2/ 7/2018 16:15:47         190         190         190         190       50000              190     9500000   540559510     3095731          174.614
 2/ 7/2018 16:16:24         180         180         180         180       50000              180     9000000   549559510     3145731            174.7
 2/ 7/2018 16:17: 0         220         220         220         220        6796              220     1495120   551054630     3152527          174.798
 2/ 7/2018 16:18: 3         180         180         180         180       10000              180     1800000   552854630     3162527          174.814
 2/ 7/2018 16:22:17         180         180         180         180       10000              180     1800000   554654630     3172527          174.831
 2/ 7/2018 16:23: 4         180         180         180         180        9000              180     1620000   556274630     3181527          174.845
 2/ 7/2018 16:24:22         180         180         180         180        1000              180      180000   556454630     3182527          174.847
 2/ 7/2018 16:24:47         180         180         180         180        9375              180     1687500   558142130     3191902          174.862
 2/ 7/2018 16:24:57         180         180         180         180       10000              180     1800000   559942130     3201902          174.878
 2/ 7/2018 16:27:44         180         180         180         180        1500              180      270000   560212130     3203402           174.88
 2/ 7/2018 16:32:46         180         180         180         180       12399              180     2231820   562443950     3215801            174.9
 2/ 7/2018 16:55: 9         160         160         160         160        3000              160      480000   562923950     3218801          174.886
 2/ 7/2018 16:59:56         170         170         170         170       50000              170     8500000   571423950     3268801          174.811
 2/ 7/2018 17: 5: 6         180         180         180         180       50000              180     9000000   580423950     3318801           174.89
 2/ 7/2018 17: 5: 7         170         170         170         170       50000              170     8500000   588923950     3368801          174.817
 2/ 7/2018 17: 5:18         180         180         180         180       50000              180     9000000   597923950     3418801          174.893
 2/ 7/2018 17: 5:31         170         170         170         170       50000              170     8500000   606423950     3468801          174.822
 2/ 7/2018 17: 8: 0         180         180         180         180       20000              180     3600000   610023950     3488801          174.852
 2/ 7/2018 17:14: 6         160         160         160         160       50000              160     8000000   618023950     3538801          174.642
 2/ 7/2018 17:14:31         170         170         170         170       50000              170     8500000   626523950     3588801          174.578
 2/ 7/2018 17:14:32         160         160         160         160       50000              160     8000000   634523950     3638801          174.377
 2/ 7/2018 17:14:36         170         170         170         170       50000              170     8500000   643023950     3688801          174.318
 2/ 7/2018 17:14:38         160         160         160         160       50000              160     8000000   651023950     3738801          174.126
 2/ 7/2018 17:14:39         170         170         170         170       50000              170     8500000   659523950     3788801          174.072
 2/ 7/2018 17:14:43         160         160         160         160       50000              160     8000000   667523950     3838801          173.889
 2/ 7/2018 17:14:49         170         170         170         170       50000              170     8500000   676023950     3888801          173.839
 2/ 7/2018 17:14:54         160         160         160         160       50000              160     8000000   684023950     3938801          173.663
 2/ 7/2018 17:15: 9         140         140         140         140         100              140       14000   684037950     3938901          173.662
 2/ 7/2018 17:15:21         150         150         150         150         100              150       15000   684052950     3939001          173.662
 2/ 7/2018 17:19: 5         170         170         170         170        1000              170      170000   684222950     3940001          173.661
 2/ 7/2018 17:21:36         150         150         150         150       10000              150     1500000   685722950     3950001          173.601
 2/ 7/2018 17:21:54         170         170         170         170       12399              170     2107830   687830780     3962400          173.589
 2/ 7/2018 17:22:39         170         170         170         170       10000              170     1700000   689530780     3972400           173.58
 2/ 7/2018 17:22:44         160         160         160         160        9375              160     1500000   691030780     3981775          173.548
 2/ 7/2018 17:22:52         220         220         220         220       12964              220     2852080   693882860     3994739          173.699
 2/ 7/2018 17:23:12         160         160         160         160       12399              160     1983840   695866700     4007138          173.657
 2/ 7/2018 17:27:33         170         170         170         170       10000              170     1700000   697566700     4017138          173.648
 2/ 7/2018 17:30:48         170         170         170         170           1              170         170   697566870     4017139          173.648
 2/ 7/2018 17:33:11         170         170         170         170       50000              170     8500000   706066870     4067139          173.603
 2/ 7/2018 17:33:42         180         180         180         180       10000              180     1800000   707866870     4077139          173.619
 2/ 7/2018 17:34:35         160         160         160         160       50000              160     8000000   715866870     4127139          173.454
 2/ 7/2018 17:35:42         160         160         160         160       10000              160     1600000   717466870     4137139          173.421
 2/ 7/2018 17:37:14         170         170         170         170       50000              170     8500000   725966870     4187139           173.38
 2/ 7/2018 17:38:25         170         170         170         170           1              170         170   725967040     4187140           173.38
 2/ 7/2018 17:42:19         160         160         160         160       50000              160     8000000   733967040     4237140          173.222
 2/ 7/2018 17:43:38         170         170         170         170       50000              170     8500000   742467040     4287140          173.185
 2/ 7/2018 17:44:40         160         160         160         160       50000              160     8000000   750467040     4337140          173.033
 2/ 7/2018 17:44:41         170         170         170         170       50000              170     8500000   758967040     4387140          172.998
 2/ 7/2018 17:45:32         170         170         170         170       20000              170     3400000   762367040     4407140          172.985
 2/ 7/2018 17:46:42         170         170         170         170       10000              170     1700000   764067040     4417140          172.978
 2/ 7/2018 17:48:18         160         160         160         160       12499              160     1999840   766066880     4429639          172.941
 2/ 7/2018 17:56:36         160         160         160         160        6000              160      960000   767026880     4435639          172.924
 2/ 7/2018 17:56:54         170         170         170         170       50000              170     8500000   775526880     4485639          172.891
 2/ 7/2018 17:57:14         150         150         150         150        4000              150      600000   776126880     4489639          172.871
