         Date              Open        High         Low       Close      Volume     Typical Price         V*P    Total VP     Total V        VWAP    Message Count
10/ 7/2018  0: 2:34          30          30          30          30        5000                30      150000      150000        5000          30           1
10/ 7/2018 32: 2: 5          30          30          30          30        5000                30      150000      300000       10000          30           1
10/ 7/2018 32: 2:22          30          30          30          30        5000                30      150000      450000       15000          30           1
10/ 7/2018 33: 2:55          30          30          30          30        5000                30      150000      600000       20000          30           2
10/ 7/2018 53: 2:25          20          20          20          20        1000                20       20000      620000       21000     29.5238           1
10/ 7/2018 54: 2:42          30          30          30          30        1000                30       30000      650000       22000     29.5455           1
11/ 7/2018  4: 2:43          30          30          30          30        5000                30      150000      800000       27000     29.6296           1
11/ 7/2018  5: 2:18          30          30          30          30        5000                30      150000      950000       32000     29.6875           1
11/ 7/2018  6: 2: 5          30          30          30          30        5000                30      150000     1100000       37000     29.7297           1
11/ 7/2018  7: 2:48          30          30          30          30        5000                30      150000     1250000       42000     29.7619           1
11/ 7/2018  8: 2: 5          30          30          30          30        5000                30      150000     1400000       47000     29.7872           1
11/ 7/2018 27: 2:15          30          30          30          30       50000                30     1500000     2900000       97000     29.8969           1
11/ 7/2018 30: 2:21          30          30          30          30        1000                30       30000     2930000       98000      29.898           1
11/ 7/2018 34: 2: 1          30          30          30          30         311                30        9330     2939330       98311     29.8983           1
12/ 7/2018 32: 2:33          30          30          30          30           1                30          30     2939360       98312     29.8983           1
14/ 7/2018  0: 2:37          30          30          30          30        5000                30      150000     3089360      103312     29.9032           1
14/ 7/2018  8: 2: 8          20          20          20          20       49312                20      986240     4075600      152624     26.7035           1
14/ 7/2018 33: 2:31          10          10          10          10        1000                10       10000     4085600      153624     26.5948           1
15/ 7/2018 43: 2:39          10          10          10          10        1000                10       10000     4095600      154624     26.4875           1
17/ 7/2018 52: 2:54          10          10          10          10       50000                10      500000     4595600      204624     22.4588           1
