         Date              Open        High         Low       Close      Volume     Typical Price         V*P    Total VP     Total V        VWAP    Message Count
10/ 7/2018  0: 2: 3        1910        1910        1910        1910        5000              1910     9550000     9550000        5000        1910           1
10/ 7/2018  2: 2:43        1920        1920        1920        1920        5000              1920     9600000    19150000       10000        1915           1
10/ 7/2018  5: 2:39        1930        1930        1930        1930        5000              1930     9650000    28800000       15000        1920           1
10/ 7/2018  5: 2:53        1920        1920        1920        1920        5000              1920     9600000    38400000       20000        1920           1
10/ 7/2018  7: 2:24        1930        1930        1930        1930        5000              1930     9650000    48050000       25000        1922           1
10/ 7/2018  7: 2:45        1920        1920        1920        1920        5000              1920     9600000    57650000       30000     1921.67           1
10/ 7/2018  7: 2:52        1930        1930        1930        1930        5000              1930     9650000    67300000       35000     1922.86           1
10/ 7/2018  8: 2: 6        1920        1920        1920        1920        5000              1920     9600000    76900000       40000      1922.5           1
10/ 7/2018  8: 2:27        1930        1930        1930        1930        5000              1930     9650000    86550000       45000     1923.33           1
10/ 7/2018  8: 2:55        1920        1920        1920        1920        5000              1920     9600000    96150000       50000        1923           1
10/ 7/2018  9: 2: 2        1930        1930        1930        1930        5000              1930     9650000   105800000       55000     1923.64           1
10/ 7/2018  9: 2:16        1920        1920        1920        1920        5000              1920     9600000   115400000       60000     1923.33           1
10/ 7/2018  9: 2:30        1930        1930        1930        1930        5000              1930     9650000   125050000       65000     1923.85           1
10/ 7/2018  9: 2:52        1920        1920        1920        1920        5000              1920     9600000   134650000       70000     1923.57           1
10/ 7/2018  9: 2:59        1930        1930        1930        1930        5000              1930     9650000   144300000       75000        1924           1
10/ 7/2018 13: 2: 1        1940        1940        1940        1940        5000              1940     9700000   154000000       80000        1925           1
10/ 7/2018 13: 2: 8        1930        1930        1930        1930        5000              1930     9650000   163650000       85000     1925.29           1
10/ 7/2018 13: 2:15        1940        1940        1940        1940        5000              1940     9700000   173350000       90000     1926.11           1
10/ 7/2018 13: 2:31        1930        1930        1930        1930        5000              1930     9650000   183000000       95000     1926.32           1
10/ 7/2018 13: 2:38        1940        1940        1940        1940        5000              1940     9700000   192700000      100000        1927           1
10/ 7/2018 13: 2:59        1930        1930        1930        1930        5000              1930     9650000   202350000      105000     1927.14           1
10/ 7/2018 14: 2: 6        1940        1940        1940        1940        5000              1940     9700000   212050000      110000     1927.73           1
10/ 7/2018 15: 2:37        1950        1950        1950        1950        5000              1950     9750000   221800000      115000      1928.7           1
10/ 7/2018 15: 2:44        1940        1940        1940        1940        5000              1940     9700000   231500000      120000     1929.17           1
10/ 7/2018 16: 2:12        1950        1950        1950        1950        5000              1950     9750000   241250000      125000        1930           1
10/ 7/2018 17: 2: 1        1940        1940        1940        1940        5000              1940     9700000   250950000      130000     1930.38           1
10/ 7/2018 19: 2:21        1950        1950        1950        1950        5000              1950     9750000   260700000      135000     1931.11           1
10/ 7/2018 27: 2:54        1940        1940        1940        1940        5000              1940     9700000   270400000      140000     1931.43           1
10/ 7/2018 38: 2:57        1930        1930        1930        1930        5000              1930     9650000   280050000      145000     1931.38           1
10/ 7/2018 39: 2: 4        1940        1940        1940        1940        5000              1940     9700000   289750000      150000     1931.67           1
10/ 7/2018 39: 2:18        1930        1930        1930        1930        5000              1930     9650000   299400000      155000     1931.61           1
10/ 7/2018 39: 2:32        1940        1940        1940        1940        5000              1940     9700000   309100000      160000     1931.88           1
10/ 7/2018 41: 2:59        1930        1930        1930        1930        5000              1930     9650000   318750000      165000     1931.82           1
10/ 7/2018 42: 2: 6        1940        1940        1940        1940        5000              1940     9700000   328450000      170000     1932.06           1
10/ 7/2018 45: 2:15        1950        1950        1950        1950        5000              1950     9750000   338200000      175000     1932.57           1
10/ 7/2018 45: 2:29        1940        1940        1940        1940        5000              1940     9700000   347900000      180000     1932.78           1
10/ 7/2018 46: 2:53        1950        1950        1950        1950        5000              1950     9750000   357650000      185000     1933.24           1
10/ 7/2018 48: 2:52        1940        1940        1940        1940        5000              1940     9700000   367350000      190000     1933.42           1
10/ 7/2018 51: 2:12        1950        1950        1950        1950        5000              1950     9750000   377100000      195000     1933.85           1
10/ 7/2018 51: 2:40        1940        1940        1940        1940        5000              1940     9700000   386800000      200000        1934           1
10/ 7/2018 51: 2:54        1950        1950        1950        1950        5000              1950     9750000   396550000      205000     1934.39           1
10/ 7/2018 52: 2:22        1940        1940        1940        1940        5000              1940     9700000   406250000      210000     1934.52           1
10/ 7/2018 53: 2:32        1950        1950        1950        1950        5000              1950     9750000   416000000      215000     1934.88           1
10/ 7/2018 55: 2: 3        1960        1960        1960        1960        5000              1960     9800000   425800000      220000     1935.45           1
10/ 7/2018 56: 2:13        1950        1950        1950        1950        5000              1950     9750000   435550000      225000     1935.78           1
10/ 7/2018 57: 2:44        1960        1960        1960        1960        5000              1960     9800000   445350000      230000      1936.3           1
10/ 7/2018 58: 2: 5        1950        1950        1950        1950        5000              1950     9750000   455100000      235000      1936.6           1
10/ 7/2018 58: 2:26        1960        1960        1960        1960        5000              1960     9800000   464900000      240000     1937.08           1
10/ 7/2018 58: 2:47        1950        1950        1950        1950        5000              1950     9750000   474650000      245000     1937.35           1
10/ 7/2018 58: 2:54        1960        1960        1960        1960        5000              1960     9800000   484450000      250000      1937.8           1
10/ 7/2018 59: 2: 1        1950        1950        1950        1950        5000              1950     9750000   494200000      255000     1938.04           1
10/ 7/2018 59: 2: 8        1960        1960        1960        1960        5000              1960     9800000   504000000      260000     1938.46           1
10/ 7/2018 59: 2:29        1950        1950        1950        1950        5000              1950     9750000   513750000      265000     1938.68           1
10/ 7/2018 59: 2:36        1960        1960        1960        1960        5000              1960     9800000   523550000      270000     1939.07           1
10/ 7/2018 59: 2:43        1950        1950        1950        1950        5000              1950     9750000   533300000      275000     1939.27           1
10/ 7/2018 59: 2:50        1960        1960        1960        1960        5000              1960     9800000   543100000      280000     1939.64           1
10/ 7/2018 59: 2:57        1950        1950        1950        1950        5000              1950     9750000   552850000      285000     1939.82           1
11/ 7/2018  0: 2: 4        1960        1960        1960        1960        5000              1960     9800000   562650000      290000     1940.17           1
11/ 7/2018  0: 2:18        1950        1950        1950        1950        5000              1950     9750000   572400000      295000     1940.34           1
11/ 7/2018  1: 2: 0        1940        1940        1940        1940        5000              1940     9700000   582100000      300000     1940.33           1
11/ 7/2018  3: 2:20        1950        1950        1950        1950        5000              1950     9750000   591850000      305000     1940.49           1
11/ 7/2018  3: 2:55        1940        1940        1940        1940        5000              1940     9700000   601550000      310000     1940.48           1
11/ 7/2018  4: 2:23        1950        1950        1950        1950        5000              1950     9750000   611300000      315000     1940.63           1
11/ 7/2018  7: 2:18        1940        1940        1940        1940        5000              1940     9700000   621000000      320000     1940.62           1
11/ 7/2018  8: 2: 0        1950        1950        1950        1950        5000              1950     9750000   630750000      325000     1940.77           1
11/ 7/2018 10: 2:41        1940        1940        1940        1940        5000              1940     9700000   640450000      330000     1940.76           1
11/ 7/2018 11: 2:58        1930        1930        1930        1930        5000              1930     9650000   650100000      335000      1940.6           1
11/ 7/2018 19: 2:26        1920        1920        1920        1920        5000              1920     9600000   659700000      340000     1940.29           1
11/ 7/2018 19: 2:47        1930        1930        1930        1930        5000              1930     9650000   669350000      345000     1940.14           1
11/ 7/2018 20: 2:29        1920        1920        1920        1920        5000              1920     9600000   678950000      350000     1939.86           1
11/ 7/2018 20: 2:43        1930        1930        1930        1930        5000              1930     9650000   688600000      355000     1939.72           1
11/ 7/2018 22: 2: 3        1920        1920        1920        1920        5000              1920     9600000   698200000      360000     1939.44           1
11/ 7/2018 25: 2: 6        1930        1930        1930        1930        5000              1930     9650000   707850000      365000     1939.32           1
11/ 7/2018 25: 2:27        1920        1920        1920        1920        5000              1920     9600000   717450000      370000     1939.05           1
11/ 7/2018 25: 2:55        1930        1930        1930        1930        5000              1930     9650000   727100000      375000     1938.93           1
11/ 7/2018 26: 2:16        1920        1920        1920        1920        5000              1920     9600000   736700000      380000     1938.68           1
11/ 7/2018 26: 2:37        1930        1930        1930        1930        5000              1930     9650000   746350000      385000     1938.57           1
11/ 7/2018 27: 2:33        1920        1920        1920        1920        5000              1920     9600000   755950000      390000     1938.33           1
11/ 7/2018 27: 2:47        1930        1930        1930        1930        5000              1930     9650000   765600000      395000     1938.23           1
11/ 7/2018 32: 2:20        1920        1920        1920        1920        5000              1920     9600000   775200000      400000        1938           1
11/ 7/2018 32: 2:55        1930        1930        1930        1930        5000              1930     9650000   784850000      405000      1937.9           1
11/ 7/2018 33: 2:37        1940        1940        1940        1940        5000              1940     9700000   794550000      410000     1937.93           1
11/ 7/2018 38: 2: 3        1950        1950        1950        1950        5000              1950     9750000   804300000      415000     1938.07           1
11/ 7/2018 40: 2:44        1940        1940        1940        1940        5000              1940     9700000   814000000      420000      1938.1           1
11/ 7/2018 54: 2: 9        1950        1950        1950        1950        5000              1950     9750000   823750000      425000     1938.24           1
11/ 7/2018 55: 2: 5        1940        1940        1940        1940        5000              1940     9700000   833450000      430000     1938.26           1
12/ 7/2018  2: 2:15        1930        1930        1930        1930        5000              1930     9650000   843100000      435000     1938.16           1
12/ 7/2018  3: 2:39        1940        1940        1940        1940        5000              1940     9700000   852800000      440000     1938.18           1
12/ 7/2018  3: 2:53        1930        1930        1930        1930        5000              1930     9650000   862450000      445000     1938.09           1
12/ 7/2018  4: 2:21        1940        1940        1940        1940        5000              1940     9700000   872150000      450000     1938.11           1
12/ 7/2018  4: 2:28        1930        1930        1930        1930        5000              1930     9650000   881800000      455000     1938.02           1
12/ 7/2018  4: 2:35        1940        1940        1940        1940        5000              1940     9700000   891500000      460000     1938.04           1
12/ 7/2018  4: 2:42        1930        1930        1930        1930        5000              1930     9650000   901150000      465000     1937.96           1
12/ 7/2018  4: 2:49        1940        1940        1940        1940        5000              1940     9700000   910850000      470000     1937.98           1
12/ 7/2018  5: 2: 3        1930        1930        1930        1930        5000              1930     9650000   920500000      475000     1937.89           1
12/ 7/2018  6: 2:48        1940        1940        1940        1940        5000              1940     9700000   930200000      480000     1937.92           1
12/ 7/2018  6: 2:55        1930        1930        1930        1930        5000              1930     9650000   939850000      485000     1937.84           1
12/ 7/2018  7: 2: 2        1940        1940        1940        1940        5000              1940     9700000   949550000      490000     1937.86           1
12/ 7/2018  7: 2: 9        1930        1930        1930        1930        5000              1930     9650000   959200000      495000     1937.78           1
12/ 7/2018 11: 2:56        1940        1940        1940        1940        5000              1940     9700000   968900000      500000      1937.8           1
12/ 7/2018 26: 2: 3        1930        1930        1930        1930        5000              1930     9650000   978550000      505000     1937.72           1
12/ 7/2018 30: 2:19        1940        1940        1940        1940        5000              1940     9700000   988250000      510000     1937.75           1
12/ 7/2018 30: 2:40        1930        1930        1930        1930        5000              1930     9650000   997900000      515000     1937.67           1
12/ 7/2018 31: 2:29        1920        1920        1920        1920        5000              1920     9600000  1007500000      520000      1937.5           1
12/ 7/2018 31: 2:36        1930        1930        1930        1930        5000              1930     9650000  1017150000      525000     1937.43           1
12/ 7/2018 32: 2: 4        1920        1920        1920        1920        5000              1920     9600000  1026750000      530000     1937.26           1
12/ 7/2018 32: 2:18        1930        1930        1930        1930        5000              1930     9650000  1036400000      535000      1937.2           1
12/ 7/2018 37: 2:45        1940        1940        1940        1940        5000              1940     9700000  1046100000      540000     1937.22           1
12/ 7/2018 37: 2:52        1930        1930        1930        1930        5000              1930     9650000  1055750000      545000     1937.16           1
12/ 7/2018 37: 2:59        1940        1940        1940        1940        5000              1940     9700000  1065450000      550000     1937.18           1
12/ 7/2018 42: 2: 6        1930        1930        1930        1930        5000              1930     9650000  1075100000      555000     1937.12           1
12/ 7/2018 43: 2: 9        1940        1940        1940        1940        5000              1940     9700000  1084800000      560000     1937.14           1
12/ 7/2018 43: 2:58        1930        1930        1930        1930        5000              1930     9650000  1094450000      565000     1937.08           1
12/ 7/2018 46: 2:26        1920        1920        1920        1920        5000              1920     9600000  1104050000      570000     1936.93           1
12/ 7/2018 47: 2: 8        1930        1930        1930        1930        5000              1930     9650000  1113700000      575000     1936.87           1
12/ 7/2018 49: 2:14        1920        1920        1920        1920        5000              1920     9600000  1123300000      580000     1936.72           1
12/ 7/2018 49: 2:21        1930        1930        1930        1930        5000              1930     9650000  1132950000      585000     1936.67           1
14/ 7/2018  0: 2: 0        1920        1920        1920        1920        5000              1920     9600000  1142550000      590000     1936.53           1
14/ 7/2018  0: 2:34        1930        1930        1930        1930        5000              1930     9650000  1152200000      595000     1936.47           1
14/ 7/2018  0: 2:55        1920        1920        1920        1920        5000              1920     9600000  1161800000      600000     1936.33           1
14/ 7/2018  3: 2:57        1910        1910        1910        1910        5000              1910     9550000  1171350000      605000     1936.12           1
14/ 7/2018  9: 2:16        1920        1920        1920        1920        5000              1920     9600000  1180950000      610000     1935.98           1
14/ 7/2018  9: 2:45        1910        1910        1910        1910        5000              1910     9550000  1190500000      615000     1935.77           1
14/ 7/2018  9: 2:52        1920        1920        1920        1920        5000              1920     9600000  1200100000      620000     1935.65           1
14/ 7/2018 15: 2:42        1930        1930        1930        1930        5000              1930     9650000  1209750000      625000      1935.6           1
14/ 7/2018 15: 2:49        1920        1920        1920        1920        5000              1920     9600000  1219350000      630000     1935.48           1
14/ 7/2018 16: 2:17        1930        1930        1930        1930        5000              1930     9650000  1229000000      635000     1935.43           1
14/ 7/2018 16: 2:32        1920        1920        1920        1920        5000              1920     9600000  1238600000      640000     1935.31           1
14/ 7/2018 19: 2:41        1930        1930        1930        1930        5000              1930     9650000  1248250000      645000     1935.27           1
14/ 7/2018 19: 2:48        1920        1920        1920        1920        5000              1920     9600000  1257850000      650000     1935.15           1
14/ 7/2018 25: 2:27        1930        1930        1930        1930        5000              1930     9650000  1267500000      655000     1935.11           1
14/ 7/2018 28: 2:22        1920        1920        1920        1920        5000              1920     9600000  1277100000      660000        1935           1
14/ 7/2018 28: 2:57        1930        1930        1930        1930        5000              1930     9650000  1286750000      665000     1934.96           1
14/ 7/2018 33: 2:18        1940        1940        1940        1940        5000              1940     9700000  1296450000      670000        1935           1
14/ 7/2018 33: 2:26        1930        1930        1930        1930        5000              1930     9650000  1306100000      675000     1934.96           1
14/ 7/2018 33: 2:33        1940        1940        1940        1940        5000              1940     9700000  1315800000      680000        1935           1
14/ 7/2018 33: 2:40        1930        1930        1930        1930        5000              1930     9650000  1325450000      685000     1934.96           1
14/ 7/2018 44: 2:22        1920        1920        1920        1920        5000              1920     9600000  1335050000      690000     1934.86           1
14/ 7/2018 44: 2:43        1930        1930        1930        1930        5000              1930     9650000  1344700000      695000     1934.82           1
14/ 7/2018 44: 2:50        1920        1920        1920        1920        5000              1920     9600000  1354300000      700000     1934.71           1
14/ 7/2018 59: 2:13        1930        1930        1930        1930        5000              1930     9650000  1363950000      705000     1934.68           1
14/ 7/2018 59: 2:34        1920        1920        1920        1920        5000              1920     9600000  1373550000      710000     1934.58           1
15/ 7/2018  0: 2:16        1930        1930        1930        1930        5000              1930     9650000  1383200000      715000     1934.55           1
15/ 7/2018  0: 2:51        1920        1920        1920        1920        5000              1920     9600000  1392800000      720000     1934.44           1
15/ 7/2018  2: 2:22        1930        1930        1930        1930        5000              1930     9650000  1402450000      725000     1934.41           1
15/ 7/2018  8: 2:21        1920        1920        1920        1920        5000              1920     9600000  1412050000      730000     1934.32           1
15/ 7/2018  8: 2:49        1930        1930        1930        1930        5000              1930     9650000  1421700000      735000     1934.29           1
15/ 7/2018  9: 2:10        1920        1920        1920        1920        5000              1920     9600000  1431300000      740000     1934.19           1
15/ 7/2018 11: 2:23        1910        1910        1910        1910        5000              1910     9550000  1440850000      745000     1934.03           1
15/ 7/2018 13: 2:50        1900        1900        1900        1900        5000              1900     9500000  1450350000      750000      1933.8           1
15/ 7/2018 13: 2:57        1910        1910        1910        1910        5000              1910     9550000  1459900000      755000     1933.64           1
15/ 7/2018 20: 2:22        1920        1920        1920        1920        5000              1920     9600000  1469500000      760000     1933.55           1
15/ 7/2018 20: 2:29        1910        1910        1910        1910        5000              1910     9550000  1479050000      765000      1933.4           1
15/ 7/2018 20: 2:57        1920        1920        1920        1920        5000              1920     9600000  1488650000      770000     1933.31           1
15/ 7/2018 21: 2: 4        1910        1910        1910        1910        5000              1910     9550000  1498200000      775000     1933.16           1
15/ 7/2018 21: 2:39        1920        1920        1920        1920        5000              1920     9600000  1507800000      780000     1933.08           1
15/ 7/2018 23: 2:31        1910        1910        1910        1910        5000              1910     9550000  1517350000      785000     1932.93           1
15/ 7/2018 24: 2:48        1920        1920        1920        1920        5000              1920     9600000  1526950000      790000     1932.85           1
15/ 7/2018 24: 2:55        1910        1910        1910        1910        5000              1910     9550000  1536500000      795000      1932.7           1
15/ 7/2018 25: 2: 2        1920        1920        1920        1920        5000              1920     9600000  1546100000      800000     1932.62           1
15/ 7/2018 26: 2:12        1930        1930        1930        1930        5000              1930     9650000  1555750000      805000     1932.61           1
15/ 7/2018 27: 2:43        1940        1940        1940        1940        5000              1940     9700000  1565450000      810000     1932.65           1
15/ 7/2018 29: 2:18        1930        1930        1930        1930        5000              1930     9650000  1575100000      815000     1932.64           1
15/ 7/2018 29: 2:25        1940        1940        1940        1940        5000              1940     9700000  1584800000      820000     1932.68           1
15/ 7/2018 30: 2:28        1950        1950        1950        1950        5000              1950     9750000  1594550000      825000     1932.79           1
15/ 7/2018 30: 2:49        1940        1940        1940        1940        5000              1940     9700000  1604250000      830000     1932.83           1
15/ 7/2018 31: 2:10        1950        1950        1950        1950        5000              1950     9750000  1614000000      835000     1932.93           1
15/ 7/2018 31: 2:17        1940        1940        1940        1940        5000              1940     9700000  1623700000      840000     1932.98           1
15/ 7/2018 31: 2:24        1950        1950        1950        1950        5000              1950     9750000  1633450000      845000     1933.08           1
15/ 7/2018 31: 2:31        1960        1960        1960        1960        5000              1960     9800000  1643250000      850000     1933.24           1
15/ 7/2018 31: 2:38        2000        2000        2000        2000        5000              2000    10000000  1653250000      855000     1933.63           1
15/ 7/2018 31: 2:45        1990        1990        1990        1990        5000              1990     9950000  1663200000      860000     1933.95           1
15/ 7/2018 31: 2:59        2000        2000        2000        2000        5000              2000    10000000  1673200000      865000     1934.34           1
15/ 7/2018 32: 2: 6        1990        1990        1990        1990        5000              1990     9950000  1683150000      870000     1934.66           1
15/ 7/2018 32: 2:34        2000        2000        2000        2000        5000              2000    10000000  1693150000      875000     1935.03           1
15/ 7/2018 32: 2:48        1990        1990        1990        1990        5000              1990     9950000  1703100000      880000     1935.34           1
15/ 7/2018 32: 2:55        2000        2000        2000        2000        5000              2000    10000000  1713100000      885000     1935.71           1
15/ 7/2018 33: 2:30        1990        1990        1990        1990        5000              1990     9950000  1723050000      890000     1936.01           1
15/ 7/2018 33: 2:44        2000        2000        2000        2000        5000              2000    10000000  1733050000      895000     1936.37           1
15/ 7/2018 34: 2: 5        2010        2010        2010        2010        5000              2010    10050000  1743100000      900000     1936.78           1
15/ 7/2018 34: 2:26        2020        2020        2020        2020        5000              2020    10100000  1753200000      905000     1937.24           1
15/ 7/2018 34: 2:33        2010        2010        2010        2010        5000              2010    10050000  1763250000      910000     1937.64           1
15/ 7/2018 36: 2:40        2020        2020        2020        2020        5000              2020    10100000  1773350000      915000     1938.09           1
15/ 7/2018 37: 2: 1        2010        2010        2010        2010        5000              2010    10050000  1783400000      920000     1938.48           1
15/ 7/2018 37: 2: 8        2020        2020        2020        2020        5000              2020    10100000  1793500000      925000     1938.92           1
15/ 7/2018 37: 2:15        2010        2010        2010        2010        5000              2010    10050000  1803550000      930000      1939.3           1
15/ 7/2018 40: 2:59        2000        2000        2000        2000        5000              2000    10000000  1813550000      935000     1939.63           1
15/ 7/2018 41: 2:55        1990        1990        1990        1990        5000              1990     9950000  1823500000      940000     1939.89           1
15/ 7/2018 42: 2:37        2000        2000        2000        2000        5000              2000    10000000  1833500000      945000     1940.21           1
15/ 7/2018 42: 2:44        1990        1990        1990        1990        5000              1990     9950000  1843450000      950000     1940.47           1
15/ 7/2018 43: 2:54        1980        1980        1980        1980        5000              1980     9900000  1853350000      955000     1940.68           1
15/ 7/2018 44: 2:57        1990        1990        1990        1990        5000              1990     9950000  1863300000      960000     1940.94           1
15/ 7/2018 45: 2:46        1980        1980        1980        1980        5000              1980     9900000  1873200000      965000     1941.14           1
15/ 7/2018 46: 2:42        1970        1970        1970        1970        5000              1970     9850000  1883050000      970000     1941.29           1
15/ 7/2018 47: 2:31        1980        1980        1980        1980        5000              1980     9900000  1892950000      975000     1941.49           1
15/ 7/2018 47: 2:38        1970        1970        1970        1970        5000              1970     9850000  1902800000      980000     1941.63           1
15/ 7/2018 48: 2:15        1960        1960        1960        1960        5000              1960     9800000  1912600000      985000     1941.73           1
15/ 7/2018 48: 2:22        1970        1970        1970        1970        5000              1970     9850000  1922450000      990000     1941.87           1
15/ 7/2018 48: 2:29        1960        1960        1960        1960        5000              1960     9800000  1932250000      995000     1941.96           1
15/ 7/2018 50: 2: 7        1950        1950        1950        1950        5000              1950     9750000  1942000000     1000000        1942           1
15/ 7/2018 52: 2:20        1960        1960        1960        1960        5000              1960     9800000  1951800000     1005000     1942.09           1
15/ 7/2018 53: 2:30        1970        1970        1970        1970        5000              1970     9850000  1961650000     1010000     1942.23           1
15/ 7/2018 54: 2:26        1980        1980        1980        1980        5000              1980     9900000  1971550000     1015000     1942.41           1
15/ 7/2018 54: 2:33        1990        1990        1990        1990        5000              1990     9950000  1981500000     1020000     1942.65           1
15/ 7/2018 54: 2:54        1980        1980        1980        1980        5000              1980     9900000  1991400000     1025000     1942.83           1
15/ 7/2018 55: 2: 1        1990        1990        1990        1990        5000              1990     9950000  2001350000     1030000     1943.06           1
15/ 7/2018 55: 2: 8        1980        1980        1980        1980        5000              1980     9900000  2011250000     1035000     1943.24           1
15/ 7/2018 57: 2: 2        1990        1990        1990        1990        5000              1990     9950000  2021200000     1040000     1943.46           1
15/ 7/2018 57: 2:30        1980        1980        1980        1980        5000              1980     9900000  2031100000     1045000     1943.64           1
15/ 7/2018 58: 2: 5        1990        1990        1990        1990        5000              1990     9950000  2041050000     1050000     1943.86           1
15/ 7/2018 58: 2:47        2000        2000        2000        2000        5000              2000    10000000  2051050000     1055000     1944.12           1
16/ 7/2018  0: 2:32        1990        1990        1990        1990        5000              1990     9950000  2061000000     1060000     1944.34           1
16/ 7/2018  0: 2:39        2000        2000        2000        2000        5000              2000    10000000  2071000000     1065000      1944.6           1
16/ 7/2018  0: 2:46        1990        1990        1990        1990        5000              1990     9950000  2080950000     1070000     1944.81           1
16/ 7/2018  1: 2:28        1980        1980        1980        1980        5000              1980     9900000  2090850000     1075000     1944.98           1
16/ 7/2018  2: 2: 3        1990        1990        1990        1990        5000              1990     9950000  2100800000     1080000     1945.19           1
16/ 7/2018  2: 2:45        1980        1980        1980        1980        5000              1980     9900000  2110700000     1085000     1945.35           1
16/ 7/2018  3: 2:34        1990        1990        1990        1990        5000              1990     9950000  2120650000     1090000     1945.55           1
16/ 7/2018  3: 2:41        1980        1980        1980        1980        5000              1980     9900000  2130550000     1095000     1945.71           1
16/ 7/2018  5: 2:54        1970        1970        1970        1970        5000              1970     9850000  2140400000     1100000     1945.82           1
16/ 7/2018  6: 2: 1        1980        1980        1980        1980        5000              1980     9900000  2150300000     1105000     1945.97           1
16/ 7/2018  6: 2:15        1970        1970        1970        1970        5000              1970     9850000  2160150000     1110000     1946.08           1
16/ 7/2018  6: 2:50        1960        1960        1960        1960        5000              1960     9800000  2169950000     1115000     1946.14           1
16/ 7/2018  7: 2: 4        1970        1970        1970        1970        5000              1970     9850000  2179800000     1120000     1946.25           1
16/ 7/2018  7: 2:32        1980        1980        1980        1980        5000              1980     9900000  2189700000     1125000      1946.4           1
16/ 7/2018  8: 2:35        1970        1970        1970        1970        5000              1970     9850000  2199550000     1130000      1946.5           1
16/ 7/2018  9: 2: 3        1980        1980        1980        1980        5000              1980     9900000  2209450000     1135000     1946.65           1
16/ 7/2018  9: 2:17        1990        1990        1990        1990        5000              1990     9950000  2219400000     1140000     1946.84           1
16/ 7/2018 10: 2:48        2000        2000        2000        2000        5000              2000    10000000  2229400000     1145000     1947.07           1
16/ 7/2018 10: 2:55        1990        1990        1990        1990        5000              1990     9950000  2239350000     1150000     1947.26           1
16/ 7/2018 11: 2:37        1980        1980        1980        1980        5000              1980     9900000  2249250000     1155000      1947.4           1
16/ 7/2018 12: 2: 5        1990        1990        1990        1990        5000              1990     9950000  2259200000     1160000     1947.59           1
16/ 7/2018 12: 2:47        1980        1980        1980        1980        5000              1980     9900000  2269100000     1165000     1947.73           1
16/ 7/2018 14: 2:25        1990        1990        1990        1990        5000              1990     9950000  2279050000     1170000     1947.91           1
16/ 7/2018 16: 2:52        1980        1980        1980        1980        5000              1980     9900000  2288950000     1175000     1948.04           1
16/ 7/2018 17: 2: 6        1990        1990        1990        1990        5000              1990     9950000  2298900000     1180000     1948.22           1
16/ 7/2018 17: 2:20        1980        1980        1980        1980        5000              1980     9900000  2308800000     1185000     1948.35           1
16/ 7/2018 17: 2:27        1990        1990        1990        1990        5000              1990     9950000  2318750000     1190000     1948.53           1
16/ 7/2018 17: 2:34        1980        1980        1980        1980        5000              1980     9900000  2328650000     1195000     1948.66           1
16/ 7/2018 19: 2: 5        1990        1990        1990        1990        5000              1990     9950000  2338600000     1200000     1948.83           1
16/ 7/2018 19: 2:26        1980        1980        1980        1980        5000              1980     9900000  2348500000     1205000     1948.96           1
16/ 7/2018 20: 2:22        1970        1970        1970        1970        5000              1970     9850000  2358350000     1210000     1949.05           1
16/ 7/2018 20: 2:29        1980        1980        1980        1980        5000              1980     9900000  2368250000     1215000     1949.18           1
16/ 7/2018 21: 2:38        1970        1970        1970        1970        5000              1970     9850000  2378100000     1220000     1949.26           1
16/ 7/2018 21: 2:45        1980        1980        1980        1980        5000              1980     9900000  2388000000     1225000     1949.39           1
16/ 7/2018 21: 2:52        1970        1970        1970        1970        5000              1970     9850000  2397850000     1230000     1949.47           1
16/ 7/2018 21: 2:59        1980        1980        1980        1980        5000              1980     9900000  2407750000     1235000      1949.6           1
16/ 7/2018 23: 2:44        1970        1970        1970        1970        5000              1970     9850000  2417600000     1240000     1949.68           1
16/ 7/2018 24: 2:54        1980        1980        1980        1980        5000              1980     9900000  2427500000     1245000      1949.8           1
16/ 7/2018 25: 2: 1        1970        1970        1970        1970        5000              1970     9850000  2437350000     1250000     1949.88           1
16/ 7/2018 25: 2:15        1980        1980        1980        1980        5000              1980     9900000  2447250000     1255000        1950           1
16/ 7/2018 25: 2:50        1990        1990        1990        1990        5000              1990     9950000  2457200000     1260000     1950.16           1
16/ 7/2018 26: 2:53        2000        2000        2000        2000        5000              2000    10000000  2467200000     1265000     1950.36           1
16/ 7/2018 27: 2: 0        1990        1990        1990        1990        5000              1990     9950000  2477150000     1270000     1950.51           1
16/ 7/2018 27: 2:14        2000        2000        2000        2000        5000              2000    10000000  2487150000     1275000     1950.71           1
16/ 7/2018 27: 2:28        1990        1990        1990        1990        5000              1990     9950000  2497100000     1280000     1950.86           1
16/ 7/2018 28: 2: 3        2000        2000        2000        2000        5000              2000    10000000  2507100000     1285000     1951.05           1
16/ 7/2018 28: 2:10        1990        1990        1990        1990        5000              1990     9950000  2517050000     1290000      1951.2           1
16/ 7/2018 28: 2:17        2000        2000        2000        2000        5000              2000    10000000  2527050000     1295000     1951.39           1
16/ 7/2018 28: 2:31        1990        1990        1990        1990        5000              1990     9950000  2537000000     1300000     1951.54           1
16/ 7/2018 28: 2:45        2000        2000        2000        2000        5000              2000    10000000  2547000000     1305000     1951.72           1
16/ 7/2018 28: 2:52        1990        1990        1990        1990        5000              1990     9950000  2556950000     1310000     1951.87           1
16/ 7/2018 28: 2:59        2000        2000        2000        2000        5000              2000    10000000  2566950000     1315000     1952.05           1
16/ 7/2018 29: 2:13        1990        1990        1990        1990        5000              1990     9950000  2576900000     1320000      1952.2           1
16/ 7/2018 30: 2: 2        2000        2000        2000        2000        5000              2000    10000000  2586900000     1325000     1952.38           1
16/ 7/2018 30: 2:37        1990        1990        1990        1990        5000              1990     9950000  2596850000     1330000     1952.52           1
16/ 7/2018 30: 2:51        2000        2000        2000        2000        5000              2000    10000000  2606850000     1335000      1952.7           1
16/ 7/2018 31: 2:19        2010        2010        2010        2010        5000              2010    10050000  2616900000     1340000     1952.91           1
16/ 7/2018 31: 2:47        2000        2000        2000        2000        5000              2000    10000000  2626900000     1345000     1953.09           1
16/ 7/2018 31: 2:54        2010        2010        2010        2010        5000              2010    10050000  2636950000     1350000      1953.3           1
16/ 7/2018 32: 2:15        2000        2000        2000        2000        5000              2000    10000000  2646950000     1355000     1953.47           1
16/ 7/2018 33: 2: 4        1990        1990        1990        1990        5000              1990     9950000  2656900000     1360000      1953.6           1
16/ 7/2018 33: 2:11        2000        2000        2000        2000        5000              2000    10000000  2666900000     1365000     1953.77           1
16/ 7/2018 34: 2:21        2010        2010        2010        2010        5000              2010    10050000  2676950000     1370000     1953.98           1
16/ 7/2018 34: 2:28        2000        2000        2000        2000        5000              2000    10000000  2686950000     1375000     1954.15           1
16/ 7/2018 35: 2:10        2010        2010        2010        2010        5000              2010    10050000  2697000000     1380000     1954.35           1
16/ 7/2018 35: 2:31        2000        2000        2000        2000        5000              2000    10000000  2707000000     1385000     1954.51           1
16/ 7/2018 35: 2:38        2010        2010        2010        2010        5000              2010    10050000  2717050000     1390000     1954.71           1
16/ 7/2018 35: 2:45        2020        2020        2020        2020        5000              2020    10100000  2727150000     1395000     1954.95           1
16/ 7/2018 35: 2:52        2010        2010        2010        2010        5000              2010    10050000  2737200000     1400000     1955.14           1
16/ 7/2018 36: 2:55        2020        2020        2020        2020        5000              2020    10100000  2747300000     1405000     1955.37           1
16/ 7/2018 37: 2:30        2010        2010        2010        2010        5000              2010    10050000  2757350000     1410000     1955.57           1
16/ 7/2018 37: 2:44        2020        2020        2020        2020        5000              2020    10100000  2767450000     1415000      1955.8           1
16/ 7/2018 37: 2:51        2010        2010        2010        2010        5000              2010    10050000  2777500000     1420000     1955.99           1
16/ 7/2018 38: 2:26        2020        2020        2020        2020        5000              2020    10100000  2787600000     1425000     1956.21           1
16/ 7/2018 40: 2:32        2010        2010        2010        2010        5000              2010    10050000  2797650000     1430000      1956.4           1
16/ 7/2018 41: 2:21        2020        2020        2020        2020        5000              2020    10100000  2807750000     1435000     1956.62           1
16/ 7/2018 41: 2:28        2010        2010        2010        2010        5000              2010    10050000  2817800000     1440000     1956.81           1
16/ 7/2018 41: 2:35        2020        2020        2020        2020        5000              2020    10100000  2827900000     1445000     1957.02           1
16/ 7/2018 42: 2:24        2010        2010        2010        2010        5000              2010    10050000  2837950000     1450000     1957.21           1
16/ 7/2018 42: 2:38        2020        2020        2020        2020        5000              2020    10100000  2848050000     1455000     1957.42           1
16/ 7/2018 42: 2:52        2010        2010        2010        2010        5000              2010    10050000  2858100000     1460000      1957.6           1
16/ 7/2018 45: 2: 1        2020        2020        2020        2020        5000              2020    10100000  2868200000     1465000     1957.82           1
16/ 7/2018 45: 2: 8        2010        2010        2010        2010        5000              2010    10050000  2878250000     1470000     1957.99           1
16/ 7/2018 45: 2:22        2020        2020        2020        2020        5000              2020    10100000  2888350000     1475000      1958.2           1
16/ 7/2018 45: 2:58        2030        2030        2030        2030        5000              2030    10150000  2898500000     1480000     1958.45           1
16/ 7/2018 46: 2: 5        2020        2020        2020        2020        5000              2020    10100000  2908600000     1485000     1958.65           1
16/ 7/2018 47: 2:15        2010        2010        2010        2010        5000              2010    10050000  2918650000     1490000     1958.83           1
16/ 7/2018 48: 2: 4        2020        2020        2020        2020        5000              2020    10100000  2928750000     1495000     1959.03           1
16/ 7/2018 48: 2:18        2010        2010        2010        2010        5000              2010    10050000  2938800000     1500000      1959.2           1
16/ 7/2018 49: 2:42        2020        2020        2020        2020        5000              2020    10100000  2948900000     1505000      1959.4           1
16/ 7/2018 49: 2:49        2010        2010        2010        2010        5000              2010    10050000  2958950000     1510000     1959.57           1
16/ 7/2018 49: 2:56        2020        2020        2020        2020        5000              2020    10100000  2969050000     1515000     1959.77           1
16/ 7/2018 50: 2: 3        2010        2010        2010        2010        5000              2010    10050000  2979100000     1520000     1959.93           1
16/ 7/2018 51: 2:48        2020        2020        2020        2020        5000              2020    10100000  2989200000     1525000     1960.13           1
16/ 7/2018 51: 2:55        2010        2010        2010        2010        5000              2010    10050000  2999250000     1530000     1960.29           1
16/ 7/2018 55: 2:25        2000        2000        2000        2000        5000              2000    10000000  3009250000     1535000     1960.42           1
17/ 7/2018  0: 2: 6        2010        2010        2010        2010        5000              2010    10050000  3019300000     1540000     1960.58           1
17/ 7/2018  0: 2:55        2000        2000        2000        2000        5000              2000    10000000  3029300000     1545000     1960.71           1
17/ 7/2018  1: 2: 9        2010        2010        2010        2010        5000              2010    10050000  3039350000     1550000     1960.87           1
17/ 7/2018  1: 2:16        2000        2000        2000        2000        5000              2000    10000000  3049350000     1555000        1961           1
17/ 7/2018  1: 2:30        2010        2010        2010        2010        5000              2010    10050000  3059400000     1560000     1961.15           1
17/ 7/2018  2: 2:12        2000        2000        2000        2000        5000              2000    10000000  3069400000     1565000     1961.28           1
17/ 7/2018  2: 2:26        2010        2010        2010        2010        5000              2010    10050000  3079450000     1570000     1961.43           1
17/ 7/2018  2: 2:47        2000        2000        2000        2000        5000              2000    10000000  3089450000     1575000     1961.56           1
17/ 7/2018  3: 2:29        2010        2010        2010        2010        5000              2010    10050000  3099500000     1580000     1961.71           1
17/ 7/2018  3: 2:36        2000        2000        2000        2000        5000              2000    10000000  3109500000     1585000     1961.83           1
17/ 7/2018  4: 2:39        1990        1990        1990        1990        5000              1990     9950000  3119450000     1590000     1961.92           1
17/ 7/2018  5: 2:14        2000        2000        2000        2000        5000              2000    10000000  3129450000     1595000     1962.04           1
17/ 7/2018  6: 2:24        2010        2010        2010        2010        5000              2010    10050000  3139500000     1600000     1962.19           1
17/ 7/2018  8: 2:44        2000        2000        2000        2000        5000              2000    10000000  3149500000     1605000     1962.31           1
17/ 7/2018  9: 2:12        1990        1990        1990        1990        5000              1990     9950000  3159450000     1610000     1962.39           1
17/ 7/2018  9: 2:54        1980        1980        1980        1980        5000              1980     9900000  3169350000     1615000     1962.45           1
17/ 7/2018 10: 2:15        1990        1990        1990        1990        5000              1990     9950000  3179300000     1620000     1962.53           1
17/ 7/2018 11: 2: 4        2000        2000        2000        2000        5000              2000    10000000  3189300000     1625000     1962.65           1
17/ 7/2018 11: 2:11        1990        1990        1990        1990        5000              1990     9950000  3199250000     1630000     1962.73           1
17/ 7/2018 11: 2:18        2000        2000        2000        2000        5000              2000    10000000  3209250000     1635000     1962.84           1
17/ 7/2018 11: 2:53        1990        1990        1990        1990        5000              1990     9950000  3219200000     1640000     1962.93           1
17/ 7/2018 12: 2: 0        2000        2000        2000        2000        5000              2000    10000000  3229200000     1645000     1963.04           1
17/ 7/2018 12: 2:21        1990        1990        1990        1990        5000              1990     9950000  3239150000     1650000     1963.12           1
17/ 7/2018 13: 2:17        2000        2000        2000        2000        5000              2000    10000000  3249150000     1655000     1963.23           1
17/ 7/2018 15: 2:44        1990        1990        1990        1990        5000              1990     9950000  3259100000     1660000     1963.31           1
17/ 7/2018 15: 2:51        2000        2000        2000        2000        5000              2000    10000000  3269100000     1665000     1963.42           1
17/ 7/2018 16: 2: 5        1990        1990        1990        1990        5000              1990     9950000  3279050000     1670000      1963.5           1
17/ 7/2018 16: 2:33        2000        2000        2000        2000        5000              2000    10000000  3289050000     1675000     1963.61           1
17/ 7/2018 16: 2:45        1990        1990        1990        1990        5000              1990     9950000  3299000000     1680000     1963.69           1
17/ 7/2018 19: 2:40        1980        1980        1980        1980        5000              1980     9900000  3308900000     1685000     1963.74           1
17/ 7/2018 19: 2:54        1990        1990        1990        1990        5000              1990     9950000  3318850000     1690000     1963.82           1
17/ 7/2018 20: 2:43        2000        2000        2000        2000        5000              2000    10000000  3328850000     1695000     1963.92           1
17/ 7/2018 21: 2:11        1990        1990        1990        1990        5000              1990     9950000  3338800000     1700000        1964           1
17/ 7/2018 21: 2:47        2000        2000        2000        2000        5000              2000    10000000  3348800000     1705000     1964.11           1
17/ 7/2018 22: 2:22        1990        1990        1990        1990        5000              1990     9950000  3358750000     1710000     1964.18           1
17/ 7/2018 24: 2:35        1980        1980        1980        1980        5000              1980     9900000  3368650000     1715000     1964.23           1
17/ 7/2018 25: 2:59        1970        1970        1970        1970        5000              1970     9850000  3378500000     1720000     1964.24           1
17/ 7/2018 27: 2:16        1980        1980        1980        1980        5000              1980     9900000  3388400000     1725000     1964.29           1
17/ 7/2018 27: 2:58        1970        1970        1970        1970        5000              1970     9850000  3398250000     1730000     1964.31           1
17/ 7/2018 28: 2: 5        1980        1980        1980        1980        5000              1980     9900000  3408150000     1735000     1964.35           1
17/ 7/2018 30: 2:48        1990        1990        1990        1990        5000              1990     9950000  3418100000     1740000     1964.43           1
17/ 7/2018 34: 2:29        2000        2000        2000        2000        5000              2000    10000000  3428100000     1745000     1964.53           1
17/ 7/2018 34: 2:36        1990        1990        1990        1990        5000              1990     9950000  3438050000     1750000      1964.6           1
17/ 7/2018 34: 2:43        1980        1980        1980        1980        5000              1980     9900000  3447950000     1755000     1964.64           1
17/ 7/2018 35: 2:53        1990        1990        1990        1990        5000              1990     9950000  3457900000     1760000     1964.72           1
17/ 7/2018 36: 2:14        1980        1980        1980        1980        5000              1980     9900000  3467800000     1765000     1964.76           1
17/ 7/2018 36: 2:35        1990        1990        1990        1990        5000              1990     9950000  3477750000     1770000     1964.83           1
17/ 7/2018 36: 2:49        2000        2000        2000        2000        5000              2000    10000000  3487750000     1775000     1964.93           1
17/ 7/2018 37: 2:10        1990        1990        1990        1990        5000              1990     9950000  3497700000     1780000        1965           1
17/ 7/2018 37: 2:31        2000        2000        2000        2000        5000              2000    10000000  3507700000     1785000      1965.1           1
17/ 7/2018 38: 2:55        1990        1990        1990        1990        5000              1990     9950000  3517650000     1790000     1965.17           1
17/ 7/2018 39: 2: 2        2000        2000        2000        2000        5000              2000    10000000  3527650000     1795000     1965.26           1
17/ 7/2018 39: 2:58        1990        1990        1990        1990        5000              1990     9950000  3537600000     1800000     1965.33           1
17/ 7/2018 41: 2:36        2000        2000        2000        2000        5000              2000    10000000  3547600000     1805000     1965.43           1
17/ 7/2018 41: 2:50        2010        2010        2010        2010        5000              2010    10050000  3557650000     1810000     1965.55           1
17/ 7/2018 41: 2:57        2000        2000        2000        2000        5000              2000    10000000  3567650000     1815000     1965.65           1
17/ 7/2018 42: 2:32        1990        1990        1990        1990        5000              1990     9950000  3577600000     1820000     1965.71           1
17/ 7/2018 43: 2:31        2000        2000        2000        2000        5000              2000    10000000  3587600000     1825000     1965.81           1
17/ 7/2018 43: 2:59        1990        1990        1990        1990        5000              1990     9950000  3597550000     1830000     1965.87           1
17/ 7/2018 44: 2: 6        2000        2000        2000        2000        5000              2000    10000000  3607550000     1835000     1965.97           1
17/ 7/2018 44: 2:13        1990        1990        1990        1990        5000              1990     9950000  3617500000     1840000     1966.03           1
17/ 7/2018 46: 2:40        2000        2000        2000        2000        5000              2000    10000000  3627500000     1845000     1966.12           1
17/ 7/2018 51: 2:30        1990        1990        1990        1990        5000              1990     9950000  3637450000     1850000     1966.19           1
17/ 7/2018 52: 2:13        1980        1980        1980        1980        5000              1980     9900000  3647350000     1855000     1966.23           1
17/ 7/2018 54: 2:20        1970        1970        1970        1970        5000              1970     9850000  3657200000     1860000     1966.24           1
17/ 7/2018 58: 2:44        1980        1980        1980        1980        5000              1980     9900000  3667100000     1865000     1966.27           1
17/ 7/2018 59: 2:54        1970        1970        1970        1970        5000              1970     9850000  3676950000     1870000     1966.28           1
