         Date              Open        High         Low       Close      Volume    Typical Price         V*P    Total VP     Total V            VWAP
 2/ 7/2018 10: 0:34         860         860         860         860       25000              860    21500000    21500000       25000              860
 2/ 7/2018 10: 0:41         880         880         850         850       25000              860    21500000    43000000       50000              860
 2/ 7/2018 10: 2:39         840         840         840         840       25000              840    21000000    64000000       75000          853.333
 2/ 7/2018 10: 2:41         850         850         850         850       25000              850    21250000    85250000      100000            852.5
 2/ 7/2018 10: 3:22         860         860         860         860       25000              860    21500000   106750000      125000              854
 2/ 7/2018 10: 3:23         850         850         850         850       25000              850    21250000   128000000      150000          853.333
 2/ 7/2018 10: 3:29         840         840         840         840       25000              840    21000000   149000000      175000          851.429
 2/ 7/2018 10: 6:11         850         850         850         850       25000              850    21250000   170250000      200000           851.25
 2/ 7/2018 10: 7:47         870         870         870         870       25000              870    21750000   192000000      225000          853.333
 2/ 7/2018 10: 7:48         840         840         840         840       25000              840    21000000   213000000      250000              852
 2/ 7/2018 10: 8:15         870         870         870         870       25000              870    21750000   234750000      275000          853.636
 2/ 7/2018 10: 8:16         850         850         850         850       25000              850    21250000   256000000      300000          853.333
 2/ 7/2018 10: 8:19         840         840         840         840       25000              840    21000000   277000000      325000          852.308
 2/ 7/2018 10: 8:23         850         850         850         850       25000              850    21250000   298250000      350000          852.143
 2/ 7/2018 10:10:25         840         840         840         840       25000              840    21000000   319250000      375000          851.333
 2/ 7/2018 10:11:16         850         850         850         850       25000              850    21250000   340500000      400000           851.25
 2/ 7/2018 10:11:30         840         840         840         840       25000              840    21000000   361500000      425000          850.588
 2/ 7/2018 10:12: 1         850         850         850         850       25000              850    21250000   382750000      450000          850.556
 2/ 7/2018 10:15: 2         860         860         860         860       25000              860    21500000   404250000      475000          851.053
 2/ 7/2018 10:15: 8         850         850         850         850       25000              850    21250000   425500000      500000              851
 2/ 7/2018 10:15:29         860         860         860         860       25000              860    21500000   447000000      525000          851.429
 2/ 7/2018 10:16:12         870         870         870         870       25000              870    21750000   468750000      550000          852.273
 2/ 7/2018 10:16:44         860         860         860         860       25000              860    21500000   490250000      575000          852.609
 2/ 7/2018 10:17:40         870         870         870         870       25000              870    21750000   512000000      600000          853.333
 2/ 7/2018 10:20:53         860         860         860         860       25000              860    21500000   533500000      625000            853.6
 2/ 7/2018 10:21:57         890         890         890         890       25000              890    22250000   555750000      650000              855
 2/ 7/2018 10:21:58         860         890         860         890       25000              880    22000000   577750000      675000          855.926
 2/ 7/2018 10:21:59         860         860         860         860       25000              860    21500000   599250000      700000          856.071
 2/ 7/2018 10:30:21         880         880         860         860       25000          866.667    21666666   620916666      725000          856.437
 2/ 7/2018 10:33:56         850         850         850         850       25000              850    21250000   642166666      750000          856.222
 2/ 7/2018 10:43:10         860         860         860         860       25000              860    21500000   663666666      775000          856.344
 2/ 7/2018 10:49:15         850         850         850         850       25000              850    21250000   684916666      800000          856.146
 2/ 7/2018 10:54:28         880         880         860         860       25000          866.667    21666666   706583332      825000          856.465
 2/ 7/2018 10:54:47         850         850         850         850       25000              850    21250000   727833332      850000          856.275
 2/ 7/2018 11: 4:27         870         870         870         870       25000              870    21750000   749583332      875000          856.667
 2/ 7/2018 11: 4:40         840         840         840         840       25000              840    21000000   770583332      900000          856.204
 2/ 7/2018 11: 6: 9         830         830         830         830       25000              830    20750000   791333332      925000          855.495
 2/ 7/2018 11: 6:10         840         840         840         840       25000              840    21000000   812333332      950000          855.088
 2/ 7/2018 11:11:43         830         830         830         830       25000              830    20750000   833083332      975000          854.444
 2/ 7/2018 11:12:23         840         840         840         840       25000              840    21000000   854083332     1000000          854.083
 2/ 7/2018 11:12:24         820         820         820         820       25000              820    20500000   874583332     1025000          853.252
 2/ 7/2018 11:12:31         830         830         830         830       25000              830    20750000   895333332     1050000          852.698
 2/ 7/2018 11:13: 6         820         820         820         820       25000              820    20500000   915833332     1075000          851.938
 2/ 7/2018 11:13:10         830         830         830         830       25000              830    20750000   936583332     1100000          851.439
 2/ 7/2018 11:13:25         840         840         840         840       25000              840    21000000   957583332     1125000          851.185
 2/ 7/2018 11:13:27         820         820         820         820       25000              820    20500000   978083332     1150000          850.507
 2/ 7/2018 11:13:47         840         840         840         840       25000              840    21000000   999083332     1175000          850.284
 2/ 7/2018 11:13:52         830         830         830         830       25000              830    20750000  1019833332     1200000          849.861
 2/ 7/2018 11:13:59         820         820         820         820       25000              820    20500000  1040333332     1225000          849.252
 2/ 7/2018 11:14: 8         830         830         830         830       25000              830    20750000  1061083332     1250000          848.867
 2/ 7/2018 11:14:22         820         840         820         840       25000          833.333    20833333  1081916665     1275000          848.562
 2/ 7/2018 11:14:23         820         820         820         820       25000              820    20500000  1102416665     1300000          848.013
 2/ 7/2018 11:14:24         840         840         820         820       25000          826.667    20666666  1123083331     1325000           847.61
 2/ 7/2018 11:14:29         830         830         830         830       25000              830    20750000  1143833331     1350000          847.284
 2/ 7/2018 11:17: 2         820         820         820         820       25000              820    20500000  1164333331     1375000          846.788
 2/ 7/2018 11:17: 3         830         830         830         830       25000              830    20750000  1185083331     1400000          846.488
 2/ 7/2018 11:17: 5         840         840         830         830       25000          833.333    20833333  1205916664     1425000          846.257
 2/ 7/2018 11:17: 6         840         840         840         840       25000              840    21000000  1226916664     1450000          846.149
 2/ 7/2018 11:17: 7         820         820         820         820       25000              820    20500000  1247416664     1475000          845.706
 2/ 7/2018 11:17:22         830         830         830         830       25000              830    20750000  1268166664     1500000          845.444
 2/ 7/2018 11:17:30         810         810         810         810       25000              810    20250000  1288416664     1525000          844.863
 2/ 7/2018 11:17:33         830         830         830         830       25000              830    20750000  1309166664     1550000          844.624
 2/ 7/2018 11:17:35         810         810         810         810       25000              810    20250000  1329416664     1575000          844.074
 2/ 7/2018 11:17:53         830         830         830         830       25000              830    20750000  1350166664     1600000          843.854
 2/ 7/2018 11:17:54         820         820         820         820       25000              820    20500000  1370666664     1625000          843.487
 2/ 7/2018 11:18:43         830         830         830         830       25000              830    20750000  1391416664     1650000          843.283
 2/ 7/2018 11:18:44         820         820         820         820       25000              820    20500000  1411916664     1675000          842.935
 2/ 7/2018 11:21:23         830         830         830         830       25000              830    20750000  1432666664     1700000          842.745
 2/ 7/2018 11:21:24         820         820         810         810       25000          813.333    20333333  1452999997     1725000          842.319
 2/ 7/2018 11:21:59         820         820         820         820       25000              820    20500000  1473499997     1750000              842
 2/ 7/2018 11:22: 3         810         810         810         810       25000              810    20250000  1493749997     1775000          841.549
 2/ 7/2018 11:24:39         830         830         830         830       25000              830    20750000  1514499997     1800000          841.389
 2/ 7/2018 11:24:40         820         820         820         820       25000              820    20500000  1534999997     1825000          841.096
 2/ 7/2018 11:24:51         830         830         830         830       25000              830    20750000  1555749997     1850000          840.946
 2/ 7/2018 11:24:55         820         820         820         820       25000              820    20500000  1576249997     1875000          840.667
 2/ 7/2018 11:28: 5         830         830         830         830       25000              830    20750000  1596999997     1900000          840.526
 2/ 7/2018 11:39:12         820         820         820         820       25000              820    20500000  1617499997     1925000           840.26
 2/ 7/2018 11:41:20         830         830         820         820       25000          823.333    20583333  1638083330     1950000          840.043
 2/ 7/2018 11:41:22         810         810         810         810       25000              810    20250000  1658333330     1975000          839.662
 2/ 7/2018 11:47:20         820         820         820         820       25000              820    20500000  1678833330     2000000          839.417
 2/ 7/2018 11:53:53         810         830         810         830       25000          823.333    20583333  1699416663     2025000          839.218
 2/ 7/2018 11:53:54         810         810         810         810       25000              810    20250000  1719666663     2050000          838.862
 2/ 7/2018 11:55: 3         830         830         830         830       25000              830    20750000  1740416663     2075000          838.755
 2/ 7/2018 11:55: 4         820         820         820         820       25000              820    20500000  1760916663     2100000          838.532
 2/ 7/2018 11:55:10         830         830         830         830       25000              830    20750000  1781666663     2125000          838.431
 2/ 7/2018 11:55:15         820         820         820         820       25000              820    20500000  1802166663     2150000          838.217
 2/ 7/2018 11:55:16         830         830         820         820       25000          823.333    20583333  1822749996     2175000          838.046
 2/ 7/2018 11:55:17         830         830         830         830       25000              830    20750000  1843499996     2200000          837.955
 2/ 7/2018 11:55:19         810         810         810         810       25000              810    20250000  1863749996     2225000           837.64
 2/ 7/2018 11:55:20         820         820         820         820       25000              820    20500000  1884249996     2250000          837.444
 2/ 7/2018 11:55:22         830         830         830         830       25000              830    20750000  1904999996     2275000          837.363
 2/ 7/2018 11:55:23         820         820         820         820       25000              820    20500000  1925499996     2300000          837.174
 2/ 7/2018 11:55:30         830         830         830         830       25000              830    20750000  1946249996     2325000          837.097
 2/ 7/2018 11:55:34         810         810         810         810       25000              810    20250000  1966499996     2350000          836.809
 2/ 7/2018 11:55:37         830         830         830         830       25000              830    20750000  1987249996     2375000          836.737
 2/ 7/2018 11:55:38         810         810         810         810       25000              810    20250000  2007499996     2400000          836.458
 2/ 7/2018 11:55:40         830         830         830         830       25000              830    20750000  2028249996     2425000          836.392
 2/ 7/2018 11:55:42         820         820         820         820       25000              820    20500000  2048749996     2450000          836.224
 2/ 7/2018 11:55:45         830         830         830         830       25000              830    20750000  2069499996     2475000          836.162
 2/ 7/2018 11:55:49         810         810         810         810       25000              810    20250000  2089749996     2500000            835.9
 2/ 7/2018 11:58:33         830         830         830         830       25000              830    20750000  2110499996     2525000          835.842
 2/ 7/2018 11:58:35         820         820         820         820       25000              820    20500000  2130999996     2550000          835.686
 2/ 7/2018 11:58:53         810         830         810         830       25000          823.333    20583333  2151583329     2575000          835.566
 2/ 7/2018 11:58:57         820         820         820         820       25000              820    20500000  2172083329     2600000          835.417
 2/ 7/2018 11:59:18         830         830         830         830       25000              830    20750000  2192833329     2625000          835.365
 2/ 7/2018 11:59:21         820         820         820         820       25000              820    20500000  2213333329     2650000           835.22
 2/ 7/2018 11:59:24         830         830         830         830       25000              830    20750000  2234083329     2675000          835.171
 2/ 7/2018 11:59:25         810         810         810         810       25000              810    20250000  2254333329     2700000          834.938
 2/ 7/2018 11:59:26         830         830         830         830       25000              830    20750000  2275083329     2725000          834.893
 2/ 7/2018 11:59:28         820         820         820         820       25000              820    20500000  2295583329     2750000          834.758
 2/ 7/2018 11:59:29         830         830         830         830       25000              830    20750000  2316333329     2775000          834.715
 2/ 7/2018 11:59:30         820         820         820         820       25000              820    20500000  2336833329     2800000          834.583
 2/ 7/2018 12: 1: 7         810         810         810         810       25000              810    20250000  2357083329     2825000          834.366
 2/ 7/2018 12: 1: 8         820         820         820         820       25000              820    20500000  2377583329     2850000           834.24
 2/ 7/2018 12: 2:51         830         830         830         830       25000              830    20750000  2398333329     2875000          834.203
 2/ 7/2018 12: 2:52         820         820         820         820       25000              820    20500000  2418833329     2900000           834.08
 2/ 7/2018 12: 2:57         830         830         830         830       25000              830    20750000  2439583329     2925000          834.046
 2/ 7/2018 12: 3: 4         820         820         820         820       25000              820    20500000  2460083329     2950000          833.927
 2/ 7/2018 12: 8:41         830         830         830         830       25000              830    20750000  2480833329     2975000          833.894
 2/ 7/2018 12: 8:52         840         840         820         820       25000          826.667    20666666  2501499995     3000000          833.833
 2/ 7/2018 12: 9:16         830         830         830         830       25000              830    20750000  2522249995     3025000          833.802
 2/ 7/2018 12:11: 9         840         840         820         820       25000          826.667    20666666  2542916661     3050000          833.743
 2/ 7/2018 12:14: 6         810         810         810         810       25000              810    20250000  2563166661     3075000           833.55
 2/ 7/2018 12:17:53         820         820         820         820       25000              820    20500000  2583666661     3100000          833.441
 2/ 7/2018 12:18: 9         810         810         810         810       25000              810    20250000  2603916661     3125000          833.253
 2/ 7/2018 12:18:34         820         820         810         810       25000          813.333    20333333  2624249994     3150000          833.095
 2/ 7/2018 12:21:36         820         820         820         820       25000              820    20500000  2644749994     3175000          832.992
 2/ 7/2018 12:21:38         810         810         810         810       25000              810    20250000  2664999994     3200000          832.812
 2/ 7/2018 12:22: 7         820         820         820         820       25000              820    20500000  2685499994     3225000          832.713
 2/ 7/2018 12:22: 8         810         810         810         810       25000              810    20250000  2705749994     3250000          832.538
 2/ 7/2018 12:22:16         820         820         820         820       25000              820    20500000  2726249994     3275000          832.443
 2/ 7/2018 12:22:17         810         810         810         810       25000              810    20250000  2746499994     3300000          832.273
 2/ 7/2018 12:22:19         820         820         820         820       25000              820    20500000  2766999994     3325000           832.18
 2/ 7/2018 12:22:23         810         810         810         810       25000              810    20250000  2787249994     3350000          832.015
 2/ 7/2018 12:22:27         820         820         820         820       25000              820    20500000  2807749994     3375000          831.926
 2/ 7/2018 12:22:29         810         810         810         810       25000              810    20250000  2827999994     3400000          831.765
 2/ 7/2018 12:22:35         820         820         810         810       25000          813.333    20333333  2848333327     3425000           831.63
 2/ 7/2018 12:23:22         820         820         810         810       25000          813.333    20333333  2868666660     3450000          831.498
 2/ 7/2018 12:23:27         820         820         820         820       25000              820    20500000  2889166660     3475000          831.415
 2/ 7/2018 12:23:28         810         810         810         810       25000              810    20250000  2909416660     3500000          831.262
 2/ 7/2018 12:26:10         800         800         800         800       25000              800    20000000  2929416660     3525000           831.04
 2/ 7/2018 12:27:13         810         810         810         810       25000              810    20250000  2949666660     3550000          830.892
 2/ 7/2018 12:30: 8         800         800         800         800       25000              800    20000000  2969666660     3575000          830.676
 2/ 7/2018 12:31: 8         810         810         810         810       25000              810    20250000  2989916660     3600000          830.532
 2/ 7/2018 12:31:30         820         820         820         820       25000              820    20500000  3010416660     3625000           830.46
 2/ 7/2018 12:31:31         800         800         800         800       25000              800    20000000  3030416660     3650000          830.251
 2/ 7/2018 12:31:35         820         820         820         820       25000              820    20500000  3050916660     3675000          830.181
 2/ 7/2018 12:31:36         810         810         810         810       25000              810    20250000  3071166660     3700000          830.045
 2/ 7/2018 12:31:51         800         800         800         800       25000              800    20000000  3091166660     3725000          829.843
 2/ 7/2018 12:31:52         820         820         820         820       25000              820    20500000  3111666660     3750000          829.778
 2/ 7/2018 12:31:55         810         820         810         820       25000          816.667    20416666  3132083326     3775000          829.691
 2/ 7/2018 12:31:56         800         800         800         800       25000              800    20000000  3152083326     3800000          829.496
 2/ 7/2018 12:31:58         820         820         820         820       25000              820    20500000  3172583326     3825000          829.434
 2/ 7/2018 12:31:59         800         800         800         800       25000              800    20000000  3192583326     3850000          829.242
 2/ 7/2018 12:32: 6         820         820         800         800       25000          806.667    20166666  3212749992     3875000          829.097
 2/ 7/2018 12:32: 7         810         810         800         800       25000          803.333    20083333  3232833325     3900000          828.932
 2/ 7/2018 12:33:47         810         810         810         810       25000              810    20250000  3253083325     3925000          828.811
 2/ 7/2018 12:37:28         800         800         800         800       25000              800    20000000  3273083325     3950000          828.629
 2/ 7/2018 12:37:35         810         820         810         820       25000          816.667    20416666  3293499991     3975000          828.553
 2/ 7/2018 12:37:36         810         810         810         810       25000              810    20250000  3313749991     4000000          828.437
 2/ 7/2018 12:37:50         820         820         820         820       25000              820    20500000  3334249991     4025000          828.385
 2/ 7/2018 12:37:51         800         800         800         800       25000              800    20000000  3354249991     4050000           828.21
 2/ 7/2018 12:37:52         820         820         820         820       25000              820    20500000  3374749991     4075000           828.16
 2/ 7/2018 12:37:54         810         810         810         810       25000              810    20250000  3394999991     4100000          828.049
 2/ 7/2018 12:41:27         800         800         800         800       25000              800    20000000  3414999991     4125000          827.879
 2/ 7/2018 12:41:35         810         810         810         810       25000              810    20250000  3435249991     4150000          827.771
 2/ 7/2018 14: 0:37         810         810         810         810       25000              810    20250000  3455499991     4175000          827.665
 2/ 7/2018 14: 7:25         820         820         820         820       25000              820    20500000  3475999991     4200000          827.619
 2/ 7/2018 14: 8:14         810         810         810         810       25000              810    20250000  3496249991     4225000          827.515
 2/ 7/2018 14:23:49         820         820         820         820       25000              820    20500000  3516749991     4250000          827.471
 2/ 7/2018 14:23:50         810         810         810         810       25000              810    20250000  3536999991     4275000          827.368
 2/ 7/2018 14:24: 3         820         820         820         820       25000              820    20500000  3557499991     4300000          827.326
 2/ 7/2018 14:24: 5         810         810         810         810       25000              810    20250000  3577749991     4325000          827.225
 2/ 7/2018 14:29:56         820         820         820         820       25000              820    20500000  3598249991     4350000          827.184
 2/ 7/2018 14:29:57         810         810         810         810       25000              810    20250000  3618499991     4375000          827.086
 2/ 7/2018 14:38:11         800         800         800         800       25000              800    20000000  3638499991     4400000          826.932
 2/ 7/2018 14:47: 3         810         810         810         810       25000              810    20250000  3658749991     4425000          826.836
 2/ 7/2018 15: 4: 1         820         820         820         820       25000              820    20500000  3679249991     4450000          826.798
 2/ 7/2018 15: 4: 2         810         810         810         810       25000              810    20250000  3699499991     4475000          826.704
 2/ 7/2018 15: 4: 4         820         820         820         820       25000              820    20500000  3719999991     4500000          826.667
 2/ 7/2018 15: 4:12         810         810         810         810       25000              810    20250000  3740249991     4525000          826.575
 2/ 7/2018 15:14:35         820         820         820         820       25000              820    20500000  3760749991     4550000          826.538
 2/ 7/2018 15:14:38         810         810         810         810       25000              810    20250000  3780999991     4575000          826.448
 2/ 7/2018 15:23:34         800         800         800         800       25000              800    20000000  3800999991     4600000          826.304
 2/ 7/2018 15:23:37         820         820         820         820       25000              820    20500000  3821499991     4625000           826.27
 2/ 7/2018 15:23:39         800         800         800         800       25000              800    20000000  3841499991     4650000          826.129
 2/ 7/2018 15:25: 7         810         810         810         810       25000              810    20250000  3861749991     4675000          826.043
 2/ 7/2018 15:25:11         800         800         800         800       25000              800    20000000  3881749991     4700000          825.904
 2/ 7/2018 15:25:16         820         820         820         820       25000              820    20500000  3902249991     4725000          825.873
 2/ 7/2018 15:25:19         810         810         810         810       25000              810    20250000  3922499991     4750000          825.789
 2/ 7/2018 15:25:30         820         820         820         820       25000              820    20500000  3942999991     4775000          825.759
 2/ 7/2018 15:25:31         800         800         800         800       25000              800    20000000  3962999991     4800000          825.625
 2/ 7/2018 15:26: 9         810         810         810         810       25000              810    20250000  3983249991     4825000          825.544
 2/ 7/2018 15:28:30         820         820         820         820       25000              820    20500000  4003749991     4850000          825.515
 2/ 7/2018 15:28:31         800         800         800         800       25000              800    20000000  4023749991     4875000          825.385
 2/ 7/2018 15:29:56         820         820         820         820       25000              820    20500000  4044249991     4900000          825.357
 2/ 7/2018 15:30: 1         810         810         810         810       25000              810    20250000  4064499991     4925000          825.279
 2/ 7/2018 15:30: 9         800         800         800         800       25000              800    20000000  4084499991     4950000          825.152
 2/ 7/2018 15:46:35         810         810         810         810       25000              810    20250000  4104749991     4975000          825.075
 2/ 7/2018 15:47:21         820         820         820         820       25000              820    20500000  4125249991     5000000           825.05
 2/ 7/2018 15:47:22         800         800         800         800       25000              800    20000000  4145249991     5025000          824.925
 2/ 7/2018 15:49: 2         810         810         810         810       25000              810    20250000  4165499991     5050000          824.851
 2/ 7/2018 16:11:56         820         820         820         820       25000              820    20500000  4185999991     5075000          824.828
 2/ 7/2018 16:15:48         830         830         830         830       25000              830    20750000  4206749991     5100000          824.853
 2/ 7/2018 16:15:52         840         840         840         840       25000              840    21000000  4227749991     5125000          824.927
 2/ 7/2018 16:15:53         820         820         820         820       25000              820    20500000  4248249991     5150000          824.903
 2/ 7/2018 16:16: 2         840         840         840         840       25000              840    21000000  4269249991     5175000          824.976
 2/ 7/2018 16:16: 4         830         830         830         830       25000              830    20750000  4289999991     5200000              825
 2/ 7/2018 16:16:16         840         840         840         840       25000              840    21000000  4310999991     5225000          825.072
 2/ 7/2018 16:16:17         820         820         820         820       25000              820    20500000  4331499991     5250000          825.048
 2/ 7/2018 16:30:24         810         810         810         810       25000              810    20250000  4351749991     5275000          824.976
 2/ 7/2018 16:33:28         830         830         830         830       25000              830    20750000  4372499991     5300000              825
 2/ 7/2018 16:33:29         820         820         820         820       25000              820    20500000  4392999991     5325000          824.977
 2/ 7/2018 16:33:36         830         830         830         830       25000              830    20750000  4413749991     5350000              825
 2/ 7/2018 16:33:39         810         810         810         810       25000              810    20250000  4433999991     5375000           824.93
 2/ 7/2018 16:54:32         820         820         820         820       25000              820    20500000  4454499991     5400000          824.907
 2/ 7/2018 16:54:33         800         800         800         800       25000              800    20000000  4474499991     5425000          824.793
 2/ 7/2018 16:58:53         810         810         810         810       25000              810    20250000  4494749991     5450000          824.725
 2/ 7/2018 16:59:49         800         800         800         800       25000              800    20000000  4514749991     5475000          824.612
 2/ 7/2018 17:10: 5         790         790         790         790       25000              790    19750000  4534499991     5500000          824.455
 2/ 7/2018 17:10:14         800         800         800         800       25000              800    20000000  4554499991     5525000          824.344
 2/ 7/2018 17:10:59         810         810         810         810       25000              810    20250000  4574749991     5550000          824.279
 2/ 7/2018 17:11: 0         800         800         800         800       25000              800    20000000  4594749991     5575000           824.17
 2/ 7/2018 17:11: 5         810         810         810         810       25000              810    20250000  4614999991     5600000          824.107
 2/ 7/2018 17:11: 6         790         790         790         790       25000              790    19750000  4634749991     5625000          823.956
 2/ 7/2018 17:11:41         800         800         800         800       25000              800    20000000  4654749991     5650000           823.85
 2/ 7/2018 17:11:51         790         790         790         790       25000              790    19750000  4674499991     5675000            823.7
 2/ 7/2018 17:19: 0         800         800         800         800       25000              800    20000000  4694499991     5700000          823.596
 2/ 7/2018 17:20: 0         790         790         790         790       25000              790    19750000  4714249991     5725000           823.45
 2/ 7/2018 17:20:15         800         800         800         800       25000              800    20000000  4734249991     5750000          823.348
 2/ 7/2018 17:20:19         790         790         790         790       25000              790    19750000  4753999991     5775000          823.203
 2/ 7/2018 17:20:28         800         800         790         790       25000          793.333    19833333  4773833324     5800000          823.075
 2/ 7/2018 17:24: 4         800         800         800         800       25000              800    20000000  4793833324     5825000          822.976
 2/ 7/2018 17:24: 5         790         790         790         790       25000              790    19750000  4813583324     5850000          822.835
 2/ 7/2018 17:24: 6         800         800         790         790       25000          793.333    19833333  4833416657     5875000          822.709
 2/ 7/2018 17:24: 8         800         800         780         780       25000          786.667    19666666  4853083323     5900000          822.556
 2/ 7/2018 17:26:34         800         800         800         800       25000              800    20000000  4873083323     5925000          822.461
 2/ 7/2018 17:26:36         790         790         790         790       25000              790    19750000  4892833323     5950000          822.325
 2/ 7/2018 17:36: 9         790         790         790         790       50000              790    39500000  4932333323     6000000          822.056
 2/ 7/2018 17:40: 6         780         780         780         780       50000              780    39000000  4971333323     6050000          821.708
 2/ 7/2018 17:45:46         770         770         770         770       50000              770    38500000  5009833323     6100000          821.284
 2/ 7/2018 17:46: 4         780         780         780         780       50000              780    39000000  5048833323     6150000          820.949
 2/ 7/2018 17:47:43         790         790         790         790       50000              790    39500000  5088333323     6200000          820.699
 2/ 7/2018 17:48:27         780         780         780         780       50000              780    39000000  5127333323     6250000          820.373
 2/ 7/2018 17:49:29         790         790         790         790       50000              790    39500000  5166833323     6300000          820.132
 2/ 7/2018 17:52:48         800         800         800         800       50000              800    40000000  5206833323     6350000          819.974
 2/ 7/2018 17:59:58         810         810         800         800       50000          803.333    40166666  5246999989     6400000          819.844
