         Date              Open        High         Low       Close      Volume     Typical Price         V*P    Total VP     Total V        VWAP    Message Count
10/ 7/2018  0: 2: 3        1780        1780        1780        1780        5000              1780     8900000     8900000        5000        1780           1
10/ 7/2018  2: 2:43        1790        1790        1790        1790        5000              1790     8950000    17850000       10000        1785           1
10/ 7/2018  6: 2:35        1800        1800        1800        1800        5000              1800     9000000    26850000       15000        1790           1
10/ 7/2018  6: 2:42        1790        1790        1790        1790        5000              1790     8950000    35800000       20000        1790           1
10/ 7/2018  7: 2:24        1800        1800        1800        1800        5000              1800     9000000    44800000       25000        1792           1
10/ 7/2018 14: 2:27        1810        1810        1810        1810        5000              1810     9050000    53850000       30000        1795           1
10/ 7/2018 14: 2:34        1800        1800        1800        1800        5000              1800     9000000    62850000       35000     1795.71           1
10/ 7/2018 14: 2:41        1810        1810        1810        1810        5000              1810     9050000    71900000       40000      1797.5           1
10/ 7/2018 17: 2:29        1800        1800        1800        1800        5000              1800     9000000    80900000       45000     1797.78           1
10/ 7/2018 19: 2:28        1810        1810        1810        1810        5000              1810     9050000    89950000       50000        1799           1
10/ 7/2018 27: 2:54        1810        1810        1810        1810        5000              1810     9050000    99000000       55000        1800           1
10/ 7/2018 31: 2:43        1800        1800        1800        1800        5000              1800     9000000   108000000       60000        1800           1
10/ 7/2018 32: 2:32        1810        1810        1810        1810        5000              1810     9050000   117050000       65000     1800.77           1
10/ 7/2018 41: 2:38        1800        1800        1800        1800        5000              1800     9000000   126050000       70000     1800.71           1
10/ 7/2018 49: 2:55        1810        1810        1810        1810        5000              1810     9050000   135100000       75000     1801.33           1
10/ 7/2018 50: 2:16        1820        1820        1820        1820        5000              1820     9100000   144200000       80000      1802.5           1
10/ 7/2018 51: 2:40        1810        1810        1810        1810        5000              1810     9050000   153250000       85000     1802.94           1
10/ 7/2018 54: 2:49        1820        1820        1820        1820        5000              1820     9100000   162350000       90000     1803.89           1
10/ 7/2018 56: 2:41        1830        1830        1830        1830        5000              1830     9150000   171500000       95000     1805.26           1
10/ 7/2018 58: 2:12        1820        1820        1820        1820        5000              1820     9100000   180600000      100000        1806           1
10/ 7/2018 58: 2:26        1830        1830        1830        1830        5000              1830     9150000   189750000      105000     1807.14           1
10/ 7/2018 58: 2:33        1820        1820        1820        1820        5000              1820     9100000   198850000      110000     1807.73           1
10/ 7/2018 58: 2:40        1830        1830        1830        1830        5000              1830     9150000   208000000      115000      1808.7           1
10/ 7/2018 59: 2: 1        1820        1820        1820        1820        5000              1820     9100000   217100000      120000     1809.17           1
10/ 7/2018 59: 2: 8        1830        1830        1830        1830        5000              1830     9150000   226250000      125000        1810           1
10/ 7/2018 59: 2:15        1820        1820        1820        1820        5000              1820     9100000   235350000      130000     1810.38           1
10/ 7/2018 59: 2:36        1830        1830        1830        1830        5000              1830     9150000   244500000      135000     1811.11           1
10/ 7/2018 59: 2:43        1820        1820        1820        1820        5000              1820     9100000   253600000      140000     1811.43           1
10/ 7/2018 59: 2:50        1830        1830        1830        1830        5000              1830     9150000   262750000      145000     1812.07           1
11/ 7/2018  0: 2:11        1820        1820        1820        1820        5000              1820     9100000   271850000      150000     1812.33           1
11/ 7/2018  1: 2: 0        1810        1810        1810        1810        5000              1810     9050000   280900000      155000     1812.26           1
11/ 7/2018 15: 2: 7        1800        1800        1800        1800        5000              1800     9000000   289900000      160000     1811.88           1
11/ 7/2018 15: 2:14        1790        1790        1790        1790        5000              1790     8950000   298850000      165000     1811.21           1
11/ 7/2018 15: 2:21        1800        1800        1800        1800        5000              1800     9000000   307850000      170000     1810.88           1
11/ 7/2018 19: 2:19        1790        1790        1790        1790        5000              1790     8950000   316800000      175000     1810.29           1
11/ 7/2018 28: 2:15        1800        1800        1800        1800        5000              1800     9000000   325800000      180000        1810           1
11/ 7/2018 28: 2:22        1790        1790        1790        1790        5000              1790     8950000   334750000      185000     1809.46           1
11/ 7/2018 28: 2:36        1800        1800        1800        1800        5000              1800     9000000   343750000      190000     1809.21           1
11/ 7/2018 29: 2:18        1790        1790        1790        1790        5000              1790     8950000   352700000      195000     1808.72           1
11/ 7/2018 29: 2:25        1800        1800        1800        1800        5000              1800     9000000   361700000      200000      1808.5           1
11/ 7/2018 29: 2:32        1790        1790        1790        1790        5000              1790     8950000   370650000      205000     1808.05           1
11/ 7/2018 30: 2: 0        1800        1800        1800        1800        5000              1800     9000000   379650000      210000     1807.86           1
11/ 7/2018 30: 2:14        1790        1790        1790        1790        5000              1790     8950000   388600000      215000     1807.44           1
11/ 7/2018 30: 2:21        1800        1800        1800        1800        5000              1800     9000000   397600000      220000     1807.27           1
11/ 7/2018 30: 2:49        1790        1790        1790        1790        5000              1790     8950000   406550000      225000     1806.89           1
11/ 7/2018 32: 2:13        1780        1780        1780        1780        5000              1780     8900000   415450000      230000      1806.3           1
11/ 7/2018 32: 2:20        1790        1790        1790        1790        5000              1790     8950000   424400000      235000     1805.96           1
11/ 7/2018 34: 2:40        1800        1800        1800        1800        5000              1800     9000000   433400000      240000     1805.83           1
11/ 7/2018 34: 2:47        1790        1790        1790        1790        5000              1790     8950000   442350000      245000     1805.51           1
11/ 7/2018 35: 2: 1        1800        1800        1800        1800        5000              1800     9000000   451350000      250000      1805.4           1
11/ 7/2018 35: 2:15        1790        1790        1790        1790        5000              1790     8950000   460300000      255000      1805.1           1
11/ 7/2018 35: 2:29        1800        1800        1800        1800        5000              1800     9000000   469300000      260000        1805           1
11/ 7/2018 35: 2:36        1790        1790        1790        1790        5000              1790     8950000   478250000      265000     1804.72           1
11/ 7/2018 37: 2: 0        1800        1800        1800        1800        5000              1800     9000000   487250000      270000     1804.63           1
11/ 7/2018 37: 2: 7        1790        1790        1790        1790        5000              1790     8950000   496200000      275000     1804.36           1
11/ 7/2018 53: 2: 6        1800        1800        1800        1800        5000              1800     9000000   505200000      280000     1804.29           1
12/ 7/2018  1: 2: 2        1790        1790        1790        1790        5000              1790     8950000   514150000      285000     1804.04           1
12/ 7/2018  3: 2:32        1800        1800        1800        1800        5000              1800     9000000   523150000      290000     1803.97           1
12/ 7/2018  8: 2:51        1790        1790        1790        1790        5000              1790     8950000   532100000      295000     1803.73           1
12/ 7/2018 11: 2: 2        1800        1800        1800        1800        5000              1800     9000000   541100000      300000     1803.67           1
12/ 7/2018 14: 2: 2        1810        1810        1810        1810        5000              1810     9050000   550150000      305000     1803.77           1
12/ 7/2018 19: 2:48        1800        1800        1800        1800        5000              1800     9000000   559150000      310000     1803.71           1
12/ 7/2018 28: 2: 2        1810        1810        1810        1810        5000              1810     9050000   568200000      315000     1803.81           1
12/ 7/2018 30: 2:40        1800        1800        1800        1800        5000              1800     9000000   577200000      320000     1803.75           1
12/ 7/2018 30: 2:47        1790        1790        1790        1790        5000              1790     8950000   586150000      325000     1803.54           1
12/ 7/2018 31: 2:36        1780        1780        1780        1780        5000              1780     8900000   595050000      330000     1803.18           1
12/ 7/2018 31: 2:57        1790        1790        1790        1790        5000              1790     8950000   604000000      335000     1802.99           1
12/ 7/2018 56: 2: 0        1800        1800        1800        1800        5000              1800     9000000   613000000      340000     1802.94           1
14/ 7/2018  0: 2: 0        1790        1790        1790        1790        5000              1790     8950000   621950000      345000     1802.75           1
14/ 7/2018  3: 2: 0        1780        1780        1780        1780        5000              1780     8900000   630850000      350000     1802.43           1
14/ 7/2018  3: 2:14        1790        1790        1790        1790        5000              1790     8950000   639800000      355000     1802.25           1
14/ 7/2018  3: 2:35        1780        1780        1780        1780        5000              1780     8900000   648700000      360000     1801.94           1
14/ 7/2018  3: 2:42        1790        1790        1790        1790        5000              1790     8950000   657650000      365000     1801.78           1
14/ 7/2018  6: 2:10        1780        1780        1780        1780        5000              1780     8900000   666550000      370000     1801.49           1
14/ 7/2018  6: 2:17        1790        1790        1790        1790        5000              1790     8950000   675500000      375000     1801.33           1
14/ 7/2018  6: 2:38        1780        1780        1780        1780        5000              1780     8900000   684400000      380000     1801.05           1
14/ 7/2018  6: 2:57        1790        1790        1790        1790        5000              1790     8950000   693350000      385000     1800.91           1
14/ 7/2018  7: 2: 4        1780        1780        1780        1780        5000              1780     8900000   702250000      390000     1800.64           1
14/ 7/2018 10: 2: 0        1790        1790        1790        1790        5000              1790     8950000   711200000      395000     1800.51           1
14/ 7/2018 13: 2:58        1800        1800        1800        1800        5000              1800     9000000   720200000      400000      1800.5           1
14/ 7/2018 19: 2:50        1790        1790        1790        1790        5000              1790     8950000   729150000      405000     1800.37           1
14/ 7/2018 46: 2:28        1780        1780        1780        1780        5000              1780     8900000   738050000      410000     1800.12           1
14/ 7/2018 54: 2:33        1790        1790        1790        1790        5000              1790     8950000   747000000      415000        1800           1
14/ 7/2018 54: 2:40        1780        1780        1780        1780        5000              1780     8900000   755900000      420000     1799.76           1
14/ 7/2018 57: 2:42        1790        1790        1790        1790        5000              1790     8950000   764850000      425000     1799.65           1
14/ 7/2018 57: 2:56        1780        1780        1780        1780        5000              1780     8900000   773750000      430000     1799.42           1
14/ 7/2018 58: 2: 3        1790        1790        1790        1790        5000              1790     8950000   782700000      435000     1799.31           1
14/ 7/2018 58: 2:10        1780        1780        1780        1780        5000              1780     8900000   791600000      440000     1799.09           1
14/ 7/2018 58: 2:24        1790        1790        1790        1790        5000              1790     8950000   800550000      445000     1798.99           1
14/ 7/2018 58: 2:31        1780        1780        1780        1780        5000              1780     8900000   809450000      450000     1798.78           1
14/ 7/2018 59: 2:13        1790        1790        1790        1790        5000              1790     8950000   818400000      455000     1798.68           1
14/ 7/2018 59: 2:41        1780        1780        1780        1780        5000              1780     8900000   827300000      460000     1798.48           1
15/ 7/2018  7: 2: 4        1770        1770        1770        1770        5000              1770     8850000   836150000      465000     1798.17           1
15/ 7/2018 11: 2:37        1760        1760        1760        1760        5000              1760     8800000   844950000      470000     1797.77           1
15/ 7/2018 15: 2:56        1770        1770        1770        1770        5000              1770     8850000   853800000      475000     1797.47           1
15/ 7/2018 18: 2: 2        1760        1760        1760        1760        5000              1760     8800000   862600000      480000     1797.08           1
15/ 7/2018 26: 2:12        1770        1770        1770        1770        5000              1770     8850000   871450000      485000      1796.8           1
15/ 7/2018 29: 2:46        1780        1780        1780        1780        5000              1780     8900000   880350000      490000     1796.63           1
15/ 7/2018 31: 2:31        1790        1790        1790        1790        5000              1790     8950000   889300000      495000     1796.57           1
15/ 7/2018 34: 2:26        1800        1800        1800        1800        5000              1800     9000000   898300000      500000      1796.6           1
15/ 7/2018 35: 2:15        1810        1810        1810        1810        5000              1810     9050000   907350000      505000     1796.73           1
15/ 7/2018 35: 2:57        1800        1800        1800        1800        5000              1800     9000000   916350000      510000     1796.76           1
15/ 7/2018 37: 2:22        1790        1790        1790        1790        5000              1790     8950000   925300000      515000      1796.7           1
15/ 7/2018 40: 2:10        1800        1800        1800        1800        5000              1800     9000000   934300000      520000     1796.73           1
15/ 7/2018 40: 2:59        1790        1790        1790        1790        5000              1790     8950000   943250000      525000     1796.67           1
15/ 7/2018 45: 2:39        1780        1780        1780        1780        5000              1780     8900000   952150000      530000     1796.51           1
15/ 7/2018 48: 2:29        1770        1770        1770        1770        5000              1770     8850000   961000000      535000     1796.26           1
15/ 7/2018 49: 2:32        1760        1760        1760        1760        5000              1760     8800000   969800000      540000     1795.93           1
15/ 7/2018 50: 2:35        1750        1750        1750        1750        5000              1750     8750000   978550000      545000      1795.5           1
15/ 7/2018 52: 2:27        1760        1760        1760        1760        5000              1760     8800000   987350000      550000     1795.18           1
15/ 7/2018 53: 2:23        1770        1770        1770        1770        5000              1770     8850000   996200000      555000     1794.95           1
15/ 7/2018 54: 2:22        1780        1780        1780        1780        5000              1780     8900000  1005100000      560000     1794.82           1
15/ 7/2018 58: 2: 6        1790        1790        1790        1790        5000              1790     8950000  1014050000      565000     1794.78           1
15/ 7/2018 58: 2:13        1800        1800        1800        1800        5000              1800     9000000  1023050000      570000     1794.82           1
16/ 7/2018  6: 2: 9        1790        1790        1790        1790        5000              1790     8950000  1032000000      575000     1794.78           1
16/ 7/2018  6: 2:23        1780        1780        1780        1780        5000              1780     8900000  1040900000      580000     1794.66           1
16/ 7/2018  6: 2:51        1790        1790        1790        1790        5000              1790     8950000  1049850000      585000     1794.62           1
16/ 7/2018  7: 2:26        1800        1800        1800        1800        5000              1800     9000000  1058850000      590000     1794.66           1
16/ 7/2018  7: 2:54        1810        1810        1810        1810        5000              1810     9050000  1067900000      595000     1794.79           1
16/ 7/2018  8: 2:43        1800        1800        1800        1800        5000              1800     9000000  1076900000      600000     1794.83           1
16/ 7/2018  9: 2:19        1810        1810        1810        1810        5000              1810     9050000  1085950000      605000     1794.96           1
16/ 7/2018 10: 2:21        1830        1830        1830        1830        5000              1830     9150000  1095100000      610000     1795.25           1
16/ 7/2018 10: 2:28        1820        1820        1820        1820        5000              1820     9100000  1104200000      615000     1795.45           1
16/ 7/2018 10: 2:49        1830        1830        1830        1830        5000              1830     9150000  1113350000      620000     1795.73           1
16/ 7/2018 10: 2:56        1820        1820        1820        1820        5000              1820     9100000  1122450000      625000     1795.92           1
16/ 7/2018 14: 2:54        1830        1830        1830        1830        5000              1830     9150000  1131600000      630000     1796.19           1
16/ 7/2018 15: 2:15        1820        1820        1820        1820        5000              1820     9100000  1140700000      635000     1796.38           1
16/ 7/2018 18: 2:21        1810        1810        1810        1810        5000              1810     9050000  1149750000      640000     1796.48           1
16/ 7/2018 21: 2:38        1800        1800        1800        1800        5000              1800     9000000  1158750000      645000     1796.51           1
16/ 7/2018 25: 2:43        1810        1810        1810        1810        5000              1810     9050000  1167800000      650000     1796.62           1
16/ 7/2018 29: 2:48        1820        1820        1820        1820        5000              1820     9100000  1176900000      655000     1796.79           1
16/ 7/2018 30: 2:23        1810        1810        1810        1810        5000              1810     9050000  1185950000      660000     1796.89           1
16/ 7/2018 30: 2:30        1820        1820        1820        1820        5000              1820     9100000  1195050000      665000     1797.07           1
16/ 7/2018 30: 2:44        1810        1810        1810        1810        5000              1810     9050000  1204100000      670000     1797.16           1
16/ 7/2018 31: 2:12        1820        1820        1820        1820        5000              1820     9100000  1213200000      675000     1797.33           1
16/ 7/2018 31: 2:19        1810        1810        1810        1810        5000              1810     9050000  1222250000      680000     1797.43           1
16/ 7/2018 35: 2: 3        1820        1820        1820        1820        5000              1820     9100000  1231350000      685000     1797.59           1
16/ 7/2018 35: 2:31        1830        1830        1830        1830        5000              1830     9150000  1240500000      690000     1797.83           1
16/ 7/2018 35: 2:52        1820        1820        1820        1820        5000              1820     9100000  1249600000      695000     1797.99           1
16/ 7/2018 36: 2:48        1830        1830        1830        1830        5000              1830     9150000  1258750000      700000     1798.21           1
16/ 7/2018 39: 2:57        1840        1840        1840        1840        5000              1840     9200000  1267950000      705000     1798.51           1
16/ 7/2018 40: 2:46        1830        1830        1830        1830        5000              1830     9150000  1277100000      710000     1798.73           1
16/ 7/2018 44: 2:47        1820        1820        1820        1820        5000              1820     9100000  1286200000      715000     1798.88           1
16/ 7/2018 44: 2:54        1830        1830        1830        1830        5000              1830     9150000  1295350000      720000      1799.1           1
16/ 7/2018 45: 2:29        1840        1840        1840        1840        5000              1840     9200000  1304550000      725000     1799.38           1
16/ 7/2018 46: 2:25        1850        1850        1850        1850        5000              1850     9250000  1313800000      730000     1799.73           1
16/ 7/2018 47: 2:14        1840        1840        1840        1840        5000              1840     9200000  1323000000      735000        1800           1
16/ 7/2018 47: 2:28        1850        1850        1850        1850        5000              1850     9250000  1332250000      740000     1800.34           1
16/ 7/2018 47: 2:35        1840        1840        1840        1840        5000              1840     9200000  1341450000      745000      1800.6           1
16/ 7/2018 48: 2:52        1830        1830        1830        1830        5000              1830     9150000  1350600000      750000      1800.8           1
16/ 7/2018 49: 2:20        1840        1840        1840        1840        5000              1840     9200000  1359800000      755000     1801.06           1
16/ 7/2018 49: 2:27        1830        1830        1830        1830        5000              1830     9150000  1368950000      760000     1801.25           1
16/ 7/2018 49: 2:48        1840        1840        1840        1840        5000              1840     9200000  1378150000      765000      1801.5           1
16/ 7/2018 49: 2:55        1830        1830        1830        1830        5000              1830     9150000  1387300000      770000     1801.69           1
16/ 7/2018 50: 2: 2        1840        1840        1840        1840        5000              1840     9200000  1396500000      775000     1801.94           1
16/ 7/2018 50: 2:16        1830        1830        1830        1830        5000              1830     9150000  1405650000      780000     1802.12           1
16/ 7/2018 50: 2:30        1840        1840        1840        1840        5000              1840     9200000  1414850000      785000     1802.36           1
16/ 7/2018 50: 2:51        1830        1830        1830        1830        5000              1830     9150000  1424000000      790000     1802.53           1
16/ 7/2018 50: 2:58        1840        1840        1840        1840        5000              1840     9200000  1433200000      795000     1802.77           1
16/ 7/2018 51: 2:19        1830        1830        1830        1830        5000              1830     9150000  1442350000      800000     1802.94           1
16/ 7/2018 51: 2:26        1840        1840        1840        1840        5000              1840     9200000  1451550000      805000     1803.17           1
16/ 7/2018 51: 2:40        1830        1830        1830        1830        5000              1830     9150000  1460700000      810000     1803.33           1
17/ 7/2018  0: 2: 6        1840        1840        1840        1840        5000              1840     9200000  1469900000      815000     1803.56           1
17/ 7/2018  0: 2:20        1850        1850        1850        1850        5000              1850     9250000  1479150000      820000     1803.84           1
17/ 7/2018  0: 2:34        1840        1840        1840        1840        5000              1840     9200000  1488350000      825000     1804.06           1
17/ 7/2018  2: 2: 5        1830        1830        1830        1830        5000              1830     9150000  1497500000      830000     1804.22           1
17/ 7/2018  4: 2:25        1820        1820        1820        1820        5000              1820     9100000  1506600000      835000     1804.31           1
17/ 7/2018  4: 2:32        1830        1830        1830        1830        5000              1830     9150000  1515750000      840000     1804.46           1
17/ 7/2018  4: 2:39        1820        1820        1820        1820        5000              1820     9100000  1524850000      845000     1804.56           1
17/ 7/2018  6: 2: 3        1830        1830        1830        1830        5000              1830     9150000  1534000000      850000     1804.71           1
17/ 7/2018  9: 2:59        1820        1820        1820        1820        5000              1820     9100000  1543100000      855000      1804.8           1
17/ 7/2018 20: 2:44        1830        1830        1830        1830        5000              1830     9150000  1552250000      860000     1804.94           1
17/ 7/2018 23: 2:32        1820        1820        1820        1820        5000              1820     9100000  1561350000      865000     1805.03           1
17/ 7/2018 24: 2:49        1810        1810        1810        1810        5000              1810     9050000  1570400000      870000     1805.06           1
17/ 7/2018 26: 2:48        1820        1820        1820        1820        5000              1820     9100000  1579500000      875000     1805.14           1
17/ 7/2018 29: 2:45        1830        1830        1830        1830        5000              1830     9150000  1588650000      880000     1805.28           1
17/ 7/2018 36: 2:42        1840        1840        1840        1840        5000              1840     9200000  1597850000      885000     1805.48           1
17/ 7/2018 41: 2:43        1850        1850        1850        1850        5000              1850     9250000  1607100000      890000     1805.73           1
17/ 7/2018 44: 2:20        1840        1840        1840        1840        5000              1840     9200000  1616300000      895000     1805.92           1
17/ 7/2018 45: 2:37        1850        1850        1850        1850        5000              1850     9250000  1625550000      900000     1806.17           1
17/ 7/2018 51: 2:58        1840        1840        1840        1840        5000              1840     9200000  1634750000      905000     1806.35           1
17/ 7/2018 52: 2:19        1830        1830        1830        1830        5000              1830     9150000  1643900000      910000     1806.48           1
17/ 7/2018 55: 2:30        1820        1820        1820        1820        5000              1820     9100000  1653000000      915000     1806.56           1
17/ 7/2018 57: 2:15        1830        1830        1830        1830        5000              1830     9150000  1662150000      920000     1806.68           1
17/ 7/2018 59: 2:19        1840        1840        1840        1840        5000              1840     9200000  1671350000      925000     1806.86           1
