         Date              Open        High         Low       Close      Volume     Typical Price         V*P    Total VP     Total V        VWAP    Message Count
10/ 7/2018  0: 2:34         680         680         680         680       25000               680    17000000    17000000       25000         680           1
10/ 7/2018  0: 2:41         690         690         670         670       25000           676.667    16916666    33916666       50000     678.333           2
10/ 7/2018  2: 2:39         660         660         660         660       25000               660    16500000    50416666       75000     672.222           1
10/ 7/2018  2: 2:41         670         670         670         670       25000               670    16750000    67166666      100000     671.667           1
10/ 7/2018  3: 2:23         680         680         680         680       25000               680    17000000    84166666      125000     673.333           1
10/ 7/2018  3: 2:24         670         670         670         670       25000               670    16750000   100916666      150000     672.778           1
10/ 7/2018  3: 2:29         660         660         660         660       25000               660    16500000   117416666      175000     670.952           1
10/ 7/2018  6: 2:11         670         670         670         670       25000               670    16750000   134166666      200000     670.833           1
10/ 7/2018  7: 2:47         680         680         680         680       25000               680    17000000   151166666      225000     671.852           1
10/ 7/2018  7: 2:48         660         660         660         660       25000               660    16500000   167666666      250000     670.667           1
10/ 7/2018  8: 2:15         680         680         680         680       25000               680    17000000   184666666      275000     671.515           1
10/ 7/2018  8: 2:16         670         670         670         670       25000               670    16750000   201416666      300000     671.389           1
10/ 7/2018  8: 2:19         660         660         660         660       25000               660    16500000   217916666      325000     670.513           1
10/ 7/2018  8: 2:23         670         670         670         670       25000               670    16750000   234666666      350000     670.476           1
10/ 7/2018 10: 2:25         660         660         660         660       25000               660    16500000   251166666      375000     669.778           1
10/ 7/2018 11: 2:16         670         670         670         670       25000               670    16750000   267916666      400000     669.792           1
10/ 7/2018 11: 2:30         660         660         660         660       25000               660    16500000   284416666      425000     669.216           1
10/ 7/2018 12: 2: 1         670         670         670         670       25000               670    16750000   301166666      450000     669.259           1
10/ 7/2018 15: 2: 2         680         680         680         680       25000               680    17000000   318166666      475000     669.825           1
10/ 7/2018 15: 2: 8         670         670         670         670       25000               670    16750000   334916666      500000     669.833           1
10/ 7/2018 15: 2:29         680         680         680         680       25000               680    17000000   351916666      525000     670.317           1
10/ 7/2018 15: 2:48         690         690         690         690       25000               690    17250000   369166666      550000     671.212           1
10/ 7/2018 16: 2:12         700         700         700         700       25000               700    17500000   386666666      575000     672.464           1
10/ 7/2018 16: 2:44         690         690         690         690       25000               690    17250000   403916666      600000     673.194           1
10/ 7/2018 17: 2:40         700         700         700         700       25000               700    17500000   421416666      625000     674.267           1
10/ 7/2018 20: 2:53         690         690         690         690       25000               690    17250000   438666666      650000     674.872           1
10/ 7/2018 21: 2:57         710         710         710         710       25000               710    17750000   456416666      675000     676.173           1
10/ 7/2018 21: 2:58         690         710         690         710       25000           703.333    17583333   473999999      700000     677.143           2
10/ 7/2018 21: 2:59         690         690         690         690       25000               690    17250000   491249999      725000     677.586           1
10/ 7/2018 26: 2:16         680         680         680         680       25000               680    17000000   508249999      750000     677.667           1
10/ 7/2018 27: 2:48         690         690         690         690       25000               690    17250000   525499999      775000     678.065           1
10/ 7/2018 30: 2:21         700         700         680         680       25000           686.667    17166666   542666665      800000     678.333           2
10/ 7/2018 33: 2:56         670         670         670         670       25000               670    16750000   559416665      825000     678.081           1
10/ 7/2018 43: 2:10         680         680         680         680       25000               680    17000000   576416665      850000     678.137           1
10/ 7/2018 46: 2:12         690         690         690         690       25000               690    17250000   593666665      875000     678.476           1
10/ 7/2018 46: 2:35         680         680         680         680       25000               680    17000000   610666665      900000     678.519           1
10/ 7/2018 49: 2:15         670         670         670         670       25000               670    16750000   627416665      925000     678.288           1
10/ 7/2018 54: 2:28         690         690         680         680       25000           683.333    17083333   644499998      950000     678.421           2
10/ 7/2018 54: 2:47         670         670         670         670       25000               670    16750000   661249998      975000     678.205           1
11/ 7/2018  4: 2:27         680         680         680         680       25000               680    17000000   678249998     1000000      678.25           1
11/ 7/2018  4: 2:40         660         660         660         660       25000               660    16500000   694749998     1025000     677.805           1
11/ 7/2018 12: 2:23         670         670         670         670       25000               670    16750000   711499998     1050000     677.619           1
11/ 7/2018 12: 2:24         650         650         650         650       25000               650    16250000   727749998     1075000     676.977           1
11/ 7/2018 12: 2:31         660         660         660         660       25000               660    16500000   744249998     1100000     676.591           1
11/ 7/2018 13: 2: 6         650         650         650         650       25000               650    16250000   760499998     1125000         676           1
11/ 7/2018 13: 2:10         660         660         660         660       25000               660    16500000   776999998     1150000     675.652           1
11/ 7/2018 13: 2:25         670         670         670         670       25000               670    16750000   793749998     1175000     675.532           1
11/ 7/2018 13: 2:27         650         650         650         650       25000               650    16250000   809999998     1200000         675           1
11/ 7/2018 13: 2:47         670         670         670         670       25000               670    16750000   826749998     1225000     674.898           1
11/ 7/2018 13: 2:52         660         660         660         660       25000               660    16500000   843249998     1250000       674.6           1
11/ 7/2018 13: 2:59         650         650         650         650       25000               650    16250000   859499998     1275000     674.118           1
11/ 7/2018 14: 2: 8         660         660         660         660       25000               660    16500000   875999998     1300000     673.846           1
11/ 7/2018 14: 2:22         650         670         650         670       25000           663.333    16583333   892583331     1325000     673.648           2
11/ 7/2018 14: 2:23         650         650         650         650       25000               650    16250000   908833331     1350000      673.21           1
11/ 7/2018 14: 2:24         670         670         650         650       25000           656.667    16416666   925249997     1375000     672.909           2
11/ 7/2018 14: 2:29         660         660         660         660       25000               660    16500000   941749997     1400000     672.679           1
11/ 7/2018 17: 2: 2         650         650         650         650       25000               650    16250000   957999997     1425000     672.281           1
11/ 7/2018 17: 2: 3         660         660         660         660       25000               660    16500000   974499997     1450000     672.069           1
11/ 7/2018 17: 2: 5         670         670         660         660       25000           663.333    16583333   991083330     1475000     671.921           2
11/ 7/2018 17: 2: 6         670         670         670         670       25000               670    16750000  1007833330     1500000     671.889           1
11/ 7/2018 17: 2: 7         650         650         650         650       25000               650    16250000  1024083330     1525000      671.53           1
11/ 7/2018 17: 2:22         660         660         660         660       25000               660    16500000  1040583330     1550000     671.344           1
11/ 7/2018 17: 2:30         640         640         640         640       25000               640    16000000  1056583330     1575000     670.847           1
11/ 7/2018 17: 2:33         660         660         660         660       25000               660    16500000  1073083330     1600000     670.677           1
11/ 7/2018 17: 2:35         640         640         640         640       25000               640    16000000  1089083330     1625000     670.205           1
11/ 7/2018 17: 2:53         660         660         660         660       25000               660    16500000  1105583330     1650000     670.051           1
11/ 7/2018 17: 2:54         650         650         650         650       25000               650    16250000  1121833330     1675000     669.751           1
11/ 7/2018 18: 2:43         660         660         660         660       25000               660    16500000  1138333330     1700000     669.608           1
11/ 7/2018 18: 2:44         650         650         650         650       25000               650    16250000  1154583330     1725000     669.324           1
11/ 7/2018 21: 2:23         660         660         660         660       25000               660    16500000  1171083330     1750000      669.19           1
11/ 7/2018 21: 2:24         650         650         640         640       25000           643.333    16083333  1187166663     1775000     668.826           2
11/ 7/2018 21: 2:59         650         650         650         650       25000               650    16250000  1203416663     1800000     668.565           1
11/ 7/2018 22: 2: 3         630         630         630         630       25000               630    15750000  1219166663     1825000     668.037           1
11/ 7/2018 22: 2:11         640         640         640         640       25000               640    16000000  1235166663     1850000     667.658           1
11/ 7/2018 22: 2:19         630         630         630         630       25000               630    15750000  1250916663     1875000     667.156           1
11/ 7/2018 22: 2:20         640         640         640         640       25000               640    16000000  1266916663     1900000     666.798           1
11/ 7/2018 24: 2:39         660         660         660         660       25000               660    16500000  1283416663     1925000      666.71           1
11/ 7/2018 24: 2:40         650         650         650         650       25000               650    16250000  1299666663     1950000     666.496           1
11/ 7/2018 24: 2:51         660         660         660         660       25000               660    16500000  1316166663     1975000     666.414           1
11/ 7/2018 24: 2:55         650         650         650         650       25000               650    16250000  1332416663     2000000     666.208           1
11/ 7/2018 28: 2: 5         660         660         660         660       25000               660    16500000  1348916663     2025000     666.132           1
11/ 7/2018 39: 2:12         650         650         650         650       25000               650    16250000  1365166663     2050000     665.935           1
11/ 7/2018 41: 2:20         660         660         650         650       25000           653.333    16333333  1381499996     2075000     665.783           2
11/ 7/2018 41: 2:22         640         640         640         640       25000               640    16000000  1397499996     2100000     665.476           1
11/ 7/2018 47: 2:20         650         650         650         650       25000               650    16250000  1413749996     2125000     665.294           1
11/ 7/2018 53: 2:53         640         660         640         660       25000           653.333    16333333  1430083329     2150000     665.155           2
11/ 7/2018 53: 2:54         640         640         640         640       25000               640    16000000  1446083329     2175000     664.866           1
11/ 7/2018 55: 2: 3         660         660         660         660       25000               660    16500000  1462583329     2200000     664.811           1
11/ 7/2018 55: 2: 4         650         650         650         650       25000               650    16250000  1478833329     2225000     664.644           1
11/ 7/2018 55: 2:10         660         660         660         660       25000               660    16500000  1495333329     2250000     664.593           1
11/ 7/2018 55: 2:15         650         650         650         650       25000               650    16250000  1511583329     2275000     664.432           1
11/ 7/2018 55: 2:16         660         660         650         650       25000           653.333    16333333  1527916662     2300000     664.312           2
11/ 7/2018 55: 2:17         660         660         660         660       25000               660    16500000  1544416662     2325000     664.265           1
11/ 7/2018 55: 2:19         640         640         640         640       25000               640    16000000  1560416662     2350000     664.007           1
11/ 7/2018 55: 2:20         650         650         650         650       25000               650    16250000  1576666662     2375000      663.86           1
11/ 7/2018 55: 2:22         660         660         660         660       25000               660    16500000  1593166662     2400000     663.819           1
11/ 7/2018 55: 2:23         650         650         650         650       25000               650    16250000  1609416662     2425000     663.677           1
11/ 7/2018 55: 2:30         660         660         660         660       25000               660    16500000  1625916662     2450000     663.639           1
11/ 7/2018 55: 2:34         640         640         640         640       25000               640    16000000  1641916662     2475000     663.401           1
11/ 7/2018 55: 2:37         660         660         660         660       25000               660    16500000  1658416662     2500000     663.367           1
11/ 7/2018 55: 2:38         640         640         640         640       25000               640    16000000  1674416662     2525000     663.135           1
11/ 7/2018 55: 2:40         660         660         660         660       25000               660    16500000  1690916662     2550000     663.105           1
11/ 7/2018 55: 2:42         650         650         650         650       25000               650    16250000  1707166662     2575000     662.977           1
11/ 7/2018 55: 2:45         660         660         660         660       25000               660    16500000  1723666662     2600000     662.949           1
11/ 7/2018 55: 2:49         640         640         640         640       25000               640    16000000  1739666662     2625000      662.73           1
11/ 7/2018 58: 2:33         660         660         660         660       25000               660    16500000  1756166662     2650000     662.704           1
11/ 7/2018 58: 2:35         650         650         650         650       25000               650    16250000  1772416662     2675000     662.586           1
11/ 7/2018 58: 2:53         640         660         640         660       25000           653.333    16333333  1788749995     2700000       662.5           2
11/ 7/2018 58: 2:57         650         650         650         650       25000               650    16250000  1804999995     2725000     662.385           1
11/ 7/2018 59: 2:18         660         660         660         660       25000               660    16500000  1821499995     2750000     662.364           1
11/ 7/2018 59: 2:21         650         650         650         650       25000               650    16250000  1837749995     2775000     662.252           1
11/ 7/2018 59: 2:24         660         660         660         660       25000               660    16500000  1854249995     2800000     662.232           1
11/ 7/2018 59: 2:25         640         640         640         640       25000               640    16000000  1870249995     2825000     662.035           1
11/ 7/2018 59: 2:26         660         660         660         660       25000               660    16500000  1886749995     2850000     662.018           1
11/ 7/2018 59: 2:28         650         650         650         650       25000               650    16250000  1902999995     2875000     661.913           1
11/ 7/2018 59: 2:29         660         660         660         660       25000               660    16500000  1919499995     2900000     661.897           1
11/ 7/2018 59: 2:30         650         650         650         650       25000               650    16250000  1935749995     2925000     661.795           1
12/ 7/2018  1: 2: 7         640         640         640         640       25000               640    16000000  1951749995     2950000      661.61           1
12/ 7/2018  1: 2: 8         650         650         650         650       25000               650    16250000  1967999995     2975000     661.513           1
12/ 7/2018  2: 2:51         660         660         660         660       25000               660    16500000  1984499995     3000000       661.5           1
12/ 7/2018  2: 2:52         650         650         650         650       25000               650    16250000  2000749995     3025000     661.405           1
12/ 7/2018  2: 2:57         660         660         660         660       25000               660    16500000  2017249995     3050000     661.393           1
12/ 7/2018  3: 2: 4         650         650         650         650       25000               650    16250000  2033499995     3075000     661.301           1
12/ 7/2018  8: 2:41         660         660         660         660       25000               660    16500000  2049999995     3100000      661.29           1
12/ 7/2018  8: 2:52         670         670         650         650       25000           656.667    16416666  2066416661     3125000     661.253           2
12/ 7/2018  9: 2:16         660         660         660         660       25000               660    16500000  2082916661     3150000     661.243           1
12/ 7/2018 11: 2: 9         670         670         650         650       25000           656.667    16416666  2099333327     3175000     661.207           2
12/ 7/2018 14: 2: 6         640         640         640         640       25000               640    16000000  2115333327     3200000     661.042           1
12/ 7/2018 17: 2:53         650         650         650         650       25000               650    16250000  2131583327     3225000     660.956           1
12/ 7/2018 18: 2: 9         640         640         640         640       25000               640    16000000  2147583327     3250000     660.795           1
12/ 7/2018 18: 2:34         650         650         640         640       25000           643.333    16083333  2163666660     3275000     660.662           2
12/ 7/2018 21: 2:36         650         650         650         650       25000               650    16250000  2179916660     3300000     660.581           1
12/ 7/2018 21: 2:38         630         630         630         630       25000               630    15750000  2195666660     3325000     660.351           1
12/ 7/2018 22: 2: 7         650         650         650         650       25000               650    16250000  2211916660     3350000     660.274           1
12/ 7/2018 22: 2: 8         640         640         640         640       25000               640    16000000  2227916660     3375000     660.123           1
12/ 7/2018 22: 2:13         630         630         630         630       25000               630    15750000  2243666660     3400000     659.902           1
12/ 7/2018 22: 2:16         650         650         650         650       25000               650    16250000  2259916660     3425000      659.83           1
12/ 7/2018 22: 2:17         630         630         630         630       25000               630    15750000  2275666660     3450000     659.614           1
12/ 7/2018 22: 2:19         650         650         650         650       25000               650    16250000  2291916660     3475000     659.544           1
12/ 7/2018 22: 2:23         640         640         640         640       25000               640    16000000  2307916660     3500000     659.405           1
12/ 7/2018 22: 2:27         650         650         650         650       25000               650    16250000  2324166660     3525000     659.338           1
12/ 7/2018 22: 2:29         630         630         630         630       25000               630    15750000  2339916660     3550000     659.131           1
12/ 7/2018 22: 2:31         640         640         640         640       25000               640    16000000  2355916660     3575000     658.998           1
12/ 7/2018 22: 2:35         650         650         640         640       25000           643.333    16083333  2371999993     3600000     658.889           2
12/ 7/2018 22: 2:47         630         630         630         630       25000               630    15750000  2387749993     3625000      658.69           1
12/ 7/2018 23: 2:20         640         640         640         640       25000               640    16000000  2403749993     3650000     658.562           1
12/ 7/2018 23: 2:22         650         650         640         640       25000           643.333    16083333  2419833326     3675000     658.458           2
12/ 7/2018 23: 2:27         650         650         650         650       25000               650    16250000  2436083326     3700000     658.401           1
12/ 7/2018 23: 2:28         640         640         640         640       25000               640    16000000  2452083326     3725000     658.277           1
12/ 7/2018 25: 2:50         630         630         630         630       25000               630    15750000  2467833326     3750000     658.089           1
12/ 7/2018 25: 2:53         640         640         640         640       25000               640    16000000  2483833326     3775000     657.969           1
12/ 7/2018 26: 2: 2         630         630         630         630       25000               630    15750000  2499583326     3800000     657.785           1
12/ 7/2018 31: 2:30         640         640         640         640       25000               640    16000000  2515583326     3825000     657.669           1
12/ 7/2018 31: 2:31         630         630         630         630       25000               630    15750000  2531333326     3850000     657.489           1
12/ 7/2018 31: 2:35         640         640         640         640       25000               640    16000000  2547333326     3875000     657.376           1
12/ 7/2018 31: 2:36         630         630         630         630       25000               630    15750000  2563083326     3900000     657.201           1
12/ 7/2018 31: 2:52         640         640         640         640       25000               640    16000000  2579083326     3925000     657.091           1
12/ 7/2018 31: 2:55         630         640         630         640       25000           636.667    15916666  2594999992     3950000     656.962           2
12/ 7/2018 31: 2:56         630         630         630         630       25000               630    15750000  2610749992     3975000     656.792           1
12/ 7/2018 31: 2:58         640         640         640         640       25000               640    16000000  2626749992     4000000     656.687           1
12/ 7/2018 31: 2:59         630         630         630         630       25000               630    15750000  2642499992     4025000     656.522           1
12/ 7/2018 32: 2: 6         640         640         630         630       25000           633.333    15833333  2658333325     4050000     656.379           2
12/ 7/2018 37: 2:35         640         640         630         630       25000           633.333    15833333  2674166658     4075000     656.237           2
12/ 7/2018 37: 2:50         640         640         640         640       25000               640    16000000  2690166658     4100000     656.138           1
12/ 7/2018 37: 2:51         630         630         630         630       25000               630    15750000  2705916658     4125000      655.98           1
12/ 7/2018 37: 2:52         640         640         640         640       25000               640    16000000  2721916658     4150000     655.884           1
12/ 7/2018 37: 2:54         630         630         630         630       25000               630    15750000  2737666658     4175000     655.729           1
12/ 7/2018 50: 2:33         640         640         640         640       25000               640    16000000  2753666658     4200000     655.635           1
14/ 7/2018  0: 2:37         640         640         640         640       25000               640    16000000  2769666658     4225000     655.542           1
14/ 7/2018  7: 2:25         650         650         650         650       25000               650    16250000  2785916658     4250000      655.51           1
14/ 7/2018  8: 2:14         640         640         640         640       25000               640    16000000  2801916658     4275000     655.419           1
14/ 7/2018 22: 2:53         630         630         630         630       25000               630    15750000  2817666658     4300000     655.271           1
14/ 7/2018 23: 2:46         640         640         640         640       25000               640    16000000  2833666658     4325000     655.183           1
14/ 7/2018 23: 2:49         650         650         650         650       25000               650    16250000  2849916658     4350000     655.153           1
14/ 7/2018 23: 2:50         640         640         640         640       25000               640    16000000  2865916658     4375000     655.067           1
14/ 7/2018 24: 2: 3         650         650         650         650       25000               650    16250000  2882166658     4400000     655.038           1
14/ 7/2018 24: 2: 5         640         640         640         640       25000               640    16000000  2898166658     4425000     654.953           1
14/ 7/2018 24: 2: 7         630         630         630         630       25000               630    15750000  2913916658     4450000     654.813           1
14/ 7/2018 28: 2:59         640         640         640         640       25000               640    16000000  2929916658     4475000      654.73           1
14/ 7/2018 29: 2:56         650         650         650         650       25000               650    16250000  2946166658     4500000     654.704           1
14/ 7/2018 29: 2:57         630         630         630         630       25000               630    15750000  2961916658     4525000     654.567           1
14/ 7/2018 52: 2:45         640         640         640         640       25000               640    16000000  2977916658     4550000     654.487           1
15/ 7/2018  3: 2:18         630         630         630         630       25000               630    15750000  2993666658     4575000     654.353           1
15/ 7/2018  4: 2: 1         650         650         650         650       25000               650    16250000  3009916658     4600000      654.33           1
15/ 7/2018  4: 2: 2         640         640         640         640       25000               640    16000000  3025916658     4625000     654.252           1
15/ 7/2018  4: 2: 4         650         650         650         650       25000               650    16250000  3042166658     4650000     654.229           1
15/ 7/2018  4: 2:12         640         640         640         640       25000               640    16000000  3058166658     4675000     654.153           1
15/ 7/2018  7: 2:55         630         630         630         630       25000               630    15750000  3073916658     4700000     654.025           1
15/ 7/2018 10: 2:32         640         640         640         640       25000               640    16000000  3089916658     4725000     653.951           1
15/ 7/2018 12: 2:29         630         630         630         630       25000               630    15750000  3105666658     4750000     653.825           1
15/ 7/2018 14: 2:35         650         650         650         650       25000               650    16250000  3121916658     4775000     653.805           1
15/ 7/2018 14: 2:38         640         640         640         640       25000               640    16000000  3137916658     4800000     653.733           1
15/ 7/2018 14: 2:47         630         630         630         630       25000               630    15750000  3153666658     4825000      653.61           1
15/ 7/2018 23: 2:37         640         640         640         640       25000               640    16000000  3169666658     4850000      653.54           1
15/ 7/2018 23: 2:39         630         630         630         630       25000               630    15750000  3185416658     4875000     653.419           1
15/ 7/2018 25: 2:16         640         640         640         640       25000               640    16000000  3201416658     4900000      653.35           1
15/ 7/2018 25: 2:19         630         630         630         630       25000               630    15750000  3217166658     4925000     653.232           1
15/ 7/2018 25: 2:30         640         640         640         640       25000               640    16000000  3233166658     4950000     653.165           1
15/ 7/2018 25: 2:31         630         630         630         630       25000               630    15750000  3248916658     4975000     653.049           1
15/ 7/2018 28: 2:30         640         640         640         640       25000               640    16000000  3264916658     5000000     652.983           1
15/ 7/2018 28: 2:31         630         630         630         630       25000               630    15750000  3280666658     5025000     652.869           1
15/ 7/2018 29: 2:56         640         640         640         640       25000               640    16000000  3296666658     5050000     652.805           1
15/ 7/2018 30: 2: 1         630         630         630         630       25000               630    15750000  3312416658     5075000     652.693           1
15/ 7/2018 47: 2:21         640         640         640         640       25000               640    16000000  3328416658     5100000     652.631           1
15/ 7/2018 47: 2:22         630         630         630         630       25000               630    15750000  3344166658     5125000      652.52           1
16/ 7/2018  5: 2: 7         640         640         640         640       25000               640    16000000  3360166658     5150000      652.46           1
16/ 7/2018 11: 2:56         650         650         650         650       25000               650    16250000  3376416658     5175000     652.448           1
16/ 7/2018 15: 2:48         660         660         660         660       25000               660    16500000  3392916658     5200000     652.484           1
16/ 7/2018 15: 2:52         670         670         670         670       25000               670    16750000  3409666658     5225000     652.568           1
16/ 7/2018 15: 2:53         650         650         650         650       25000               650    16250000  3425916658     5250000     652.556           1
16/ 7/2018 16: 2: 2         670         670         670         670       25000               670    16750000  3442666658     5275000     652.638           1
16/ 7/2018 16: 2: 4         660         660         660         660       25000               660    16500000  3459166658     5300000     652.673           1
16/ 7/2018 16: 2:16         670         670         670         670       25000               670    16750000  3475916658     5325000     652.754           1
16/ 7/2018 16: 2:17         650         650         650         650       25000               650    16250000  3492166658     5350000     652.741           1
16/ 7/2018 30: 2:24         640         640         640         640       25000               640    16000000  3508166658     5375000     652.682           1
16/ 7/2018 33: 2:28         660         660         660         660       25000               660    16500000  3524666658     5400000     652.716           1
16/ 7/2018 33: 2:29         650         650         650         650       25000               650    16250000  3540916658     5425000     652.704           1
16/ 7/2018 33: 2:36         660         660         660         660       25000               660    16500000  3557416658     5450000     652.737           1
16/ 7/2018 33: 2:39         640         640         640         640       25000               640    16000000  3573416658     5475000     652.679           1
16/ 7/2018 52: 2:46         630         630         630         630       25000               630    15750000  3589166658     5500000     652.576           1
16/ 7/2018 54: 2:32         640         640         640         640       25000               640    16000000  3605166658     5525000     652.519           1
16/ 7/2018 54: 2:33         630         630         630         630       25000               630    15750000  3620916658     5550000     652.417           1
17/ 7/2018 10: 2: 5         620         620         620         620       25000               620    15500000  3636416658     5575000     652.272           1
17/ 7/2018 10: 2:14         630         630         630         630       25000               630    15750000  3652166658     5600000     652.173           1
17/ 7/2018 10: 2:59         640         640         640         640       25000               640    16000000  3668166658     5625000     652.119           1
17/ 7/2018 11: 2: 0         630         630         630         630       25000               630    15750000  3683916658     5650000     652.021           1
17/ 7/2018 11: 2: 5         640         640         640         640       25000               640    16000000  3699916658     5675000     651.968           1
17/ 7/2018 11: 2: 6         620         620         620         620       25000               620    15500000  3715416658     5700000     651.827           1
17/ 7/2018 11: 2:41         630         630         630         630       25000               630    15750000  3731166658     5725000     651.732           1
17/ 7/2018 11: 2:51         620         620         620         620       25000               620    15500000  3746666658     5750000     651.594           1
17/ 7/2018 19: 2: 0         630         630         630         630       25000               630    15750000  3762416658     5775000     651.501           1
17/ 7/2018 20: 2: 1         620         620         620         620       25000               620    15500000  3777916658     5800000     651.365           1
17/ 7/2018 20: 2:15         630         630         630         630       25000               630    15750000  3793666658     5825000     651.273           1
17/ 7/2018 20: 2:19         620         620         620         620       25000               620    15500000  3809166658     5850000      651.14           1
17/ 7/2018 20: 2:28         630         630         620         620       25000           623.333    15583333  3824749991     5875000     651.021           2
17/ 7/2018 24: 2: 4         630         630         630         630       25000               630    15750000  3840499991     5900000     650.932           1
17/ 7/2018 24: 2: 5         620         620         620         620       25000               620    15500000  3855999991     5925000     650.802           1
17/ 7/2018 24: 2: 6         630         630         620         620       25000           623.333    15583333  3871583324     5950000     650.686           2
17/ 7/2018 24: 2: 8         630         630         610         610       25000           616.667    15416666  3886999990     5975000     650.544           2
17/ 7/2018 26: 2:34         630         630         630         630       25000               630    15750000  3902749990     6000000     650.458           1
17/ 7/2018 26: 2:36         620         620         620         620       25000               620    15500000  3918249990     6025000     650.332           1
17/ 7/2018 36: 2: 9         620         620         620         620       25000               620    15500000  3933749990     6050000     650.207           1
17/ 7/2018 40: 2: 6         610         610         610         610       25000               610    15250000  3948999990     6075000     650.041           1
17/ 7/2018 45: 2:46         600         600         600         600       25000               600    15000000  3963999990     6100000     649.836           1
17/ 7/2018 46: 2: 4         610         610         610         610       25000               610    15250000  3979249990     6125000     649.673           1
17/ 7/2018 47: 2:43         620         620         620         620       25000               620    15500000  3994749990     6150000     649.553           1
17/ 7/2018 48: 2:27         610         610         610         610       25000               610    15250000  4009999990     6175000     649.393           1
17/ 7/2018 49: 2:29         620         620         620         620       25000               620    15500000  4025499990     6200000     649.274           1
17/ 7/2018 52: 2:48         630         630         630         630       25000               630    15750000  4041249990     6225000     649.197           1
17/ 7/2018 59: 2:58         640         640         630         630       25000           633.333    15833333  4057083323     6250000     649.133           2
