         Date              Open        High         Low       Close      Volume     Typical Price         V*P    Total VP     Total V        VWAP    Message Count
10/ 7/2018  0: 2:24         530         530         530         530      100000               530    53000000    53000000      100000         530           1
10/ 7/2018 55: 2: 0         540         540         540         540      100000               540    54000000   107000000      200000         535           1
10/ 7/2018 55: 2: 6         530         530         530         530      100000               530    53000000   160000000      300000     533.333           1
10/ 7/2018 55: 2:48         540         540         540         540      100000               540    54000000   214000000      400000         535           1
10/ 7/2018 55: 2:57         530         530         530         530      100000               530    53000000   267000000      500000         534           1
10/ 7/2018 55: 2:59         540         540         530         530      100000           533.333    53333333   320333333      600000     533.889           2
10/ 7/2018 56: 2: 0         540         540         540         540      100000               540    54000000   374333333      700000     534.762           1
10/ 7/2018 56: 2: 7         530         530         530         530      100000               530    53000000   427333333      800000     534.167           1
10/ 7/2018 56: 2: 8         540         540         540         540      100000               540    54000000   481333333      900000     534.815           1
10/ 7/2018 56: 2:14         530         530         530         530      100000               530    53000000   534333333     1000000     534.333           1
10/ 7/2018 56: 2:16         540         540         540         540      100000               540    54000000   588333333     1100000     534.848           1
10/ 7/2018 56: 2:19         530         530         530         530      100000               530    53000000   641333333     1200000     534.444           1
10/ 7/2018 56: 2:20         540         540         540         540      100000               540    54000000   695333333     1300000     534.872           1
10/ 7/2018 56: 2:23         530         530         530         530      100000               530    53000000   748333333     1400000     534.524           1
10/ 7/2018 56: 2:24         540         540         540         540      100000               540    54000000   802333333     1500000     534.889           1
10/ 7/2018 57: 2: 5         530         530         530         530      100000               530    53000000   855333333     1600000     534.583           1
10/ 7/2018 57: 2: 7         540         540         540         540      100000               540    54000000   909333333     1700000     534.902           1
10/ 7/2018 57: 2:13         530         530         530         530      100000               530    53000000   962333333     1800000      534.63           1
10/ 7/2018 57: 2:15         540         540         540         540      100000               540    54000000  1016333333     1900000     534.912           1
10/ 7/2018 57: 2:29         530         530         530         530      100000               530    53000000  1069333333     2000000     534.667           1
10/ 7/2018 57: 2:30         540         540         540         540      100000               540    54000000  1123333333     2100000     534.921           1
10/ 7/2018 57: 2:31         530         530         530         530      100000               530    53000000  1176333333     2200000     534.697           1
10/ 7/2018 57: 2:32         540         540         540         540      100000               540    54000000  1230333333     2300000     534.928           1
10/ 7/2018 57: 2:36         530         530         530         530      100000               530    53000000  1283333333     2400000     534.722           1
10/ 7/2018 57: 2:38         540         540         540         540      100000               540    54000000  1337333333     2500000     534.933           1
10/ 7/2018 58: 2: 3         530         540         530         540      100000           536.667    53666666  1390999999     2600000         535           2
10/ 7/2018 58: 2:10         530         530         530         530      100000               530    53000000  1443999999     2700000     534.815           1
10/ 7/2018 58: 2:11         540         540         540         540      100000               540    54000000  1497999999     2800000         535           1
10/ 7/2018 58: 2:20         530         530         530         530      100000               530    53000000  1550999999     2900000     534.828           1
10/ 7/2018 58: 2:25         540         540         540         540      100000               540    54000000  1604999999     3000000         535           1
10/ 7/2018 58: 2:30         530         530         530         530      100000               530    53000000  1657999999     3100000     534.839           1
10/ 7/2018 58: 2:42         540         540         540         540      100000               540    54000000  1711999999     3200000         535           1
10/ 7/2018 59: 2:19         530         530         530         530      100000               530    53000000  1764999999     3300000     534.848           1
10/ 7/2018 59: 2:20         540         540         540         540      100000               540    54000000  1818999999     3400000         535           1
10/ 7/2018 59: 2:25         530         530         530         530      100000               530    53000000  1871999999     3500000     534.857           1
10/ 7/2018 59: 2:26         540         540         540         540      100000               540    54000000  1925999999     3600000         535           1
10/ 7/2018 59: 2:50         530         530         530         530      100000               530    53000000  1978999999     3700000     534.865           1
10/ 7/2018 59: 2:51         540         540         540         540      100000               540    54000000  2032999999     3800000         535           1
11/ 7/2018  0: 2: 8         530         530         530         530      100000               530    53000000  2085999999     3900000     534.872           1
14/ 7/2018  0: 2:31         530         530         530         530      100000               530    53000000  2138999999     4000000      534.75           1
15/ 7/2018 23: 2:21         520         520         520         520      100000               520    52000000  2190999999     4100000      534.39           1
15/ 7/2018 23: 2:22         530         530         530         530      100000               530    53000000  2243999999     4200000     534.286           1
15/ 7/2018 23: 2:30         520         520         520         520      100000               520    52000000  2295999999     4300000     533.953           1
15/ 7/2018 23: 2:31         530         530         530         530      100000               530    53000000  2348999999     4400000     533.864           1
15/ 7/2018 23: 2:46         520         520         520         520      100000               520    52000000  2400999999     4500000     533.556           1
15/ 7/2018 23: 2:47         530         530         530         530      100000               530    53000000  2453999999     4600000     533.478           1
15/ 7/2018 23: 2:48         520         520         520         520      100000               520    52000000  2505999999     4700000     533.191           1
15/ 7/2018 23: 2:50         530         530         520         520      100000           523.333    52333333  2558333332     4800000     532.986           2
15/ 7/2018 23: 2:51         530         530         530         530      100000               530    53000000  2611333332     4900000     532.925           1
15/ 7/2018 49: 2:40         520         520         520         520      100000               520    52000000  2663333332     5000000     532.667           1
15/ 7/2018 49: 2:47         530         530         530         530      100000               530    53000000  2716333332     5100000     532.614           1
15/ 7/2018 50: 2:15         520         520         520         520      100000               520    52000000  2768333332     5200000     532.372           1
15/ 7/2018 50: 2:16         530         530         530         530      100000               530    53000000  2821333332     5300000     532.327           1
15/ 7/2018 50: 2:29         520         520         520         520      100000               520    52000000  2873333332     5400000     532.099           1
15/ 7/2018 52: 2:18         530         530         530         530      100000               530    53000000  2926333332     5500000     532.061           1
15/ 7/2018 52: 2:19         520         520         520         520      100000               520    52000000  2978333332     5600000     531.845           1
15/ 7/2018 52: 2:20         530         530         530         530      100000               530    53000000  3031333332     5700000     531.813           1
15/ 7/2018 52: 2:21         520         520         520         520      100000               520    52000000  3083333332     5800000     531.609           1
15/ 7/2018 52: 2:22         530         530         530         530      100000               530    53000000  3136333332     5900000     531.582           1
15/ 7/2018 52: 2:23         520         520         520         520      100000               520    52000000  3188333332     6000000     531.389           1
15/ 7/2018 52: 2:26         530         530         530         530      100000               530    53000000  3241333332     6100000     531.366           1
16/ 7/2018  7: 2:56         540         540         540         540      100000               540    54000000  3295333332     6200000     531.505           1
16/ 7/2018  7: 2:57         530         530         530         530      100000               530    53000000  3348333332     6300000     531.481           1
16/ 7/2018  7: 2:58         540         540         540         540      100000               540    54000000  3402333332     6400000     531.615           1
16/ 7/2018  7: 2:59         530         530         530         530      100000               530    53000000  3455333332     6500000      531.59           1
16/ 7/2018  9: 2:43         540         540         540         540      100000               540    54000000  3509333332     6600000     531.717           1
16/ 7/2018  9: 2:44         530         530         530         530      100000               530    53000000  3562333332     6700000     531.692           1
16/ 7/2018 10: 2:14         540         540         540         540      100000               540    54000000  3616333332     6800000     531.814           1
16/ 7/2018 10: 2:15         530         530         530         530      100000               530    53000000  3669333332     6900000     531.787           1
16/ 7/2018 10: 2:19         540         540         540         540      100000               540    54000000  3723333332     7000000     531.905           1
16/ 7/2018 16: 2:40         530         530         530         530      100000               530    53000000  3776333332     7100000     531.878           1
16/ 7/2018 16: 2:49         540         540         540         540      100000               540    54000000  3830333332     7200000     531.991           1
16/ 7/2018 17: 2: 2         530         530         530         530      100000               530    53000000  3883333332     7300000     531.963           1
16/ 7/2018 17: 2: 9         540         540         540         540      100000               540    54000000  3937333332     7400000     532.072           1
16/ 7/2018 17: 2:11         530         530         530         530      100000               530    53000000  3990333332     7500000     532.044           1
16/ 7/2018 17: 2:20         540         540         540         540      100000               540    54000000  4044333332     7600000     532.149           1
16/ 7/2018 17: 2:25         530         530         530         530      100000               530    53000000  4097333332     7700000     532.121           1
16/ 7/2018 17: 2:33         540         540         540         540      100000               540    54000000  4151333332     7800000     532.222           1
16/ 7/2018 17: 2:35         530         530         530         530      100000               530    53000000  4204333332     7900000     532.194           1
16/ 7/2018 17: 2:37         540         540         540         540      100000               540    54000000  4258333332     8000000     532.292           1
16/ 7/2018 17: 2:43         530         530         530         530      100000               530    53000000  4311333332     8100000     532.263           1
16/ 7/2018 17: 2:45         540         540         540         540      100000               540    54000000  4365333332     8200000     532.358           1
16/ 7/2018 17: 2:49         530         530         530         530      100000               530    53000000  4418333332     8300000     532.329           1
16/ 7/2018 17: 2:59         540         540         540         540      100000               540    54000000  4472333332     8400000     532.421           1
16/ 7/2018 18: 2: 0         530         530         530         530      100000               530    53000000  4525333332     8500000     532.392           1
16/ 7/2018 18: 2:28         540         540         540         540      100000               540    54000000  4579333332     8600000     532.481           1
16/ 7/2018 18: 2:39         530         530         530         530      100000               530    53000000  4632333332     8700000     532.452           1
16/ 7/2018 18: 2:58         540         540         540         540      100000               540    54000000  4686333332     8800000     532.538           1
16/ 7/2018 19: 2: 9         530         530         530         530      100000               530    53000000  4739333332     8900000     532.509           1
16/ 7/2018 19: 2:10         540         540         540         540      100000               540    54000000  4793333332     9000000     532.593           1
16/ 7/2018 19: 2:13         530         530         530         530      100000               530    53000000  4846333332     9100000     532.564           1
16/ 7/2018 19: 2:27         540         540         540         540      100000               540    54000000  4900333332     9200000     532.645           1
16/ 7/2018 19: 2:34         530         530         530         530      100000               530    53000000  4953333332     9300000     532.616           1
16/ 7/2018 19: 2:46         540         540         540         540      100000               540    54000000  5007333332     9400000     532.695           1
16/ 7/2018 19: 2:51         530         530         530         530      100000               530    53000000  5060333332     9500000     532.667           1
16/ 7/2018 20: 2: 0         540         540         540         540      100000               540    54000000  5114333332     9600000     532.743           1
16/ 7/2018 20: 2: 2         530         530         530         530      100000               530    53000000  5167333332     9700000     532.715           1
16/ 7/2018 27: 2:24         540         540         540         540      100000               540    54000000  5221333332     9800000     532.789           1
16/ 7/2018 27: 2:25         530         530         530         530      100000               530    53000000  5274333332     9900000     532.761           1
16/ 7/2018 27: 2:58         540         540         540         540      100000               540    54000000  5328333332    10000000     532.833           1
16/ 7/2018 27: 2:59         530         530         530         530      100000               530    53000000  5381333332    10100000     532.805           1
16/ 7/2018 28: 2: 2         540         540         540         540      100000               540    54000000  5435333332    10200000     532.876           1
16/ 7/2018 28: 2: 3         530         530         530         530      100000               530    53000000  5488333332    10300000     532.848           1
16/ 7/2018 28: 2:13         540         540         540         540      100000               540    54000000  5542333332    10400000     532.917           1
16/ 7/2018 28: 2:14         530         530         530         530      100000               530    53000000  5595333332    10500000     532.889           1
16/ 7/2018 28: 2:15         540         540         540         540      100000               540    54000000  5649333332    10600000     532.956           1
16/ 7/2018 28: 2:16         530         530         530         530      100000               530    53000000  5702333332    10700000     532.928           1
16/ 7/2018 29: 2: 1         540         540         540         540      100000               540    54000000  5756333332    10800000     532.994           1
16/ 7/2018 29: 2: 2         530         530         530         530      100000               530    53000000  5809333332    10900000     532.966           1
16/ 7/2018 29: 2: 4         540         540         540         540      100000               540    54000000  5863333332    11000000      533.03           1
16/ 7/2018 29: 2: 5         530         530         530         530      100000               530    53000000  5916333332    11100000     533.003           1
16/ 7/2018 29: 2: 7         540         540         540         540      100000               540    54000000  5970333332    11200000     533.065           1
16/ 7/2018 29: 2: 8         530         530         530         530      100000               530    53000000  6023333332    11300000     533.038           1
16/ 7/2018 29: 2:44         540         540         540         540      100000               540    54000000  6077333332    11400000     533.099           1
16/ 7/2018 32: 2:49         530         530         530         530      100000               530    53000000  6130333332    11500000     533.072           1
16/ 7/2018 32: 2:50         540         540         540         540      100000               540    54000000  6184333332    11600000     533.132           1
16/ 7/2018 32: 2:53         530         530         530         530      100000               530    53000000  6237333332    11700000     533.105           1
16/ 7/2018 32: 2:58         540         540         540         540      100000               540    54000000  6291333332    11800000     533.164           1
16/ 7/2018 33: 2:10         530         530         530         530      100000               530    53000000  6344333332    11900000     533.137           1
16/ 7/2018 33: 2:12         540         540         540         540      100000               540    54000000  6398333332    12000000     533.194           1
16/ 7/2018 33: 2:25         530         530         530         530      100000               530    53000000  6451333332    12100000     533.168           1
16/ 7/2018 33: 2:27         540         540         540         540      100000               540    54000000  6505333332    12200000     533.224           1
