         Date              Open        High         Low       Close      Volume     Typical Price         V*P    Total VP     Total V        VWAP    Message Count
10/ 7/2018  0: 2: 1         500         500         500         500        2111               500     1055500     1055500        2111         500           1
10/ 7/2018  0: 2: 2         800         800         800         800          50               800       40000     1095500        2161     506.941           1
10/ 7/2018  0: 2: 3         400         400         400         400       25000               400    10000000    11095500       27161     408.509           1
10/ 7/2018  0: 2:36         410         410         410         410       25000               410    10250000    21345500       52161     409.223           1
10/ 7/2018  2: 2:36         400         400         400         400       25000               400    10000000    31345500       77161     406.235           1
10/ 7/2018  2: 2:39         410         410         410         410       25000               410    10250000    41595500      102161     407.156           1
10/ 7/2018  3: 2: 4         400         400         400         400       25000               400    10000000    51595500      127161     405.749           1
10/ 7/2018  3: 2:27         410         410         410         410       25000               410    10250000    61845500      152161     406.448           1
10/ 7/2018  3: 2:28         400         400         400         400       25000               400    10000000    71845500      177161     405.538           1
10/ 7/2018  3: 2:29         410         410         410         410       25000               410    10250000    82095500      202161      406.09           1
10/ 7/2018  5: 2: 2         420         420         420         420       25000               420    10500000    92595500      227161     407.621           1
10/ 7/2018  5: 2: 3         410         410         410         410       25000               410    10250000   102845500      252161     407.856           1
10/ 7/2018  8: 2:34         420         420         420         420       25000               420    10500000   113345500      277161     408.952           1
10/ 7/2018  9: 2: 9         410         410         410         410       25000               410    10250000   123595500      302161     409.039           1
10/ 7/2018 16: 2: 9         400         400         400         400       25000               400    10000000   133595500      327161     408.348           1
10/ 7/2018 28: 2: 8         410         410         410         410       25000               410    10250000   143845500      352161     408.465           1
10/ 7/2018 28: 2:33         410         410         410         410        3000               410     1230000   145075500      355161     408.478           1
10/ 7/2018 28: 2:45         400         400         400         400        3000               400     1200000   146275500      358161     408.407           1
10/ 7/2018 32: 2:10         420         420         420         420       25000               420    10500000   156775500      383161     409.164           1
10/ 7/2018 32: 2:29         410         410         410         410       25000               410    10250000   167025500      408161     409.215           1
10/ 7/2018 32: 2:38         420         420         420         420       25000               420    10500000   177525500      433161     409.837           1
10/ 7/2018 32: 2:40         410         410         410         410       25000               410    10250000   187775500      458161     409.846           1
10/ 7/2018 34: 2:51         420         420         420         420       25000               420    10500000   198275500      483161     410.371           1
10/ 7/2018 34: 2:57         410         410         410         410       25000               410    10250000   208525500      508161     410.353           1
10/ 7/2018 35: 2:48         420         420         420         420       25000               420    10500000   219025500      533161     410.806           1
10/ 7/2018 36: 2: 9         410         410         410         410       25000               410    10250000   229275500      558161     410.769           1
10/ 7/2018 36: 2:26         420         420         420         420       25000               420    10500000   239775500      583161     411.165           1
10/ 7/2018 36: 2:41         410         410         410         410       25000               410    10250000   250025500      608161     411.117           1
10/ 7/2018 38: 2:28         420         420         420         420       25000               420    10500000   260525500      633161     411.468           1
10/ 7/2018 38: 2:33         410         410         410         410       25000               410    10250000   270775500      658161     411.412           1
10/ 7/2018 45: 2:41         400         400         400         400       25000               400    10000000   280775500      683161     410.995           1
10/ 7/2018 47: 2:15         410         410         410         410       25000               410    10250000   291025500      708161      410.96           1
10/ 7/2018 47: 2:29         400         400         400         400       25000               400    10000000   301025500      733161     410.586           1
10/ 7/2018 47: 2:30         410         410         410         410       25000               410    10250000   311275500      758161     410.566           1
11/ 7/2018  4: 2:43         420         420         420         420       25000               420    10500000   321775500      783161     410.868           1
11/ 7/2018  9: 2:14         410         410         410         410       25000               410    10250000   332025500      808161     410.841           1
11/ 7/2018 10: 2: 0         420         420         420         420       25000               420    10500000   342525500      833161     411.116           1
12/ 7/2018 13: 2: 9         430         430         430         430       25000               430    10750000   353275500      858161     411.666           1
12/ 7/2018 13: 2:34         440         440         440         440       25000               440    11000000   364275500      883161     412.468           1
12/ 7/2018 13: 2:40         430         430         430         430       25000               430    10750000   375025500      908161      412.95           1
12/ 7/2018 13: 2:41         440         440         440         440       25000               440    11000000   386025500      933161     413.675           1
12/ 7/2018 13: 2:45         430         430         430         430       25000               430    10750000   396775500      958161     414.101           1
12/ 7/2018 13: 2:51         440         440         440         440       25000               440    11000000   407775500      983161      414.76           1
12/ 7/2018 15: 2:37         430         430         430         430       25000               430    10750000   418525500     1008161     415.138           1
12/ 7/2018 16: 2:55         440         440         440         440       25000               440    11000000   429525500     1033161     415.739           1
12/ 7/2018 16: 2:56         430         430         430         430       25000               430    10750000   440275500     1058161     416.076           1
12/ 7/2018 19: 2: 8         440         440         440         440       25000               440    11000000   451275500     1083161     416.628           1
12/ 7/2018 19: 2: 9         430         430         430         430       25000               430    10750000   462025500     1108161      416.93           1
12/ 7/2018 19: 2:24         440         440         440         440       25000               440    11000000   473025500     1133161     417.439           1
12/ 7/2018 19: 2:25         430         430         430         430       25000               430    10750000   483775500     1158161      417.71           1
12/ 7/2018 19: 2:26         440         440         440         440       25000               440    11000000   494775500     1183161     418.181           1
12/ 7/2018 20: 2: 3         430         430         430         430       25000               430    10750000   505525500     1208161     418.426           1
12/ 7/2018 20: 2:13         440         440         440         440       25000               440    11000000   516525500     1233161     418.863           1
12/ 7/2018 22: 2:47         450         450         450         450       25000               450    11250000   527775500     1258161     419.482           1
12/ 7/2018 22: 2:48         440         440         440         440       25000               440    11000000   538775500     1283161     419.881           1
12/ 7/2018 23: 2: 9         450         450         450         450       25000               450    11250000   550025500     1308161     420.457           1
12/ 7/2018 23: 2:13         440         440         440         440       25000               440    11000000   561025500     1333161     420.824           1
12/ 7/2018 24: 2:42         430         430         430         430       25000               430    10750000   571775500     1358161     420.992           1
12/ 7/2018 24: 2:44         440         440         440         440       25000               440    11000000   582775500     1383161     421.336           1
12/ 7/2018 27: 2:14         430         430         430         430       25000               430    10750000   593525500     1408161      421.49           1
12/ 7/2018 29: 2: 5         440         440         440         440       25000               440    11000000   604525500     1433161     421.813           1
12/ 7/2018 33: 2:59         430         430         430         430       25000               430    10750000   615275500     1458161     421.953           1
12/ 7/2018 34: 2:14         440         440         440         440       25000               440    11000000   626275500     1483161     422.257           1
12/ 7/2018 36: 2:42         430         430         430         430       25000               430    10750000   637025500     1508161     422.386           1
12/ 7/2018 37: 2: 0         440         440         440         440       25000               440    11000000   648025500     1533161     422.673           1
12/ 7/2018 38: 2: 2         430         430         430         430       25000               430    10750000   658775500     1558161      422.79           1
12/ 7/2018 38: 2: 6         440         440         440         440       25000               440    11000000   669775500     1583161     423.062           1
12/ 7/2018 38: 2: 7         430         430         430         430       25000               430    10750000   680525500     1608161      423.17           1
12/ 7/2018 39: 2:24         440         440         440         440       25000               440    11000000   691525500     1633161     423.428           1
12/ 7/2018 39: 2:43         430         430         430         430       25000               430    10750000   702275500     1658161     423.527           1
12/ 7/2018 40: 2:39         440         440         440         440       25000               440    11000000   713275500     1683161     423.771           1
12/ 7/2018 50: 2:34         430         430         430         430       25000               430    10750000   724025500     1708161     423.863           1
12/ 7/2018 50: 2:42         440         440         440         440       25000               440    11000000   735025500     1733161     424.095           1
12/ 7/2018 51: 2: 8         430         430         430         430       25000               430    10750000   745775500     1758161     424.179           1
14/ 7/2018  0: 2: 0         430         430         430         430       25000               430    10750000   756525500     1783161     424.261           1
14/ 7/2018 22: 2:56         440         440         440         440       25000               440    11000000   767525500     1808161     424.479           1
14/ 7/2018 22: 2:59         430         430         430         430       25000               430    10750000   778275500     1833161     424.554           1
14/ 7/2018 27: 2: 0         440         440         440         440       25000               440    11000000   789275500     1858161     424.762           1
14/ 7/2018 47: 2: 1         430         430         430         430       25000               430    10750000   800025500     1883161     424.831           1
15/ 7/2018 55: 2:53         420         420         420         420       25000               420    10500000   810525500     1908161     424.768           1
15/ 7/2018 56: 2:32         430         430         430         430       25000               430    10750000   821275500     1933161     424.836           1
16/ 7/2018  5: 2: 4         420         420         420         420        1500               420      630000   821905500     1934661     424.832           1
16/ 7/2018  6: 2: 5         420         420         420         420       23500               420     9870000   831775500     1958161     424.774           1
16/ 7/2018 10: 2:56         410         410         410         410       25000               410    10250000   842025500     1983161     424.588           1
16/ 7/2018 10: 2:58         420         420         420         420       25000               420    10500000   852525500     2008161      424.53           1
16/ 7/2018 11: 2:59         410         410         410         410       25000               410    10250000   862775500     2033161     424.352           1
16/ 7/2018 30: 2:26         420         420         420         420       25000               420    10500000   873275500     2058161     424.299           1
17/ 7/2018 11: 2:37         430         430         430         430       25000               430    10750000   884025500     2083161     424.367           1
17/ 7/2018 20: 2:28         420         420         420         420       25000               420    10500000   894525500     2108161     424.316           1
17/ 7/2018 20: 2:29         430         430         430         430       25000               430    10750000   905275500     2133161     424.382           1
17/ 7/2018 31: 2:29         420         420         420         420       25000               420    10500000   915775500     2158161     424.331           1
17/ 7/2018 38: 2:58         430         430         430         430       25000               430    10750000   926525500     2183161     424.396           1
17/ 7/2018 48: 2:29         420         420         420         420       25000               420    10500000   937025500     2208161     424.347           1
17/ 7/2018 48: 2:30         430         430         430         430       25000               430    10750000   947775500     2233161      424.41           1
17/ 7/2018 49: 2: 9         420         420         420         420       25000               420    10500000   958275500     2258161     424.361           1
