         Date              Open        High         Low       Close      Volume     Typical Price         V*P    Total VP     Total V        VWAP    Message Count
10/ 7/2018  0: 2: 3         210         210         210         210       25000               210     5250000     5250000       25000         210           1
10/ 7/2018  0: 2: 4         200         360         180         180         119               240       28560     5278560       25119     210.142          16
10/ 7/2018  1: 2:18         220         220         220         220       25000               220     5500000    10778560       50119     215.059           1
10/ 7/2018  1: 2:22         210         210         210         210       25000               210     5250000    16028560       75119     213.376           1
10/ 7/2018  3: 2:42         220         220         220         220       25000               220     5500000    21528560      100119      215.03           1
10/ 7/2018  3: 2:58         210         210         210         210       25000               210     5250000    26778560      125119     214.025           1
10/ 7/2018  4: 2:59         220         220         220         220       25000               220     5500000    32278560      150119      215.02           1
10/ 7/2018  5: 2: 3         210         210         210         210       25000               210     5250000    37528560      175119     214.303           1
10/ 7/2018  5: 2:13         220         220         220         220       25000               220     5500000    43028560      200119     215.015           1
10/ 7/2018  6: 2: 9         210         210         210         210       25000               210     5250000    48278560      225119     214.458           1
10/ 7/2018  6: 2:33         220         220         220         220       25000               220     5500000    53778560      250119     215.012           1
10/ 7/2018  9: 2:30         210         210         210         210       25000               210     5250000    59028560      275119     214.556           1
10/ 7/2018  9: 2:54         230         230         230         230       25000               230     5750000    64778560      300119     215.843           1
10/ 7/2018 10: 2:25         220         220         220         220       25000               220     5500000    70278560      325119     216.163           1
10/ 7/2018 11: 2:48         210         210         210         210       25000               210     5250000    75528560      350119     215.723           1
10/ 7/2018 11: 2:53         220         220         220         220       25000               220     5500000    81028560      375119     216.008           1
10/ 7/2018 11: 2:54         210         210         210         210       25000               210     5250000    86278560      400119     215.632           1
10/ 7/2018 17: 2:42         200         200         200         200       25000               200     5000000    91278560      425119     214.713           1
10/ 7/2018 17: 2:43         210         210         210         210       25000               210     5250000    96528560      450119     214.451           1
10/ 7/2018 17: 2:47         200         200         200         200       25000               200     5000000   101528560      475119     213.691           1
10/ 7/2018 17: 2:51         210         210         210         210       25000               210     5250000   106778560      500119     213.506           1
10/ 7/2018 18: 2:37         200         200         200         200       25000               200     5000000   111778560      525119     212.863           1
10/ 7/2018 18: 2:38         210         210         210         210       25000               210     5250000   117028560      550119     212.733           1
10/ 7/2018 21: 2:46          10          10          10          10       10000                10      100000   117128560      560119     209.114           1
10/ 7/2018 21: 2:56         200         200         200         200       10000               200     2000000   119128560      570119     208.954           1
10/ 7/2018 23: 2:33          10          10          10          10      400000                10     4000000   123128560      970119     126.921           1
10/ 7/2018 28: 2: 8         210         210         210         210       25000               210     5250000   128378560      995119     129.008           1
10/ 7/2018 28: 2:58         200         200         200         200        2000               200      400000   128778560      997119     129.151           1
10/ 7/2018 30: 2:27         210         210         210         210       25000               210     5250000   134028560     1022119     131.128           1
10/ 7/2018 30: 2:54         220         220         220         220       25000               220     5500000   139528560     1047119      133.25           1
10/ 7/2018 31: 2:39         210         210         210         210       25000               210     5250000   144778560     1072119      135.04           1
10/ 7/2018 31: 2:59         220         220         220         220       25000               220     5500000   150278560     1097119     136.976           1
10/ 7/2018 33: 2: 8         210         210         210         210       25000               210     5250000   155528560     1122119     138.603           1
10/ 7/2018 33: 2:26         220         220         220         220       25000               220     5500000   161028560     1147119     140.377           1
10/ 7/2018 33: 2:29         210         210         210         210       25000               210     5250000   166278560     1172119     141.862           1
10/ 7/2018 33: 2:46         220         220         220         220       25000               220     5500000   171778560     1197119     143.493           1
10/ 7/2018 35: 2:10         210         210         210         210       25000               210     5250000   177028560     1222119     144.854           1
10/ 7/2018 35: 2:11         220         220         220         220       25000               220     5500000   182528560     1247119      146.36           1
10/ 7/2018 35: 2:12         210         210         210         210       25000               210     5250000   187778560     1272119     147.611           1
10/ 7/2018 35: 2:15         220         220         220         220       25000               220     5500000   193278560     1297119     149.006           1
10/ 7/2018 35: 2:16         210         210         210         210       25000               210     5250000   198528560     1322119     150.159           1
10/ 7/2018 35: 2:37         220         220         220         220       25000               220     5500000   204028560     1347119     151.455           1
10/ 7/2018 35: 2:51         200         200         200         200        3000               200      600000   204628560     1350119     151.563           1
10/ 7/2018 38: 2:46         210         210         210         210       25000               210     5250000   209878560     1375119     152.626           1
10/ 7/2018 39: 2:22         220         220         220         220       25000               220     5500000   215378560     1400119     153.829           1
10/ 7/2018 40: 2:28         210         210         210         210       25000               210     5250000   220628560     1425119     154.814           1
10/ 7/2018 41: 2:22         220         220         220         220       25000               220     5500000   226128560     1450119     155.938           1
10/ 7/2018 41: 2:23         220         220         220         220       25000               220     5500000   231628560     1475119     157.024           1
10/ 7/2018 41: 2:27         210         210         210         210       25000               210     5250000   236878560     1500119     157.907           1
10/ 7/2018 41: 2:40         220         220         220         220       25000               220     5500000   242378560     1525119     158.924           1
10/ 7/2018 41: 2:41         210         210         210         210       25000               210     5250000   247628560     1550119     159.748           1
11/ 7/2018  1: 2: 2         220         220         220         220       25000               220     5500000   253128560     1575119     160.704           1
11/ 7/2018  2: 2:36         210         210         210         210       25000               210     5250000   258378560     1600119     161.475           1
11/ 7/2018  3: 2:32         220         220         220         220       25000               220     5500000   263878560     1625119     162.375           1
11/ 7/2018  3: 2:33         210         210         210         210       25000               210     5250000   269128560     1650119     163.096           1
11/ 7/2018  4: 2: 9         220         220         220         220       25000               220     5500000   274628560     1675119     163.946           1
12/ 7/2018 13: 2:17         230         230         230         230       25000               230     5750000   280378560     1700119     164.917           1
12/ 7/2018 13: 2:20         220         220         220         220       25000               220     5500000   285878560     1725119     165.715           1
12/ 7/2018 13: 2:31         230         230         230         230       25000               230     5750000   291628560     1750119     166.634           1
12/ 7/2018 14: 2:33         240         240         240         240       25000               240     6000000   297628560     1775119     167.667           1
12/ 7/2018 14: 2:34         230         230         230         230       25000               230     5750000   303378560     1800119     168.533           1
12/ 7/2018 22: 2:47         240         240         240         240       25000               240     6000000   309378560     1825119     169.511           1
12/ 7/2018 22: 2:48         230         230         230         230       25000               230     5750000   315128560     1850119     170.329           1
12/ 7/2018 23: 2: 9         240         240         240         240       25000               240     6000000   321128560     1875119     171.258           1
12/ 7/2018 23: 2:13         230         230         230         230       25000               230     5750000   326878560     1900119     172.031           1
12/ 7/2018 26: 2:24         230         230         230         230        5000               230     1150000   328028560     1905119     172.183           1
12/ 7/2018 26: 2:55         300         300         300         300        5000               300     1500000   329528560     1910119     172.517           1
14/ 7/2018  0: 2: 1         230         230         230         230       25000               230     5750000   335278560     1935119      173.26           1
14/ 7/2018 52: 2: 0         220         220         220         220        5000               220     1100000   336378560     1940119      173.38           1
14/ 7/2018 58: 2:23         220         230         220         230       25000           226.667     5666666   342045226     1965119     174.058           2
14/ 7/2018 58: 2:32         220         220         220         220       25000               220     5500000   347545226     1990119     174.635           1
15/ 7/2018  3: 2:17         230         230         230         230       25000               230     5750000   353295226     2015119     175.322           1
15/ 7/2018  3: 2:18         220         220         220         220       25000               220     5500000   358795226     2040119      175.87           1
15/ 7/2018  3: 2:28         230         230         230         230       25000               230     5750000   364545226     2065119     176.525           1
15/ 7/2018  4: 2:17         220         220         220         220       25000               220     5500000   370045226     2090119     177.045           1
15/ 7/2018  4: 2:20         220         220         220         220       25000               220     5500000   375545226     2115119     177.553           1
15/ 7/2018  5: 2:45         230         230         230         230       25000               230     5750000   381295226     2140119     178.165           1
15/ 7/2018 10: 2:16         240         240         240         240        5000               240     1200000   382495226     2145119      178.31           1
15/ 7/2018 46: 2:52         220         220         220         220       25000               220     5500000   387995226     2170119      178.79           1
16/ 7/2018 14: 2:33         210         210         210         210       25000               210     5250000   393245226     2195119     179.145           1
16/ 7/2018 16: 2:54         220         220         220         220       25000               220     5500000   398745226     2220119     179.605           1
16/ 7/2018 18: 2: 0         210         210         210         210       25000               210     5250000   403995226     2245119     179.944           1
16/ 7/2018 18: 2:21         220         220         220         220       25000               220     5500000   409495226     2270119     180.385           1
16/ 7/2018 23: 2:18         210         210         210         210       25000               210     5250000   414745226     2295119     180.708           1
16/ 7/2018 23: 2:32         220         220         220         220       25000               220     5500000   420245226     2320119     181.131           1
16/ 7/2018 29: 2:40         210         210         210         210       25000               210     5250000   425495226     2345119     181.439           1
16/ 7/2018 29: 2:58         220         220         220         220       25000               220     5500000   430995226     2370119     181.845           1
16/ 7/2018 39: 2:15         210         210         210         210          10               210        2100   430997326     2370129     181.846           1
16/ 7/2018 52: 2:43         210         210         210         210       15000               210     3150000   434147326     2385129     182.023           1
17/ 7/2018 14: 2:34         230         230         230         230       25000               230     5750000   439897326     2410129      182.52           1
17/ 7/2018 17: 2:53         220         220         220         220       25000               220     5500000   445397326     2435129     182.905           1
17/ 7/2018 24: 2:10         230         230         230         230       25000               230     5750000   451147326     2460129     183.384           1
17/ 7/2018 26: 2:33         220         220         220         220       25000               220     5500000   456647326     2485129     183.752           1
17/ 7/2018 42: 2:23         230         230         230         230       25000               230     5750000   462397326     2510129     184.213           1
17/ 7/2018 45: 2:24         220         220         220         220       25000               220     5500000   467897326     2535129     184.565           1
