         Date              Open        High         Low       Close      Volume     Typical Price         V*P    Total VP     Total V        VWAP    Message Count
10/ 7/2018  0: 2: 0         230         230         230         230       10000               230     2300000     2300000       10000         230           1
10/ 7/2018  0: 2: 1         240         240         140         140        1000           173.333      173333     2473333       11000     224.848           3
10/ 7/2018  0: 2:24         220         220         220         220      100000               220    22000000    24473333      111000      220.48           1
10/ 7/2018  0: 2:39         230         230         230         230      100000               230    23000000    47473333      211000     224.992           1
10/ 7/2018  1: 2:22         230         230         230         230       10000               230     2300000    49773333      221000     225.219           1
10/ 7/2018  1: 2:41         230         230         230         230        3200               230      736000    50509333      224200     225.287           1
10/ 7/2018  6: 2:35         240         240         240         240      100000               240    24000000    74509333      324200     229.825           1
10/ 7/2018  6: 2:39         230         230         230         230      100000               230    23000000    97509333      424200     229.866           1
10/ 7/2018  6: 2:59         240         240         240         240      100000               240    24000000   121509333      524200       231.8           1
10/ 7/2018  7: 2: 1         230         230         230         230      100000               230    23000000   144509333      624200     231.511           1
10/ 7/2018  8: 2:19         240         240         240         240      100000               240    24000000   168509333      724200     232.683           1
10/ 7/2018  8: 2:36         230         230         230         230      100000               230    23000000   191509333      824200     232.358           1
10/ 7/2018  8: 2:37         240         240         240         240      100000               240    24000000   215509333      924200     233.185           1
10/ 7/2018  8: 2:40         230         230         230         230      100000               230    23000000   238509333     1024200     232.874           1
10/ 7/2018  8: 2:46         240         240         240         240      100000               240    24000000   262509333     1124200     233.508           1
10/ 7/2018 20: 2: 9         250         250         250         250      100000               250    25000000   287509333     1224200     234.855           1
10/ 7/2018 20: 2:11         240         240         240         240      100000               240    24000000   311509333     1324200     235.243           1
10/ 7/2018 20: 2:31         250         250         240         240      100000           243.333    24333333   335842666     1424200     235.811           2
10/ 7/2018 21: 2:16         250         250         240         240      100000           243.333    24333333   360175999     1524200     236.305           2
10/ 7/2018 21: 2:56         250         250         250         250      100000               250    25000000   385175999     1624200     237.148           1
10/ 7/2018 21: 2:58         240         240         240         240      100000               240    24000000   409175999     1724200     237.314           1
10/ 7/2018 22: 2: 9         250         250         250         250      100000               250    25000000   434175999     1824200     238.009           1
10/ 7/2018 22: 2:15         240         240         240         240      100000               240    24000000   458175999     1924200     238.112           1
10/ 7/2018 22: 2:30         250         250         250         250      100000               250    25000000   483175999     2024200       238.7           1
10/ 7/2018 22: 2:32         240         240         240         240      100000               240    24000000   507175999     2124200     238.761           1
10/ 7/2018 22: 2:38         250         250         250         250      100000               250    25000000   532175999     2224200     239.266           1
10/ 7/2018 24: 2:59         240         240         240         240      100000               240    24000000   556175999     2324200     239.298           1
10/ 7/2018 26: 2:14         230         230         230         230        1000               230      230000   556405999     2325200     239.294           1
10/ 7/2018 34: 2:58         230         230         230         230        5000               230     1150000   557555999     2330200     239.274           1
10/ 7/2018 35: 2: 5         220         220         220         220        5000               220     1100000   558655999     2335200     239.233           1
10/ 7/2018 37: 2: 4         240         240         240         240        5000               240     1200000   559855999     2340200     239.234           1
10/ 7/2018 39: 2:27         250         250         250         250       99666               250    24916500   584772499     2439866     239.674           1
10/ 7/2018 39: 2:28         240         240         240         240       99666               240    23919840   608692339     2539532     239.687           1
10/ 7/2018 39: 2:35         250         250         250         250       99666               250    24916500   633608839     2639198     240.076           1
10/ 7/2018 40: 2:34         240         240         240         240       99666               240    23919840   657528679     2738864     240.074           1
10/ 7/2018 41: 2:53         240         240         240         240       12498               240     2999520   660528199     2751362     240.073           1
10/ 7/2018 42: 2: 1         250         250         250         250        2984               250      746000   661274199     2754346     240.084           1
10/ 7/2018 44: 2:56         250         250         250         250       99666               250    24916500   686190699     2854012      240.43           1
10/ 7/2018 45: 2:11         240         240         240         240       99666               240    23919840   710110539     2953678     240.416           1
10/ 7/2018 45: 2:14         250         250         250         250       99666               250    24916500   735027039     3053344     240.729           1
10/ 7/2018 45: 2:17         240         240         240         240       99666               240    23919840   758946879     3153010     240.706           1
10/ 7/2018 46: 2:30         250         250         250         250       99666               250    24916500   783863379     3252676      240.99           1
10/ 7/2018 46: 2:31         240         240         240         240       99666               240    23919840   807783219     3352342     240.961           1
10/ 7/2018 46: 2:32         250         250         250         250       99666               250    24916500   832699719     3452008     241.222           1
10/ 7/2018 46: 2:37         240         240         240         240       99666               240    23919840   856619559     3551674     241.188           1
10/ 7/2018 46: 2:42         250         250         250         250       99666               250    24916500   881536059     3651340     241.428           1
10/ 7/2018 48: 2:53         240         240         240         240       99666               240    23919840   905455899     3751006      241.39           1
10/ 7/2018 49: 2: 1         250         250         250         250       99666               250    24916500   930372399     3850672     241.613           1
10/ 7/2018 49: 2: 3         240         240         240         240       99666               240    23919840   954292239     3950338     241.572           1
10/ 7/2018 49: 2:10         250         250         250         250       99666               250    24916500   979208739     4050004      241.78           1
10/ 7/2018 49: 2:12         240         240         240         240       99666               240    23919840  1003128579     4149670     241.737           1
10/ 7/2018 49: 2:54         250         250         250         250       99666               250    24916500  1028045079     4249336     241.931           1
10/ 7/2018 49: 2:56         240         240         240         240       99666               240    23919840  1051964919     4349002     241.887           1
10/ 7/2018 50: 2: 2         250         250         250         250       99666               250    24916500  1076881419     4448668     242.068           1
10/ 7/2018 51: 2:37         240         240         240         240       99666               240    23919840  1100801259     4548334     242.023           1
10/ 7/2018 52: 2: 0         220         220         220         220       20000               220     4400000  1105201259     4568334     241.927           1
10/ 7/2018 53: 2:59         250         250         250         250       99666               250    24916500  1130117759     4668000     242.099           1
10/ 7/2018 54: 2: 7         240         240         240         240       99666               240    23919840  1154037599     4767666     242.055           1
10/ 7/2018 54: 2: 8         250         250         250         250       99666               250    24916500  1178954099     4867332     242.218           1
10/ 7/2018 54: 2:13         240         240         240         240       99666               240    23919840  1202873939     4966998     242.173           1
10/ 7/2018 54: 2:17         250         250         250         250       99666               250    24916500  1227790439     5066664     242.327           1
10/ 7/2018 55: 2:37         240         240         240         240       99666               240    23919840  1251710279     5166330     242.282           1
10/ 7/2018 55: 2:46         250         250         250         250       99666               250    24916500  1276626779     5265996     242.428           1
10/ 7/2018 56: 2: 2         240         240         240         240       99666               240    23919840  1300546619     5365662     242.383           1
10/ 7/2018 56: 2: 5         250         250         250         250       99666               250    24916500  1325463119     5465328     242.522           1
10/ 7/2018 57: 2:59         240         240         240         240       99666               240    23919840  1349382959     5564994     242.477           1
10/ 7/2018 58: 2: 0         250         250         250         250       99666               250    24916500  1374299459     5664660     242.609           1
10/ 7/2018 58: 2: 2         240         240         240         240       99666               240    23919840  1398219299     5764326     242.564           1
10/ 7/2018 58: 2:41         250         250         250         250       98666               250    24666500  1422885799     5862992     242.689           1
10/ 7/2018 58: 2:47         240         240         240         240       98666               240    23679840  1446565639     5961658     242.645           1
10/ 7/2018 59: 2: 0         250         250         250         250       98666               250    24666500  1471232139     6060324     242.765           1
10/ 7/2018 59: 2: 1         240         240         240         240       98666               240    23679840  1494911979     6158990      242.72           1
10/ 7/2018 59: 2:26         250         250         250         250       98666               250    24666500  1519578479     6257656     242.835           1
10/ 7/2018 59: 2:27         240         240         240         240       98666               240    23679840  1543258319     6356322     242.791           1
10/ 7/2018 59: 2:32         250         250         250         250       98666               250    24666500  1567924819     6454988     242.901           1
10/ 7/2018 59: 2:52         240         240         240         240       98666               240    23679840  1591604659     6553654     242.858           1
10/ 7/2018 59: 2:55         250         250         250         250       98666               250    24666500  1616271159     6652320     242.964           1
11/ 7/2018  0: 2: 0         240         240         240         240       98666               240    23679840  1639950999     6750986      242.92           1
11/ 7/2018  0: 2: 3         250         250         250         250       98666               250    24666500  1664617499     6849652     243.022           1
11/ 7/2018  0: 2: 7         240         240         240         240       98666               240    23679840  1688297339     6948318     242.979           1
11/ 7/2018  0: 2:37         230         230         230         230       20000               230     4600000  1692897339     6968318     242.942           1
11/ 7/2018  2: 2: 8         230         230         230         230       73666               230    16943180  1709840519     7041984     242.807           1
11/ 7/2018  2: 2: 9         240         240         240         240       73666               240    17679840  1727520359     7115650     242.778           1
11/ 7/2018  7: 2:36         250         250         250         250       73666               250    18416500  1745936859     7189316     242.852           1
11/ 7/2018  9: 2:21         240         240         240         240       73666               240    17679840  1763616699     7262982     242.823           1
11/ 7/2018  9: 2:22         250         250         250         250       73666               250    18416500  1782033199     7336648     242.895           1
11/ 7/2018  9: 2:23         240         240         240         240       73666               240    17679840  1799713039     7410314     242.866           1
11/ 7/2018  9: 2:27         250         250         250         250       73666               250    18416500  1818129539     7483980     242.936           1
11/ 7/2018  9: 2:29         240         240         240         240       73666               240    17679840  1835809379     7557646     242.908           1
11/ 7/2018  9: 2:32         250         250         250         250       73666               250    18416500  1854225879     7631312     242.976           1
11/ 7/2018  9: 2:37         240         240         240         240       73666               240    17679840  1871905719     7704978     242.948           1
11/ 7/2018  9: 2:56         250         250         250         250       73666               250    18416500  1890322219     7778644     243.014           1
11/ 7/2018  9: 2:58         240         240         240         240       73666               240    17679840  1908002059     7852310     242.986           1
11/ 7/2018 10: 2:17         250         250         250         250       73666               250    18416500  1926418559     7925976     243.051           1
11/ 7/2018 10: 2:18         240         240         240         240       73666               240    17679840  1944098399     7999642     243.023           1
11/ 7/2018 17: 2:29         230         230         230         230       73666               230    16943180  1961041579     8073308     242.904           1
11/ 7/2018 25: 2:14         240         240         240         240       73666               240    17679840  1978721419     8146974     242.878           1
11/ 7/2018 25: 2:16         230         230         230         230       73666               230    16943180  1995664599     8220640     242.763           1
11/ 7/2018 25: 2:18         240         240         240         240       73666               240    17679840  2013344439     8294306     242.738           1
11/ 7/2018 25: 2:22         230         230         230         230       73666               230    16943180  2030287619     8367972     242.626           1
11/ 7/2018 25: 2:32         240         240         240         240       73666               240    17679840  2047967459     8441638     242.603           1
11/ 7/2018 25: 2:57         230         230         230         230       73666               230    16943180  2064910639     8515304     242.494           1
11/ 7/2018 27: 2: 7         240         240         240         240       73666               240    17679840  2082590479     8588970     242.473           1
11/ 7/2018 27: 2: 8         230         230         230         230       73666               230    16943180  2099533659     8662636     242.367           1
11/ 7/2018 27: 2:18         240         240         240         240       73666               240    17679840  2117213499     8736302     242.347           1
11/ 7/2018 30: 2:19         230         230         230         230       73666               230    16943180  2134156679     8809968     242.243           1
11/ 7/2018 31: 2:49         240         240         240         240       73666               240    17679840  2151836519     8883634     242.225           1
11/ 7/2018 31: 2:57         230         230         230         230       73666               230    16943180  2168779699     8957300     242.124           1
11/ 7/2018 31: 2:59         240         240         240         240       73666               240    17679840  2186459539     9030966     242.107           1
11/ 7/2018 32: 2: 1         230         230         230         230       73666               230    16943180  2203402719     9104632     242.009           1
11/ 7/2018 33: 2:27         240         240         240         240       73666               240    17679840  2221082559     9178298     241.993           1
11/ 7/2018 39: 2: 7         230         230         230         230       73666               230    16943180  2238025739     9251964     241.897           1
11/ 7/2018 39: 2:19         240         240         240         240       73666               240    17679840  2255705579     9325630     241.882           1
11/ 7/2018 39: 2:27         230         230         230         230       73666               230    16943180  2272648759     9399296     241.789           1
11/ 7/2018 39: 2:30         240         240         240         240       73666               240    17679840  2290328599     9472962     241.775           1
11/ 7/2018 39: 2:31         230         230         230         230       73666               230    16943180  2307271779     9546628     241.684           1
11/ 7/2018 39: 2:50         240         240         240         240       73666               240    17679840  2324951619     9620294     241.672           1
11/ 7/2018 39: 2:51         230         230         230         230       73666               230    16943180  2341894799     9693960     241.583           1
11/ 7/2018 39: 2:56         240         240         240         240       73666               240    17679840  2359574639     9767626     241.571           1
11/ 7/2018 39: 2:57         230         230         230         230       73666               230    16943180  2376517819     9841292     241.484           1
11/ 7/2018 40: 2:40         240         240         240         240       73666               240    17679840  2394197659     9914958     241.473           1
11/ 7/2018 40: 2:44         230         230         230         230       73666               230    16943180  2411140839     9988624     241.389           1
11/ 7/2018 42: 2:15         200         200         200         200        8249               200     1649800  2412790639     9996873     241.355           1
11/ 7/2018 42: 2:17         240         240         240         240       73666               240    17679840  2430470479    10070539     241.345           1
11/ 7/2018 42: 2:21         230         230         230         230       73666               230    16943180  2447413659    10144205     241.262           1
12/ 7/2018  3: 2:37         240         240         240         240       73666               240    17679840  2465093499    10217871     241.253           1
12/ 7/2018  3: 2:38         230         230         230         230       73666               230    16943180  2482036679    10291537     241.173           1
12/ 7/2018  4: 2:29         240         240         240         240       73666               240    17679840  2499716519    10365203     241.164           1
12/ 7/2018  4: 2:32         230         230         230         230       73666               230    16943180  2516659699    10438869     241.085           1
12/ 7/2018  4: 2:49         240         240         240         240       73666               240    17679840  2534339539    10512535     241.078           1
12/ 7/2018  5: 2: 0         230         230         230         230       73666               230    16943180  2551282719    10586201     241.001           1
12/ 7/2018  5: 2: 1         240         240         240         240       73666               240    17679840  2568962559    10659867     240.994           1
12/ 7/2018  5: 2: 3         230         230         230         230       73666               230    16943180  2585905739    10733533     240.918           1
12/ 7/2018  5: 2:15         240         240         240         240       73666               240    17679840  2603585579    10807199     240.912           1
12/ 7/2018  5: 2:16         230         230         230         230       73666               230    16943180  2620528759    10880865     240.838           1
12/ 7/2018  5: 2:21         240         240         240         240       73666               240    17679840  2638208599    10954531     240.833           1
12/ 7/2018  5: 2:24         230         230         230         230       73666               230    16943180  2655151779    11028197      240.76           1
12/ 7/2018  5: 2:25         240         240         240         240       73666               240    17679840  2672831619    11101863     240.755           1
12/ 7/2018  5: 2:28         230         230         230         230       73666               230    16943180  2689774799    11175529     240.684           1
12/ 7/2018  5: 2:34         240         240         240         240       73666               240    17679840  2707454639    11249195      240.68           1
12/ 7/2018  5: 2:35         230         230         230         230       73666               230    16943180  2724397819    11322861      240.61           1
12/ 7/2018  5: 2:43         240         240         240         240       73666               240    17679840  2742077659    11396527     240.606           1
12/ 7/2018  7: 2: 6         230         230         230         230       73666               230    16943180  2759020839    11470193     240.538           1
12/ 7/2018  7: 2: 8         240         240         240         240       73666               240    17679840  2776700679    11543859     240.535           1
12/ 7/2018  7: 2:16         230         230         230         230       73666               230    16943180  2793643859    11617525     240.468           1
12/ 7/2018  7: 2:34         240         240         240         240       73666               240    17679840  2811323699    11691191     240.465           1
12/ 7/2018  7: 2:57         230         230         230         230       73666               230    16943180  2828266879    11764857       240.4           1
12/ 7/2018  8: 2:19         240         240         240         240       73666               240    17679840  2845946719    11838523     240.397           1
12/ 7/2018  8: 2:26         230         230         230         230       73666               230    16943180  2862889899    11912189     240.333           1
12/ 7/2018  8: 2:35         240         240         240         240       73666               240    17679840  2880569739    11985855     240.331           1
12/ 7/2018  8: 2:44         230         230         230         230       73666               230    16943180  2897512919    12059521     240.268           1
12/ 7/2018  9: 2: 5         240         240         240         240       73666               240    17679840  2915192759    12133187     240.266           1
12/ 7/2018  9: 2:27         230         230         230         230       73666               230    16943180  2932135939    12206853     240.204           1
12/ 7/2018  9: 2:43         240         240         240         240       73666               240    17679840  2949815779    12280519     240.203           1
12/ 7/2018  9: 2:50         230         230         230         230       73666               230    16943180  2966758959    12354185     240.142           1
12/ 7/2018 10: 2: 8         240         240         240         240       73666               240    17679840  2984438799    12427851     240.141           1
12/ 7/2018 10: 2:20         230         230         230         230       73666               230    16943180  3001381979    12501517     240.081           1
12/ 7/2018 10: 2:50         240         240         240         240       73666               240    17679840  3019061819    12575183     240.081           1
12/ 7/2018 13: 2:33         230         230         230         230       73666               230    16943180  3036004999    12648849     240.022           1
12/ 7/2018 13: 2:58         240         240         240         240       73666               240    17679840  3053684839    12722515     240.022           1
12/ 7/2018 15: 2:42         230         230         230         230       73666               230    16943180  3070628019    12796181     239.964           1
12/ 7/2018 38: 2:23         240         240         240         240       73666               240    17679840  3088307859    12869847     239.965           1
12/ 7/2018 38: 2:24         230         230         230         230       73666               230    16943180  3105251039    12943513     239.908           1
12/ 7/2018 47: 2: 8         240         240         240         240       73666               240    17679840  3122930879    13017179     239.908           1
12/ 7/2018 47: 2:12         230         230         230         230       73666               230    16943180  3139874059    13090845     239.853           1
12/ 7/2018 47: 2:14         240         240         240         240       73666               240    17679840  3157553899    13164511     239.853           1
12/ 7/2018 53: 2:52         230         230         230         230       73666               230    16943180  3174497079    13238177     239.799           1
12/ 7/2018 53: 2:57         240         240         240         240       73666               240    17679840  3192176919    13311843       239.8           1
12/ 7/2018 53: 2:59         230         230         230         230       73666               230    16943180  3209120099    13385509     239.746           1
12/ 7/2018 54: 2: 3         240         240         240         240       73666               240    17679840  3226799939    13459175     239.747           1
12/ 7/2018 54: 2: 5         230         230         230         230       73666               230    16943180  3243743119    13532841     239.694           1
12/ 7/2018 54: 2: 6         240         240         240         240       73666               240    17679840  3261422959    13606507     239.696           1
12/ 7/2018 54: 2: 7         230         230         230         230       73666               230    16943180  3278366139    13680173     239.644           1
12/ 7/2018 54: 2: 8         240         240         240         240       73666               240    17679840  3296045979    13753839     239.646           1
12/ 7/2018 54: 2: 9         230         230         230         230       73666               230    16943180  3312989159    13827505     239.594           1
12/ 7/2018 54: 2:22         240         240         240         240       73666               240    17679840  3330668999    13901171     239.596           1
12/ 7/2018 54: 2:28         230         230         230         230       73666               230    16943180  3347612179    13974837     239.546           1
12/ 7/2018 54: 2:32         240         240         240         240       73666               240    17679840  3365292019    14048503     239.548           1
12/ 7/2018 54: 2:34         230         230         230         230       73666               230    16943180  3382235199    14122169     239.498           1
12/ 7/2018 54: 2:46         240         240         240         240       73666               240    17679840  3399915039    14195835     239.501           1
12/ 7/2018 54: 2:50         230         230         230         230       73666               230    16943180  3416858219    14269501     239.452           1
12/ 7/2018 55: 2: 1         240         240         240         240       73666               240    17679840  3434538059    14343167     239.455           1
14/ 7/2018  0: 2: 1         220         220         220         220           1               220         220  3434538279    14343168     239.455           1
14/ 7/2018  0: 2:43         230         230         230         230      100000               230    23000000  3457538279    14443168     239.389           1
14/ 7/2018 10: 2:27         240         240         240         240      100000               240    24000000  3481538279    14543168     239.393           1
14/ 7/2018 10: 2:28         230         230         230         230      100000               230    23000000  3504538279    14643168     239.329           1
14/ 7/2018 10: 2:32         240         240         240         240      100000               240    24000000  3528538279    14743168     239.334           1
14/ 7/2018 10: 2:35         230         230         230         230      100000               230    23000000  3551538279    14843168     239.271           1
14/ 7/2018 10: 2:51         240         240         240         240      100000               240    24000000  3575538279    14943168     239.276           1
14/ 7/2018 11: 2: 7         230         230         230         230      100000               230    23000000  3598538279    15043168     239.214           1
14/ 7/2018 11: 2: 8         240         240         240         240      100000               240    24000000  3622538279    15143168     239.219           1
14/ 7/2018 14: 2:19         230         230         230         230        1000               230      230000  3622768279    15144168     239.219           1
14/ 7/2018 45: 2:32         230         230         230         230       10000               230     2300000  3625068279    15154168     239.213           1
14/ 7/2018 52: 2:24         230         230         230         230       90000               230    20700000  3645768279    15244168     239.158           1
14/ 7/2018 52: 2:26         240         240         240         240       90000               240    21600000  3667368279    15334168     239.163           1
14/ 7/2018 56: 2: 2         250         250         250         250       90000               250    22500000  3689868279    15424168     239.226           1
14/ 7/2018 56: 2: 6         240         240         240         240       90000               240    21600000  3711468279    15514168     239.231           1
14/ 7/2018 56: 2:16         250         250         250         250       90000               250    22500000  3733968279    15604168     239.293           1
14/ 7/2018 57: 2:29         240         240         240         240       90000               240    21600000  3755568279    15694168     239.297           1
14/ 7/2018 57: 2:34         250         250         250         250       90000               250    22500000  3778068279    15784168     239.358           1
14/ 7/2018 58: 2:22         280         280         280         280        2984               280      835520  3778903799    15787152     239.366           1
14/ 7/2018 58: 2:36         240         240         240         240       90000               240    21600000  3800503799    15877152     239.369           1
14/ 7/2018 58: 2:43         250         250         250         250       90000               250    22500000  3823003799    15967152     239.429           1
14/ 7/2018 58: 2:49         240         240         240         240       90000               240    21600000  3844603799    16057152     239.432           1
14/ 7/2018 59: 2: 0         250         250         250         250       90000               250    22500000  3867103799    16147152     239.491           1
14/ 7/2018 59: 2:42         240         250         240         250       90000           246.667    22200000  3889303799    16237152     239.531           2
15/ 7/2018  0: 2: 1         240         240         240         240       90000               240    21600000  3910903799    16327152     239.534           1
15/ 7/2018  0: 2: 4         250         250         250         250       90000               250    22500000  3933403799    16417152     239.591           1
15/ 7/2018  0: 2:10         240         240         240         240       90000               240    21600000  3955003799    16507152     239.593           1
15/ 7/2018  0: 2:14         250         250         250         250       90000               250    22500000  3977503799    16597152      239.65           1
15/ 7/2018  0: 2:17         240         240         240         240       90000               240    21600000  3999103799    16687152     239.652           1
15/ 7/2018  0: 2:21         250         250         250         250       90000               250    22500000  4021603799    16777152     239.707           1
15/ 7/2018  1: 2: 5         240         240         240         240       90000               240    21600000  4043203799    16867152     239.709           1
15/ 7/2018  1: 2:18         250         250         250         250       90000               250    22500000  4065703799    16957152     239.763           1
15/ 7/2018  7: 2: 4         240         240         240         240       90000               240    21600000  4087303799    17047152     239.765           1
15/ 7/2018 10: 2:44         250         250         250         250       90000               250    22500000  4109803799    17137152     239.818           1
15/ 7/2018 10: 2:45         240         240         240         240       90000               240    21600000  4131403799    17227152     239.819           1
15/ 7/2018 12: 2:50         230         230         230         230       90000               230    20700000  4152103799    17317152     239.768           1
15/ 7/2018 14: 2:12         240         240         240         240       90000               240    21600000  4173703799    17407152     239.769           1
15/ 7/2018 14: 2:57         240         240         240         240        1000               240      240000  4173943799    17408152     239.769           1
15/ 7/2018 24: 2:48         280         280         280         280       10000               280     2800000  4176743799    17418152     239.793           1
15/ 7/2018 27: 2:50         240         240         240         240         334               240       80160  4176823959    17418486     239.793           1
15/ 7/2018 34: 2:52         250         250         250         250       90000               250    22500000  4199323959    17508486     239.845           1
15/ 7/2018 35: 2:31         240         240         240         240       90000               240    21600000  4220923959    17598486     239.846           1
15/ 7/2018 35: 2:45         250         250         250         250       90000               250    22500000  4243423959    17688486     239.898           1
15/ 7/2018 35: 2:59         240         240         240         240       90000               240    21600000  4265023959    17778486     239.898           1
15/ 7/2018 36: 2:32         250         250         250         250       90000               250    22500000  4287523959    17868486     239.949           1
15/ 7/2018 37: 2:15         240         240         240         240       90000               240    21600000  4309123959    17958486     239.949           1
15/ 7/2018 37: 2:37         250         250         250         250       90000               250    22500000  4331623959    18048486     239.999           1
15/ 7/2018 37: 2:40         240         240         240         240       90000               240    21600000  4353223959    18138486     239.999           1
15/ 7/2018 37: 2:42         250         250         250         250       90000               250    22500000  4375723959    18228486     240.049           1
15/ 7/2018 37: 2:45         240         240         240         240       90000               240    21600000  4397323959    18318486     240.048           1
15/ 7/2018 37: 2:56         250         250         250         250       90000               250    22500000  4419823959    18408486     240.097           1
15/ 7/2018 37: 2:57         240         240         240         240       90000               240    21600000  4441423959    18498486     240.097           1
15/ 7/2018 37: 2:59         250         250         250         250       90000               250    22500000  4463923959    18588486     240.145           1
15/ 7/2018 38: 2: 2         240         240         240         240       90000               240    21600000  4485523959    18678486     240.144           1
15/ 7/2018 38: 2: 5         250         250         250         250       90000               250    22500000  4508023959    18768486     240.191           1
15/ 7/2018 38: 2: 7         240         240         240         240       90000               240    21600000  4529623959    18858486      240.19           1
15/ 7/2018 39: 2:39         250         250         250         250       90000               250    22500000  4552123959    18948486     240.237           1
15/ 7/2018 39: 2:41         240         240         240         240       90000               240    21600000  4573723959    19038486     240.236           1
15/ 7/2018 39: 2:42         250         250         250         250       90000               250    22500000  4596223959    19128486     240.282           1
15/ 7/2018 39: 2:46         240         240         240         240       90000               240    21600000  4617823959    19218486      240.28           1
15/ 7/2018 39: 2:59         250         250         250         250       90000               250    22500000  4640323959    19308486     240.326           1
15/ 7/2018 40: 2: 0         240         240         240         240       90000               240    21600000  4661923959    19398486     240.324           1
15/ 7/2018 40: 2: 3         250         250         250         250       90000               250    22500000  4684423959    19488486     240.369           1
15/ 7/2018 40: 2:11         240         240         240         240       90000               240    21600000  4706023959    19578486     240.367           1
15/ 7/2018 40: 2:26         250         250         250         250       90000               250    22500000  4728523959    19668486     240.411           1
15/ 7/2018 40: 2:28         240         240         240         240       90000               240    21600000  4750123959    19758486     240.409           1
15/ 7/2018 50: 2:19         250         250         250         250       90000               250    22500000  4772623959    19848486     240.453           1
15/ 7/2018 50: 2:20         240         240         240         240       90000               240    21600000  4794223959    19938486     240.451           1
15/ 7/2018 50: 2:29         250         250         250         250       90000               250    22500000  4816723959    20028486     240.494           1
15/ 7/2018 50: 2:30         240         240         240         240       90000               240    21600000  4838323959    20118486     240.491           1
15/ 7/2018 51: 2: 2         250         250         250         250       90000               250    22500000  4860823959    20208486     240.534           1
15/ 7/2018 51: 2:22         240         240         240         240       90000               240    21600000  4882423959    20298486     240.531           1
15/ 7/2018 51: 2:23         250         250         250         250       90000               250    22500000  4904923959    20388486     240.573           1
15/ 7/2018 57: 2:46         260         260         260         260       90000               260    23400000  4928323959    20478486     240.659           1
15/ 7/2018 57: 2:47         250         250         250         250       90000               250    22500000  4950823959    20568486     240.699           1
15/ 7/2018 58: 2:24         260         260         260         260       90000               260    23400000  4974223959    20658486     240.784           1
16/ 7/2018  7: 2:39         270         270         270         270       90000               270    24300000  4998523959    20748486      240.91           1
16/ 7/2018 12: 2:12         300         300         300         300        2984               300      895200  4999419159    20751470     240.919           1
16/ 7/2018 14: 2:26         280         280         280         280       90000               280    25200000  5024619159    20841470     241.088           1
16/ 7/2018 14: 2:30         270         270         270         270       90000               270    24300000  5048919159    20931470     241.212           1
16/ 7/2018 15: 2: 2         280         280         280         280       90000               280    25200000  5074119159    21021470     241.378           1
16/ 7/2018 15: 2: 5         270         270         270         270       90000               270    24300000  5098419159    21111470       241.5           1
16/ 7/2018 17: 2:33         280         280         280         280       90000               280    25200000  5123619159    21201470     241.663           1
16/ 7/2018 17: 2:42         270         270         270         270       90000               270    24300000  5147919159    21291470     241.783           1
16/ 7/2018 17: 2:43         280         280         280         280       90000               280    25200000  5173119159    21381470     241.944           1
16/ 7/2018 18: 2:18         270         270         270         270       90000               270    24300000  5197419159    21471470     242.062           1
16/ 7/2018 18: 2:44         280         280         280         280       90000               280    25200000  5222619159    21561470      242.22           1
16/ 7/2018 18: 2:53         270         270         270         270       90000               270    24300000  5246919159    21651470     242.335           1
16/ 7/2018 18: 2:55         280         280         280         280       90000               280    25200000  5272119159    21741470     242.491           1
16/ 7/2018 18: 2:58         270         270         270         270       90000               270    24300000  5296419159    21831470     242.605           1
16/ 7/2018 19: 2: 3         280         280         280         280       90000               280    25200000  5321619159    21921470     242.758           1
16/ 7/2018 19: 2: 8         270         270         270         270       90000               270    24300000  5345919159    22011470      242.87           1
16/ 7/2018 19: 2:10         280         280         280         280       90000               280    25200000  5371119159    22101470     243.021           1
16/ 7/2018 19: 2:11         270         270         270         270       90000               270    24300000  5395419159    22191470      243.13           1
16/ 7/2018 19: 2:15         280         280         280         280       90000               280    25200000  5420619159    22281470     243.279           1
16/ 7/2018 19: 2:18         270         270         270         270       90000               270    24300000  5444919159    22371470     243.387           1
16/ 7/2018 19: 2:20         280         280         280         280       90000               280    25200000  5470119159    22461470     243.533           1
16/ 7/2018 19: 2:39         270         270         270         270       90000               270    24300000  5494419159    22551470     243.639           1
16/ 7/2018 19: 2:45         280         280         280         280       90000               280    25200000  5519619159    22641470     243.784           1
16/ 7/2018 19: 2:58         270         270         270         270       90000               270    24300000  5543919159    22731470     243.887           1
16/ 7/2018 20: 2:10         280         280         280         280       90000               280    25200000  5569119159    22821470      244.03           1
16/ 7/2018 20: 2:13         270         270         270         270       90000               270    24300000  5593419159    22911470     244.132           1
16/ 7/2018 20: 2:23         280         280         280         280       90000               280    25200000  5618619159    23001470     244.272           1
16/ 7/2018 20: 2:24         270         270         270         270       90000               270    24300000  5642919159    23091470     244.372           1
16/ 7/2018 20: 2:34         280         280         280         280       90000               280    25200000  5668119159    23181470     244.511           1
16/ 7/2018 20: 2:38         270         270         270         270       90000               270    24300000  5692419159    23271470     244.609           1
16/ 7/2018 20: 2:51         280         280         280         280       90000               280    25200000  5717619159    23361470     244.746           1
16/ 7/2018 20: 2:53         270         270         270         270       90000               270    24300000  5741919159    23451470     244.843           1
16/ 7/2018 31: 2:46         280         280         280         280       90000               280    25200000  5767119159    23541470     244.977           1
16/ 7/2018 31: 2:52         270         270         270         270       90000               270    24300000  5791419159    23631470     245.072           1
16/ 7/2018 31: 2:55         280         280         280         280       90000               280    25200000  5816619159    23721470     245.205           1
16/ 7/2018 31: 2:58         270         270         270         270       90000               270    24300000  5840919159    23811470     245.299           1
16/ 7/2018 32: 2:35         280         280         280         280       90000               280    25200000  5866119159    23901470     245.429           1
16/ 7/2018 32: 2:59         270         270         270         270       90000               270    24300000  5890419159    23991470     245.521           1
16/ 7/2018 34: 2:37         280         280         280         280       20000               280     5600000  5896019159    24011470      245.55           1
16/ 7/2018 37: 2:11         280         280         280         280       90000               280    25200000  5921219159    24101470     245.679           1
16/ 7/2018 37: 2:13         270         270         270         270       90000               270    24300000  5945519159    24191470     245.769           1
16/ 7/2018 37: 2:17         280         280         280         280       90000               280    25200000  5970719159    24281470     245.896           1
16/ 7/2018 37: 2:40         270         270         270         270       90000               270    24300000  5995019159    24371470     245.985           1
16/ 7/2018 37: 2:43         280         280         280         280       90000               280    25200000  6020219159    24461470      246.11           1
16/ 7/2018 37: 2:48         270         270         270         270       90000               270    24300000  6044519159    24551470     246.198           1
16/ 7/2018 37: 2:54         280         280         280         280       90000               280    25200000  6069719159    24641470     246.321           1
16/ 7/2018 37: 2:55         270         270         270         270       90000               270    24300000  6094019159    24731470     246.407           1
16/ 7/2018 38: 2: 9         280         280         280         280       90000               280    25200000  6119219159    24821470     246.529           1
16/ 7/2018 41: 2:48         270         270         270         270       90000               270    24300000  6143519159    24911470     246.614           1
16/ 7/2018 41: 2:50         280         280         280         280       90000               280    25200000  6168719159    25001470     246.734           1
16/ 7/2018 41: 2:51         270         270         270         270       90000               270    24300000  6193019159    25091470     246.818           1
16/ 7/2018 41: 2:52         280         280         280         280       90000               280    25200000  6218219159    25181470     246.936           1
16/ 7/2018 41: 2:53         270         270         270         270       90000               270    24300000  6242519159    25271470     247.018           1
16/ 7/2018 42: 2:37         280         280         280         280       90000               280    25200000  6267719159    25361470     247.135           1
16/ 7/2018 42: 2:38         270         270         270         270       90000               270    24300000  6292019159    25451470     247.216           1
16/ 7/2018 43: 2:46         280         280         280         280       90000               280    25200000  6317219159    25541470     247.332           1
16/ 7/2018 43: 2:47         270         270         270         270       90000               270    24300000  6341519159    25631470     247.411           1
16/ 7/2018 43: 2:55         280         280         280         280       90000               280    25200000  6366719159    25721470     247.525           1
16/ 7/2018 44: 2: 5         270         270         270         270       90000               270    24300000  6391019159    25811470     247.604           1
16/ 7/2018 44: 2:19         280         280         280         280       90000               280    25200000  6416219159    25901470     247.716           1
16/ 7/2018 44: 2:23         270         270         270         270       90000               270    24300000  6440519159    25991470     247.794           1
16/ 7/2018 45: 2:18         280         280         280         280       90000               280    25200000  6465719159    26081470     247.905           1
16/ 7/2018 46: 2: 6         280         280         280         280       18250               280     5110000  6470829159    26099720     247.927           1
16/ 7/2018 47: 2:18         270         270         270         270       90000               270    24300000  6495129159    26189720     248.003           1
16/ 7/2018 47: 2:19         280         280         280         280       90000               280    25200000  6520329159    26279720     248.113           1
16/ 7/2018 48: 2: 8         270         270         270         270       90000               270    24300000  6544629159    26369720     248.187           1
16/ 7/2018 48: 2: 9         280         280         280         280       90000               280    25200000  6569829159    26459720     248.295           1
16/ 7/2018 48: 2:13         270         270         270         270       90000               270    24300000  6594129159    26549720     248.369           1
17/ 7/2018  7: 2:17         280         280         280         280       90000               280    25200000  6619329159    26639720     248.476           1
17/ 7/2018  8: 2:16         270         270         270         270       90000               270    24300000  6643629159    26729720     248.548           1
17/ 7/2018  8: 2:17         280         280         280         280       90000               280    25200000  6668829159    26819720     248.654           1
17/ 7/2018  8: 2:21         270         270         270         270       90000               270    24300000  6693129159    26909720     248.725           1
17/ 7/2018  8: 2:22         280         280         280         280       90000               280    25200000  6718329159    26999720      248.83           1
17/ 7/2018  8: 2:28         270         270         270         270       90000               270    24300000  6742629159    27089720       248.9           1
17/ 7/2018 35: 2:40         260         260         260         260       90000               260    23400000  6766029159    27179720     248.937           1
17/ 7/2018 35: 2:41         270         270         270         270       90000               270    24300000  6790329159    27269720     249.006           1
17/ 7/2018 35: 2:42         260         270         260         270       90000           266.667    24000000  6814329159    27359720     249.064           2
17/ 7/2018 36: 2:14         260         260         260         260       90000               260    23400000  6837729159    27449720       249.1           1
17/ 7/2018 36: 2:15         270         270         270         270       90000               270    24300000  6862029159    27539720     249.168           1
17/ 7/2018 36: 2:18         260         260         260         260       90000               260    23400000  6885429159    27629720     249.204           1
17/ 7/2018 36: 2:21         270         270         270         270       90000               270    24300000  6909729159    27719720     249.271           1
17/ 7/2018 36: 2:22         260         260         260         260       90000               260    23400000  6933129159    27809720     249.306           1
17/ 7/2018 36: 2:23         270         270         270         270       90000               270    24300000  6957429159    27899720     249.373           1
17/ 7/2018 36: 2:24         260         260         260         260       90000               260    23400000  6980829159    27989720     249.407           1
17/ 7/2018 36: 2:27         270         270         270         270       90000               270    24300000  7005129159    28079720     249.473           1
17/ 7/2018 36: 2:28         260         260         260         260       90000               260    23400000  7028529159    28169720     249.507           1
17/ 7/2018 36: 2:33         270         270         270         270       90000               270    24300000  7052829159    28259720     249.572           1
17/ 7/2018 36: 2:34         260         260         260         260       90000               260    23400000  7076229159    28349720     249.605           1
17/ 7/2018 36: 2:35         270         270         270         270       90000               270    24300000  7100529159    28439720     249.669           1
17/ 7/2018 36: 2:53         270         270         270         270       18250               270     4927500  7105456659    28457970     249.682           1
17/ 7/2018 36: 2:57         260         260         260         260       90000               260    23400000  7128856659    28547970     249.715           1
17/ 7/2018 36: 2:58         270         270         270         270       90000               270    24300000  7153156659    28637970     249.779           1
17/ 7/2018 36: 2:59         260         260         260         260       90000               260    23400000  7176556659    28727970     249.811           1
17/ 7/2018 37: 2: 0         270         270         270         270       90000               270    24300000  7200856659    28817970     249.874           1
17/ 7/2018 37: 2: 5         260         260         260         260       90000               260    23400000  7224256659    28907970     249.905           1
17/ 7/2018 37: 2: 6         270         270         270         270       90000               270    24300000  7248556659    28997970     249.968           1
17/ 7/2018 37: 2:10         260         260         260         260       90000               260    23400000  7271956659    29087970     249.999           1
17/ 7/2018 37: 2:11         270         270         270         270       90000               270    24300000  7296256659    29177970      250.06           1
17/ 7/2018 37: 2:16         260         260         260         260       90000               260    23400000  7319656659    29267970     250.091           1
17/ 7/2018 37: 2:53         270         270         270         270       90000               270    24300000  7343956659    29357970     250.152           1
17/ 7/2018 37: 2:56         260         260         260         260       90000               260    23400000  7367356659    29447970     250.182           1
17/ 7/2018 38: 2: 2         270         270         270         270       90000               270    24300000  7391656659    29537970     250.243           1
17/ 7/2018 38: 2:20         260         260         260         260       90000               260    23400000  7415056659    29627970     250.272           1
17/ 7/2018 38: 2:23         270         270         270         270       90000               270    24300000  7439356659    29717970     250.332           1
17/ 7/2018 38: 2:24         260         260         260         260       90000               260    23400000  7462756659    29807970     250.361           1
17/ 7/2018 38: 2:27         270         270         270         270       90000               270    24300000  7487056659    29897970      250.42           1
17/ 7/2018 38: 2:36         260         260         260         260       90000               260    23400000  7510456659    29987970     250.449           1
17/ 7/2018 45: 2:19         270         270         270         270       90000               270    24300000  7534756659    30077970     250.507           1
17/ 7/2018 45: 2:20         260         260         260         260       90000               260    23400000  7558156659    30167970     250.536           1
17/ 7/2018 45: 2:30         270         270         270         270       90000               270    24300000  7582456659    30257970     250.594           1
17/ 7/2018 48: 2:32         260         260         260         260       90000               260    23400000  7605856659    30347970     250.622           1
17/ 7/2018 48: 2:34         270         270         270         270       90000               270    24300000  7630156659    30437970     250.679           1
17/ 7/2018 48: 2:39         260         260         260         260       90000               260    23400000  7653556659    30527970     250.706           1
17/ 7/2018 49: 2:20         270         270         270         270       90000               270    24300000  7677856659    30617970     250.763           1
17/ 7/2018 49: 2:25         260         260         260         260       90000               260    23400000  7701256659    30707970      250.79           1
17/ 7/2018 50: 2:24         270         270         270         270       90000               270    24300000  7725556659    30797970     250.846           1
17/ 7/2018 50: 2:25         260         260         260         260       90000               260    23400000  7748956659    30887970     250.873           1
17/ 7/2018 50: 2:26         270         270         270         270       90000               270    24300000  7773256659    30977970     250.929           1
17/ 7/2018 51: 2:12         260         260         260         260       90000               260    23400000  7796656659    31067970     250.955           1
17/ 7/2018 54: 2:20         250         250         250         250       90000               250    22500000  7819156659    31157970     250.952           1
17/ 7/2018 54: 2:49         260         260         260         260       90000               260    23400000  7842556659    31247970     250.978           1
17/ 7/2018 56: 2: 5         260         260         260         260       18250               260     4745000  7847301659    31266220     250.983           1
17/ 7/2018 57: 2:37         270         270         270         270       90000               270    24300000  7871601659    31356220     251.038           1
17/ 7/2018 57: 2:40         260         260         260         260       90000               260    23400000  7895001659    31446220     251.064           1
17/ 7/2018 58: 2: 8         270         270         270         270       90000               270    24300000  7919301659    31536220     251.118           1
