         Date              Open        High         Low       Close      Volume     Typical Price         V*P    Total VP     Total V        VWAP    Message Count
10/ 7/2018  0: 2:34         110         110         110         110       50000               110     5500000     5500000       50000         110           1
10/ 7/2018 17: 2:41         120         120         120         120       50000               120     6000000    11500000      100000         115           1
10/ 7/2018 18: 2: 7         110         110         110         110       50000               110     5500000    17000000      150000     113.333           1
10/ 7/2018 18: 2:37         120         120         120         120       50000               120     6000000    23000000      200000         115           1
10/ 7/2018 18: 2:59         110         110         110         110       50000               110     5500000    28500000      250000         114           1
11/ 7/2018 13: 2:31         100         100         100         100       50000               100     5000000    33500000      300000     111.667           1
11/ 7/2018 13: 2:47         110         110         110         110       50000               110     5500000    39000000      350000     111.429           1
11/ 7/2018 14: 2: 3         100         100         100         100       50000               100     5000000    44000000      400000         110           1
11/ 7/2018 14: 2: 9         110         110         110         110       50000               110     5500000    49500000      450000         110           1
11/ 7/2018 14: 2:10         100         100         100         100       50000               100     5000000    54500000      500000         109           1
11/ 7/2018 14: 2:52         110         110         110         110       50000               110     5500000    60000000      550000     109.091           1
11/ 7/2018 16: 2:15         100         100         100         100       50000               100     5000000    65000000      600000     108.333           1
11/ 7/2018 16: 2:19         110         110         110         110       50000               110     5500000    70500000      650000     108.462           1
11/ 7/2018 16: 2:59         100         100         100         100       50000               100     5000000    75500000      700000     107.857           1
11/ 7/2018 18: 2: 0         110         110         110         110       50000               110     5500000    81000000      750000         108           1
11/ 7/2018 18: 2:23         100         100         100         100       50000               100     5000000    86000000      800000       107.5           1
11/ 7/2018 18: 2:26         110         110         110         110       50000               110     5500000    91500000      850000     107.647           1
11/ 7/2018 18: 2:27         100         100         100         100       50000               100     5000000    96500000      900000     107.222           1
11/ 7/2018 18: 2:28         110         110         110         110       50000               110     5500000   102000000      950000     107.368           1
11/ 7/2018 18: 2:40         100         100         100         100       50000               100     5000000   107000000     1000000         107           1
11/ 7/2018 18: 2:44         110         110         110         110       50000               110     5500000   112500000     1050000     107.143           1
11/ 7/2018 18: 2:50         100         100         100         100       50000               100     5000000   117500000     1100000     106.818           1
11/ 7/2018 18: 2:55         110         110         110         110       50000               110     5500000   123000000     1150000     106.957           1
11/ 7/2018 19: 2:12         100         100         100         100       50000               100     5000000   128000000     1200000     106.667           1
11/ 7/2018 19: 2:13         110         110         110         110       50000               110     5500000   133500000     1250000       106.8           1
11/ 7/2018 19: 2:43         100         100         100         100       50000               100     5000000   138500000     1300000     106.538           1
11/ 7/2018 19: 2:54         110         110         110         110       50000               110     5500000   144000000     1350000     106.667           1
11/ 7/2018 20: 2:19         100         100         100         100       50000               100     5000000   149000000     1400000     106.429           1
11/ 7/2018 25: 2:20         110         110         110         110       50000               110     5500000   154500000     1450000     106.552           1
11/ 7/2018 25: 2:47         100         100         100         100       50000               100     5000000   159500000     1500000     106.333           1
11/ 7/2018 26: 2:16         110         110         100         100       50000           103.333     5166666   164666666     1550000     106.237           2
11/ 7/2018 27: 2: 2         110         110         110         110       50000               110     5500000   170166666     1600000     106.354           1
11/ 7/2018 27: 2: 3         100         100         100         100       50000               100     5000000   175166666     1650000     106.162           1
11/ 7/2018 27: 2: 5         110         110         110         110       50000               110     5500000   180666666     1700000     106.275           1
11/ 7/2018 27: 2: 6         100         100         100         100       50000               100     5000000   185666666     1750000     106.095           1
11/ 7/2018 27: 2: 9         110         110         110         110       50000               110     5500000   191166666     1800000     106.204           1
11/ 7/2018 27: 2:12         100         100         100         100       50000               100     5000000   196166666     1850000     106.036           1
11/ 7/2018 27: 2:17         110         110         110         110       50000               110     5500000   201666666     1900000      106.14           1
11/ 7/2018 39: 2: 7         100         100         100         100       50000               100     5000000   206666666     1950000     105.983           1
12/ 7/2018  8: 2:47         110         110         110         110       50000               110     5500000   212166666     2000000     106.083           1
12/ 7/2018  9: 2: 1         100         100         100         100       50000               100     5000000   217166666     2050000     105.935           1
12/ 7/2018  9: 2:32         110         110         110         110       50000               110     5500000   222666666     2100000     106.032           1
12/ 7/2018 10: 2: 8         100         100         100         100       50000               100     5000000   227666666     2150000     105.891           1
14/ 7/2018  0: 2:26         100         100         100         100       50000               100     5000000   232666666     2200000     105.758           1
16/ 7/2018  5: 2:29         110         110         110         110       50000               110     5500000   238166666     2250000     105.852           1
16/ 7/2018 59: 2:59         100         100         100         100       50000               100     5000000   243166666     2300000     105.725           1
17/ 7/2018  3: 2:18         110         110         110         110       50000               110     5500000   248666666     2350000     105.816           1
17/ 7/2018  6: 2: 8         100         100         100         100       50000               100     5000000   253666666     2400000     105.694           1
17/ 7/2018  7: 2:21         110         110         110         110       50000               110     5500000   259166666     2450000     105.782           1
17/ 7/2018  7: 2:30         100         100         100         100       50000               100     5000000   264166666     2500000     105.667           1
17/ 7/2018 55: 2:28         110         110         110         110       50000               110     5500000   269666666     2550000     105.752           1
17/ 7/2018 59: 2:47         100         100         100         100       50000               100     5000000   274666666     2600000     105.641           1
17/ 7/2018 59: 2:51         110         110         110         110       50000               110     5500000   280166666     2650000     105.723           1
17/ 7/2018 59: 2:53         100         100         100         100       50000               100     5000000   285166666     2700000     105.617           1
17/ 7/2018 59: 2:54         110         110         110         110       50000               110     5500000   290666666     2750000     105.697           1
