         Date              Open        High         Low       Close      Volume     Typical Price         V*P    Total VP     Total V        VWAP    Message Count
10/ 7/2018  0: 2:34         200         200         200         200       50000               200    10000000    10000000       50000         200           1
10/ 7/2018 17: 2:37         210         210         210         210       50000               210    10500000    20500000      100000         205           1
10/ 7/2018 18: 2:58         200         200         200         200       50000               200    10000000    30500000      150000     203.333           1
10/ 7/2018 19: 2: 9         210         210         210         210       50000               210    10500000    41000000      200000         205           1
10/ 7/2018 19: 2:10         200         200         200         200       50000               200    10000000    51000000      250000         204           1
10/ 7/2018 19: 2:13         210         210         210         210       50000               210    10500000    61500000      300000         205           1
10/ 7/2018 19: 2:18         200         200         200         200       50000               200    10000000    71500000      350000     204.286           1
10/ 7/2018 19: 2:22         210         210         210         210       50000               210    10500000    82000000      400000         205           1
10/ 7/2018 19: 2:37         200         210         200         210       50000           206.667    10333333    92333333      450000     205.185           2
10/ 7/2018 19: 2:38         200         210         200         210       50000           206.667    10333333   102666666      500000     205.333           2
10/ 7/2018 19: 2:42         200         200         200         200       50000               200    10000000   112666666      550000     204.848           1
10/ 7/2018 20: 2: 4         210         210         210         210       50000               210    10500000   123166666      600000     205.278           1
10/ 7/2018 20: 2: 5         200         200         200         200       50000               200    10000000   133166666      650000     204.872           1
10/ 7/2018 20: 2: 6         210         210         210         210       50000               210    10500000   143666666      700000     205.238           1
10/ 7/2018 20: 2:28         200         200         200         200       50000               200    10000000   153666666      750000     204.889           1
12/ 7/2018 13: 2: 9         190         190         190         190       50000               190     9500000   163166666      800000     203.958           1
14/ 7/2018  0: 2:25         190         190         190         190       50000               190     9500000   172666666      850000     203.137           1
15/ 7/2018 55: 2:54         200         200         200         200       50000               200    10000000   182666666      900000     202.963           1
15/ 7/2018 56: 2:32         190         190         190         190       50000               190     9500000   192166666      950000     202.281           1
16/ 7/2018  6: 2: 6         200         200         200         200       50000               200    10000000   202166666     1000000     202.167           1
17/ 7/2018 11: 2:37         190         190         190         190       50000               190     9500000   211666666     1050000     201.587           1
17/ 7/2018 20: 2:28         200         200         190         190       50000           193.333     9666666   221333332     1100000     201.212           2
17/ 7/2018 31: 2:29         200         200         200         200       50000               200    10000000   231333332     1150000     201.159           1
17/ 7/2018 38: 2:58         190         190         190         190       50000               190     9500000   240833332     1200000     200.694           1
17/ 7/2018 48: 2:29         200         200         190         190       50000           193.333     9666666   250499998     1250000       200.4           2
17/ 7/2018 49: 2: 9         200         200         200         200       50000               200    10000000   260499998     1300000     200.385           1
