         Date              Open        High         Low       Close      Volume     Typical Price         V*P    Total VP     Total V        VWAP    Message Count
10/ 7/2018  0: 2: 3         410         410         410         410       50000               410    20500000    20500000       50000         410           1
10/ 7/2018  0: 2:58         400         400         400         400       50000               400    20000000    40500000      100000         405           1
10/ 7/2018  2: 2:17         410         410         410         410       50000               410    20500000    61000000      150000     406.667           1
10/ 7/2018  2: 2:19         400         400         400         400       50000               400    20000000    81000000      200000         405           1
10/ 7/2018  2: 2:30         410         410         410         410       50000               410    20500000   101500000      250000         406           1
10/ 7/2018  3: 2:31         400         400         400         400       50000               400    20000000   121500000      300000         405           1
10/ 7/2018  4: 2:22         410         410         410         410       50000               410    20500000   142000000      350000     405.714           1
10/ 7/2018  4: 2:40         400         400         400         400       50000               400    20000000   162000000      400000         405           1
10/ 7/2018 15: 2:37         410         410         410         410       50000               410    20500000   182500000      450000     405.556           1
10/ 7/2018 17: 2:42         420         420         420         420       50000               420    21000000   203500000      500000         407           1
10/ 7/2018 17: 2:43         410         410         410         410       50000               410    20500000   224000000      550000     407.273           1
10/ 7/2018 17: 2:47         420         420         420         420       50000               420    21000000   245000000      600000     408.333           1
10/ 7/2018 17: 2:51         410         410         410         410       50000               410    20500000   265500000      650000     408.462           1
10/ 7/2018 18: 2:37         420         420         420         420       50000               420    21000000   286500000      700000     409.286           1
10/ 7/2018 18: 2:38         410         410         410         410       50000               410    20500000   307000000      750000     409.333           1
10/ 7/2018 28: 2: 8         410         410         410         410       50000               410    20500000   327500000      800000     409.375           1
10/ 7/2018 30: 2:15         400         400         400         400       50000               400    20000000   347500000      850000     408.824           1
10/ 7/2018 36: 2: 2         390         390         390         390       50000               390    19500000   367000000      900000     407.778           1
10/ 7/2018 36: 2: 3         400         400         400         400       50000               400    20000000   387000000      950000     407.368           1
10/ 7/2018 43: 2:14         410         410         410         410       50000               410    20500000   407500000     1000000       407.5           1
10/ 7/2018 49: 2:14         400         400         400         400       50000               400    20000000   427500000     1050000     407.143           1
10/ 7/2018 54: 2:22         410         410         410         410       50000               410    20500000   448000000     1100000     407.273           1
10/ 7/2018 56: 2: 3         400         400         400         400       50000               400    20000000   468000000     1150000     406.957           1
10/ 7/2018 57: 2:33         410         410         410         410       50000               410    20500000   488500000     1200000     407.083           1
10/ 7/2018 57: 2:34         400         400         400         400       50000               400    20000000   508500000     1250000       406.8           1
11/ 7/2018  5: 2:53         390         390         390         390       50000               390    19500000   528000000     1300000     406.154           1
11/ 7/2018  6: 2:41         400         400         400         400       50000               400    20000000   548000000     1350000     405.926           1
11/ 7/2018  6: 2:45         390         390         390         390       50000               390    19500000   567500000     1400000     405.357           1
11/ 7/2018  6: 2:48         400         400         400         400       50000               400    20000000   587500000     1450000     405.172           1
11/ 7/2018  7: 2:11         390         390         390         390       50000               390    19500000   607000000     1500000     404.667           1
11/ 7/2018  7: 2:48         400         400         400         400       50000               400    20000000   627000000     1550000     404.516           1
11/ 7/2018 11: 2:40         390         390         390         390       50000               390    19500000   646500000     1600000     404.062           1
11/ 7/2018 12: 2:41         400         400         400         400       50000               400    20000000   666500000     1650000     403.939           1
11/ 7/2018 12: 2:44         390         390         390         390       50000               390    19500000   686000000     1700000     403.529           1
11/ 7/2018 34: 2: 2         400         400         400         400       50000               400    20000000   706000000     1750000     403.429           1
11/ 7/2018 34: 2:13         390         390         390         390       50000               390    19500000   725500000     1800000     403.056           1
12/ 7/2018 13: 2:32         380         380         380         380       50000               380    19000000   744500000     1850000     402.432           1
12/ 7/2018 14: 2:33         370         370         370         370       50000               370    18500000   763000000     1900000     401.579           1
12/ 7/2018 14: 2:34         380         380         380         380       50000               380    19000000   782000000     1950000     401.026           1
12/ 7/2018 16: 2: 3         390         390         390         390       50000               390    19500000   801500000     2000000      400.75           1
12/ 7/2018 16: 2: 8         380         380         380         380       50000               380    19000000   820500000     2050000     400.244           1
12/ 7/2018 16: 2: 9         390         390         390         390       50000               390    19500000   840000000     2100000         400           1
12/ 7/2018 16: 2:16         380         380         380         380       50000               380    19000000   859000000     2150000     399.535           1
12/ 7/2018 17: 2:51         390         390         390         390       50000               390    19500000   878500000     2200000     399.318           1
12/ 7/2018 18: 2:25         380         380         380         380       50000               380    19000000   897500000     2250000     398.889           1
12/ 7/2018 18: 2:26         390         390         390         390       50000               390    19500000   917000000     2300000     398.696           1
12/ 7/2018 18: 2:34         380         380         380         380       50000               380    19000000   936000000     2350000     398.298           1
12/ 7/2018 22: 2:47         370         370         370         370       50000               370    18500000   954500000     2400000     397.708           1
12/ 7/2018 22: 2:48         380         380         380         380       50000               380    19000000   973500000     2450000     397.347           1
12/ 7/2018 23: 2: 9         370         370         370         370       50000               370    18500000   992000000     2500000       396.8           1
12/ 7/2018 23: 2:13         380         380         380         380       50000               380    19000000  1011000000     2550000     396.471           1
12/ 7/2018 27: 2:16         390         390         390         390       50000               390    19500000  1030500000     2600000     396.346           1
12/ 7/2018 27: 2:41         380         380         380         380       50000               380    19000000  1049500000     2650000     396.038           1
12/ 7/2018 28: 2:20         390         390         390         390       50000               390    19500000  1069000000     2700000     395.926           1
12/ 7/2018 28: 2:53         380         380         380         380       50000               380    19000000  1088000000     2750000     395.636           1
12/ 7/2018 58: 2:54         390         390         390         390       50000               390    19500000  1107500000     2800000     395.536           1
14/ 7/2018  0: 2: 1         390         390         390         390       50000               390    19500000  1127000000     2850000     395.439           1
14/ 7/2018  8: 2:14         380         380         380         380       50000               380    19000000  1146000000     2900000     395.172           1
14/ 7/2018 10: 2:38         390         390         390         390       50000               390    19500000  1165500000     2950000     395.085           1
14/ 7/2018 10: 2:45         380         380         380         380       50000               380    19000000  1184500000     3000000     394.833           1
14/ 7/2018 11: 2:13         390         390         390         390       50000               390    19500000  1204000000     3050000     394.754           1
14/ 7/2018 11: 2:19         380         380         380         380       50000               380    19000000  1223000000     3100000     394.516           1
14/ 7/2018 13: 2:53         390         390         390         390       50000               390    19500000  1242500000     3150000     394.444           1
14/ 7/2018 14: 2: 5         380         380         380         380       50000               380    19000000  1261500000     3200000     394.219           1
14/ 7/2018 15: 2:39         390         390         390         390       50000               390    19500000  1281000000     3250000     394.154           1
14/ 7/2018 16: 2:17         380         380         380         380       50000               380    19000000  1300000000     3300000     393.939           1
14/ 7/2018 16: 2:25         390         390         390         390       50000               390    19500000  1319500000     3350000     393.881           1
14/ 7/2018 16: 2:33         380         380         380         380       50000               380    19000000  1338500000     3400000     393.676           1
14/ 7/2018 16: 2:41         390         390         390         390       50000               390    19500000  1358000000     3450000     393.623           1
14/ 7/2018 17: 2: 7         380         380         380         380       50000               380    19000000  1377000000     3500000     393.429           1
14/ 7/2018 17: 2:53         390         390         390         390       50000               390    19500000  1396500000     3550000      393.38           1
14/ 7/2018 18: 2:47         380         380         380         380       50000               380    19000000  1415500000     3600000     393.194           1
14/ 7/2018 18: 2:51         390         390         390         390       50000               390    19500000  1435000000     3650000     393.151           1
14/ 7/2018 21: 2: 3         380         380         380         380       50000               380    19000000  1454000000     3700000     392.973           1
14/ 7/2018 21: 2: 5         390         390         390         390       50000               390    19500000  1473500000     3750000     392.933           1
14/ 7/2018 21: 2:17         380         380         380         380       50000               380    19000000  1492500000     3800000     392.763           1
14/ 7/2018 53: 2:31         390         390         390         390       50000               390    19500000  1512000000     3850000     392.727           1
14/ 7/2018 53: 2:32         380         380         380         380       50000               380    19000000  1531000000     3900000     392.564           1
14/ 7/2018 54: 2:46         390         390         390         390       50000               390    19500000  1550500000     3950000     392.532           1
15/ 7/2018  7: 2:56         380         380         380         380       50000               380    19000000  1569500000     4000000     392.375           1
15/ 7/2018 10: 2:28         390         390         390         390       50000               390    19500000  1589000000     4050000     392.346           1
15/ 7/2018 23: 2:14         380         380         380         380       50000               380    19000000  1608000000     4100000     392.195           1
15/ 7/2018 26: 2:10         390         390         390         390       50000               390    19500000  1627500000     4150000     392.169           1
15/ 7/2018 26: 2:25         380         380         380         380       50000               380    19000000  1646500000     4200000     392.024           1
15/ 7/2018 36: 2:42         390         390         390         390       50000               390    19500000  1666000000     4250000         392           1
16/ 7/2018 10: 2:33         400         400         400         400       50000               400    20000000  1686000000     4300000     392.093           1
16/ 7/2018 36: 2:46         390         390         390         390       50000               390    19500000  1705500000     4350000     392.069           1
16/ 7/2018 38: 2:26         400         400         400         400       50000               400    20000000  1725500000     4400000     392.159           1
16/ 7/2018 38: 2:59         390         390         390         390       50000               390    19500000  1745000000     4450000     392.135           1
16/ 7/2018 40: 2:13         400         400         400         400       50000               400    20000000  1765000000     4500000     392.222           1
16/ 7/2018 52: 2:46         390         390         390         390       50000               390    19500000  1784500000     4550000     392.198           1
16/ 7/2018 54: 2:12         400         400         400         400       50000               400    20000000  1804500000     4600000     392.283           1
16/ 7/2018 54: 2:13         390         390         390         390       50000               390    19500000  1824000000     4650000     392.258           1
16/ 7/2018 54: 2:15         400         400         400         400       50000               400    20000000  1844000000     4700000      392.34           1
16/ 7/2018 54: 2:21         390         390         390         390       50000               390    19500000  1863500000     4750000     392.316           1
