         Date              Open        High         Low       Close      Volume     Typical Price         V*P    Total VP     Total V        VWAP    Message Count
10/ 7/2018  0: 2: 3         110         110         110         110       50000               110     5500000     5500000       50000         110           1
10/ 7/2018  5: 2:19         120         120         120         120       50000               120     6000000    11500000      100000         115           1
10/ 7/2018  5: 2:20         110         110         110         110       50000               110     5500000    17000000      150000     113.333           1
10/ 7/2018  5: 2:35         120         120         120         120       50000               120     6000000    23000000      200000         115           1
10/ 7/2018 12: 2:10         110         110         110         110       50000               110     5500000    28500000      250000         114           1
10/ 7/2018 12: 2:26         120         120         120         120       50000               120     6000000    34500000      300000         115           1
10/ 7/2018 12: 2:28         110         110         110         110       50000               110     5500000    40000000      350000     114.286           1
10/ 7/2018 16: 2:41         120         120         120         120       50000               120     6000000    46000000      400000         115           1
10/ 7/2018 28: 2:14         120         120         120         120       50000               120     6000000    52000000      450000     115.556           1
12/ 7/2018 16: 2:55         110         110         110         110       50000               110     5500000    57500000      500000         115           1
12/ 7/2018 17: 2:51         120         120         120         120       50000               120     6000000    63500000      550000     115.455           1
12/ 7/2018 18: 2:44         110         110         110         110       50000               110     5500000    69000000      600000         115           1
14/ 7/2018  0: 2: 0         110         110         110         110       50000               110     5500000    74500000      650000     114.615           1
14/ 7/2018 35: 2:22         100         100         100         100       50000               100     5000000    79500000      700000     113.571           1
14/ 7/2018 35: 2:26         110         110         110         110       50000               110     5500000    85000000      750000     113.333           1
14/ 7/2018 35: 2:50         100         100         100         100       50000               100     5000000    90000000      800000       112.5           1
14/ 7/2018 35: 2:51         110         110         110         110       50000               110     5500000    95500000      850000     112.353           1
14/ 7/2018 35: 2:52         100         100         100         100       50000               100     5000000   100500000      900000     111.667           1
14/ 7/2018 35: 2:54         110         110         110         110       50000               110     5500000   106000000      950000     111.579           1
14/ 7/2018 36: 2: 1         100         100         100         100       50000               100     5000000   111000000     1000000         111           1
14/ 7/2018 36: 2: 7         110         110         110         110       50000               110     5500000   116500000     1050000     110.952           1
14/ 7/2018 36: 2: 9         100         100         100         100       50000               100     5000000   121500000     1100000     110.455           1
14/ 7/2018 36: 2:12         110         110         110         110       50000               110     5500000   127000000     1150000     110.435           1
14/ 7/2018 36: 2:14         100         100         100         100       50000               100     5000000   132000000     1200000         110           1
14/ 7/2018 36: 2:20         110         110         110         110       50000               110     5500000   137500000     1250000         110           1
14/ 7/2018 36: 2:21         100         100         100         100       50000               100     5000000   142500000     1300000     109.615           1
14/ 7/2018 36: 2:30         110         110         110         110       50000               110     5500000   148000000     1350000      109.63           1
14/ 7/2018 36: 2:39         100         100         100         100       50000               100     5000000   153000000     1400000     109.286           1
14/ 7/2018 36: 2:52         110         110         110         110       50000               110     5500000   158500000     1450000      109.31           1
14/ 7/2018 36: 2:57         100         100         100         100       50000               100     5000000   163500000     1500000         109           1
14/ 7/2018 37: 2:48         110         110         110         110       50000               110     5500000   169000000     1550000     109.032           1
14/ 7/2018 38: 2:13         100         100         100         100       50000               100     5000000   174000000     1600000      108.75           1
14/ 7/2018 38: 2:22         110         110         110         110       50000               110     5500000   179500000     1650000     108.788           1
14/ 7/2018 57: 2:45         120         120         120         120       50000               120     6000000   185500000     1700000     109.118           1
14/ 7/2018 58: 2:23         110         110         110         110       50000               110     5500000   191000000     1750000     109.143           1
14/ 7/2018 58: 2:29         120         120         120         120       50000               120     6000000   197000000     1800000     109.444           1
14/ 7/2018 58: 2:31         110         110         110         110       50000               110     5500000   202500000     1850000     109.459           1
