         Date              Open        High         Low       Close      Volume     Typical Price         V*P    Total VP     Total V        VWAP    Message Count
10/ 7/2018  0: 2: 3         150         150         150         150      100000               150    15000000    15000000      100000         150           1
10/ 7/2018  6: 2:52         160         160         160         160      100000               160    16000000    31000000      200000         155           1
10/ 7/2018  6: 2:53         150         150         150         150      100000               150    15000000    46000000      300000     153.333           1
10/ 7/2018  7: 2:12         160         160         160         160      100000               160    16000000    62000000      400000         155           1
10/ 7/2018  7: 2:13         150         150         150         150      100000               150    15000000    77000000      500000         154           1
10/ 7/2018  7: 2:14         150         150         150         150      100000               150    15000000    92000000      600000     153.333           1
10/ 7/2018  7: 2:15         150         150         150         150      100000               150    15000000   107000000      700000     152.857           1
10/ 7/2018  7: 2:16         150         150         150         150      100000               150    15000000   122000000      800000       152.5           1
10/ 7/2018  7: 2:18         160         160         160         160      100000               160    16000000   138000000      900000     153.333           1
10/ 7/2018  7: 2:19         150         150         150         150      100000               150    15000000   153000000     1000000         153           1
10/ 7/2018  7: 2:20         160         160         160         160      100000               160    16000000   169000000     1100000     153.636           1
10/ 7/2018  7: 2:21         150         150         150         150      100000               150    15000000   184000000     1200000     153.333           1
10/ 7/2018  7: 2:22         160         160         160         160      100000               160    16000000   200000000     1300000     153.846           1
10/ 7/2018  7: 2:26         150         150         150         150      100000               150    15000000   215000000     1400000     153.571           1
10/ 7/2018  7: 2:27         160         160         160         160      100000               160    16000000   231000000     1500000         154           1
10/ 7/2018  7: 2:29         150         150         150         150      100000               150    15000000   246000000     1600000      153.75           1
10/ 7/2018  7: 2:30         160         160         160         160      100000               160    16000000   262000000     1700000     154.118           1
10/ 7/2018  7: 2:31         160         160         160         160      100000               160    16000000   278000000     1800000     154.444           1
10/ 7/2018  7: 2:32         160         160         160         160      100000               160    16000000   294000000     1900000     154.737           1
10/ 7/2018  7: 2:34         150         150         150         150      100000               150    15000000   309000000     2000000       154.5           1
10/ 7/2018  7: 2:35         160         160         160         160      100000               160    16000000   325000000     2100000     154.762           1
10/ 7/2018  7: 2:36         160         160         160         160      100000               160    16000000   341000000     2200000         155           1
10/ 7/2018  7: 2:39         150         150         150         150      100000               150    15000000   356000000     2300000     154.783           1
10/ 7/2018  7: 2:40         160         160         160         160      100000               160    16000000   372000000     2400000         155           1
10/ 7/2018  7: 2:41         150         150         150         150      100000               150    15000000   387000000     2500000       154.8           1
10/ 7/2018  7: 2:42         160         160         160         160      100000               160    16000000   403000000     2600000         155           1
10/ 7/2018  7: 2:43         160         160         160         160      100000               160    16000000   419000000     2700000     155.185           1
10/ 7/2018  7: 2:44         150         150         150         150      100000               150    15000000   434000000     2800000         155           1
10/ 7/2018  7: 2:45         160         160         160         160      100000               160    16000000   450000000     2900000     155.172           1
10/ 7/2018  7: 2:46         150         150         150         150      100000               150    15000000   465000000     3000000         155           1
10/ 7/2018  7: 2:48         160         160         160         160      100000               160    16000000   481000000     3100000     155.161           1
10/ 7/2018  7: 2:53         150         150         150         150      100000               150    15000000   496000000     3200000         155           1
10/ 7/2018  7: 2:56         160         160         160         160      100000               160    16000000   512000000     3300000     155.152           1
10/ 7/2018  8: 2: 0         150         150         150         150      100000               150    15000000   527000000     3400000         155           1
10/ 7/2018  8: 2: 1         160         160         160         160      100000               160    16000000   543000000     3500000     155.143           1
10/ 7/2018  8: 2: 3         150         150         150         150      100000               150    15000000   558000000     3600000         155           1
10/ 7/2018  8: 2: 4         150         150         150         150      100000               150    15000000   573000000     3700000     154.865           1
10/ 7/2018  8: 2: 5         150         150         150         150      100000               150    15000000   588000000     3800000     154.737           1
10/ 7/2018  8: 2: 6         160         160         160         160      100000               160    16000000   604000000     3900000     154.872           1
10/ 7/2018  8: 2: 7         150         150         150         150      100000               150    15000000   619000000     4000000      154.75           1
10/ 7/2018  8: 2: 8         160         160         160         160      100000               160    16000000   635000000     4100000     154.878           1
10/ 7/2018  8: 2:11         150         150         150         150      100000               150    15000000   650000000     4200000     154.762           1
10/ 7/2018  8: 2:12         160         160         160         160      100000               160    16000000   666000000     4300000     154.884           1
10/ 7/2018  8: 2:13         150         150         150         150      100000               150    15000000   681000000     4400000     154.773           1
10/ 7/2018  8: 2:14         160         160         160         160      100000               160    16000000   697000000     4500000     154.889           1
10/ 7/2018  8: 2:15         150         150         150         150      100000               150    15000000   712000000     4600000     154.783           1
10/ 7/2018  8: 2:16         160         160         160         160      100000               160    16000000   728000000     4700000     154.894           1
10/ 7/2018  8: 2:19         150         150         150         150      100000               150    15000000   743000000     4800000     154.792           1
10/ 7/2018  8: 2:21         160         160         160         160      100000               160    16000000   759000000     4900000     154.898           1
10/ 7/2018  8: 2:26         150         150         150         150      100000               150    15000000   774000000     5000000       154.8           1
10/ 7/2018  8: 2:27         160         160         160         160      100000               160    16000000   790000000     5100000     154.902           1
10/ 7/2018  8: 2:29         150         150         150         150      100000               150    15000000   805000000     5200000     154.808           1
10/ 7/2018  8: 2:30         160         160         160         160      100000               160    16000000   821000000     5300000     154.906           1
10/ 7/2018  8: 2:31         160         160         160         160      100000               160    16000000   837000000     5400000         155           1
10/ 7/2018  8: 2:35         150         150         150         150      100000               150    15000000   852000000     5500000     154.909           1
10/ 7/2018  8: 2:36         160         160         160         160      100000               160    16000000   868000000     5600000         155           1
10/ 7/2018  8: 2:37         150         150         150         150      100000               150    15000000   883000000     5700000     154.912           1
10/ 7/2018  8: 2:39         160         160         160         160      100000               160    16000000   899000000     5800000         155           1
10/ 7/2018  8: 2:41         150         150         150         150      100000               150    15000000   914000000     5900000     154.915           1
10/ 7/2018  8: 2:42         160         160         160         160      100000               160    16000000   930000000     6000000         155           1
10/ 7/2018  8: 2:45         150         150         150         150      100000               150    15000000   945000000     6100000     154.918           1
10/ 7/2018  8: 2:46         160         160         160         160      100000               160    16000000   961000000     6200000         155           1
10/ 7/2018  8: 2:48         150         150         150         150      100000               150    15000000   976000000     6300000     154.921           1
10/ 7/2018  8: 2:56         160         160         160         160      100000               160    16000000   992000000     6400000         155           1
10/ 7/2018  9: 2: 0         150         150         150         150      100000               150    15000000  1007000000     6500000     154.923           1
10/ 7/2018  9: 2: 1         160         160         160         160      100000               160    16000000  1023000000     6600000         155           1
10/ 7/2018  9: 2:14         150         150         150         150      100000               150    15000000  1038000000     6700000     154.925           1
10/ 7/2018  9: 2:15         160         160         160         160      100000               160    16000000  1054000000     6800000         155           1
10/ 7/2018  9: 2:16         150         150         150         150      100000               150    15000000  1069000000     6900000     154.928           1
10/ 7/2018  9: 2:17         160         160         160         160      100000               160    16000000  1085000000     7000000         155           1
10/ 7/2018  9: 2:21         150         150         150         150      100000               150    15000000  1100000000     7100000      154.93           1
10/ 7/2018  9: 2:22         160         160         160         160      100000               160    16000000  1116000000     7200000         155           1
10/ 7/2018  9: 2:30         150         150         150         150      100000               150    15000000  1131000000     7300000     154.932           1
10/ 7/2018  9: 2:35         160         160         160         160      100000               160    16000000  1147000000     7400000         155           1
10/ 7/2018  9: 2:46         150         150         150         150      100000               150    15000000  1162000000     7500000     154.933           1
10/ 7/2018  9: 2:47         160         160         160         160      100000               160    16000000  1178000000     7600000         155           1
10/ 7/2018 10: 2: 1         150         150         150         150      100000               150    15000000  1193000000     7700000     154.935           1
10/ 7/2018 10: 2: 2         160         160         160         160      100000               160    16000000  1209000000     7800000         155           1
10/ 7/2018 10: 2: 4         150         150         150         150      100000               150    15000000  1224000000     7900000     154.937           1
10/ 7/2018 10: 2: 5         160         160         160         160      100000               160    16000000  1240000000     8000000         155           1
10/ 7/2018 13: 2: 4         150         150         150         150      100000               150    15000000  1255000000     8100000     154.938           1
10/ 7/2018 13: 2: 5         150         150         150         150      100000               150    15000000  1270000000     8200000     154.878           1
10/ 7/2018 13: 2: 6         160         160         160         160      100000               160    16000000  1286000000     8300000      154.94           1
10/ 7/2018 13: 2: 7         150         150         150         150      100000               150    15000000  1301000000     8400000     154.881           1
10/ 7/2018 13: 2: 8         160         160         160         160      100000               160    16000000  1317000000     8500000     154.941           1
10/ 7/2018 14: 2: 5         150         150         150         150      100000               150    15000000  1332000000     8600000     154.884           1
10/ 7/2018 14: 2: 6         160         160         160         160      100000               160    16000000  1348000000     8700000     154.943           1
10/ 7/2018 17: 2:46         150         150         150         150      100000               150    15000000  1363000000     8800000     154.886           1
10/ 7/2018 17: 2:47         160         160         160         160      100000               160    16000000  1379000000     8900000     154.944           1
10/ 7/2018 17: 2:55         150         150         150         150      100000               150    15000000  1394000000     9000000     154.889           1
10/ 7/2018 17: 2:58         160         160         160         160      100000               160    16000000  1410000000     9100000     154.945           1
10/ 7/2018 17: 2:59         160         160         160         160      100000               160    16000000  1426000000     9200000         155           1
10/ 7/2018 18: 2:28         150         150         150         150      100000               150    15000000  1441000000     9300000     154.946           1
10/ 7/2018 18: 2:29         160         160         160         160      100000               160    16000000  1457000000     9400000         155           1
10/ 7/2018 18: 2:30         160         160         160         160      100000               160    16000000  1473000000     9500000     155.053           1
10/ 7/2018 18: 2:51         150         150         150         150      100000               150    15000000  1488000000     9600000         155           1
10/ 7/2018 18: 2:52         160         160         160         160      100000               160    16000000  1504000000     9700000     155.052           1
10/ 7/2018 19: 2: 2         150         150         150         150      100000               150    15000000  1519000000     9800000         155           1
10/ 7/2018 19: 2: 3         160         160         160         160      100000               160    16000000  1535000000     9900000     155.051           1
10/ 7/2018 19: 2: 4         150         150         150         150      100000               150    15000000  1550000000    10000000         155           1
10/ 7/2018 19: 2: 5         160         160         160         160      100000               160    16000000  1566000000    10100000      155.05           1
10/ 7/2018 19: 2: 6         150         150         150         150      100000               150    15000000  1581000000    10200000         155           1
10/ 7/2018 19: 2: 7         160         160         160         160      100000               160    16000000  1597000000    10300000     155.049           1
10/ 7/2018 27: 2:54         160         160         160         160      100000               160    16000000  1613000000    10400000     155.096           1
10/ 7/2018 31: 2:44         150         150         150         150      100000               150    15000000  1628000000    10500000     155.048           1
10/ 7/2018 31: 2:46         160         160         160         160      100000               160    16000000  1644000000    10600000     155.094           1
10/ 7/2018 31: 2:47         150         150         150         150      100000               150    15000000  1659000000    10700000     155.047           1
10/ 7/2018 31: 2:59         160         160         160         160      100000               160    16000000  1675000000    10800000     155.093           1
10/ 7/2018 32: 2: 0         150         150         150         150      100000               150    15000000  1690000000    10900000     155.046           1
10/ 7/2018 32: 2:26         160         160         160         160      100000               160    16000000  1706000000    11000000     155.091           1
10/ 7/2018 41: 2:34         150         150         150         150      100000               150    15000000  1721000000    11100000     155.045           1
10/ 7/2018 41: 2:35         160         160         160         160      100000               160    16000000  1737000000    11200000     155.089           1
10/ 7/2018 41: 2:49         150         150         150         150      100000               150    15000000  1752000000    11300000     155.044           1
10/ 7/2018 41: 2:50         160         160         160         160      100000               160    16000000  1768000000    11400000     155.088           1
10/ 7/2018 41: 2:52         150         150         150         150      100000               150    15000000  1783000000    11500000     155.043           1
10/ 7/2018 41: 2:53         160         160         160         160      100000               160    16000000  1799000000    11600000     155.086           1
10/ 7/2018 41: 2:58         150         150         150         150      100000               150    15000000  1814000000    11700000     155.043           1
10/ 7/2018 41: 2:59         160         160         160         160      100000               160    16000000  1830000000    11800000     155.085           1
10/ 7/2018 42: 2: 3         150         150         150         150      100000               150    15000000  1845000000    11900000     155.042           1
10/ 7/2018 42: 2: 4         160         160         160         160      100000               160    16000000  1861000000    12000000     155.083           1
10/ 7/2018 42: 2:12         150         150         150         150      100000               150    15000000  1876000000    12100000     155.041           1
10/ 7/2018 42: 2:14         160         160         160         160      100000               160    16000000  1892000000    12200000     155.082           2
10/ 7/2018 42: 2:16         150         150         150         150      100000               150    15000000  1907000000    12300000     155.041           1
10/ 7/2018 42: 2:17         160         160         160         160      100000               160    16000000  1923000000    12400000     155.081           1
10/ 7/2018 42: 2:30         150         150         150         150      100000               150    15000000  1938000000    12500000      155.04           1
10/ 7/2018 42: 2:33         160         160         160         160      100000               160    16000000  1954000000    12600000     155.079           1
10/ 7/2018 42: 2:38         150         150         150         150      100000               150    15000000  1969000000    12700000     155.039           1
10/ 7/2018 42: 2:39         160         160         160         160      100000               160    16000000  1985000000    12800000     155.078           1
10/ 7/2018 42: 2:46         150         150         150         150      100000               150    15000000  2000000000    12900000     155.039           1
10/ 7/2018 42: 2:47         150         150         150         150      100000               150    15000000  2015000000    13000000         155           1
10/ 7/2018 42: 2:48         160         160         160         160      100000               160    16000000  2031000000    13100000     155.038           1
10/ 7/2018 42: 2:55         150         150         150         150      100000               150    15000000  2046000000    13200000         155           1
10/ 7/2018 42: 2:56         160         160         160         160      100000               160    16000000  2062000000    13300000     155.038           1
10/ 7/2018 42: 2:59         150         150         150         150      100000               150    15000000  2077000000    13400000         155           1
10/ 7/2018 43: 2: 0         160         160         160         160      100000               160    16000000  2093000000    13500000     155.037           1
10/ 7/2018 43: 2: 4         150         150         150         150      100000               150    15000000  2108000000    13600000         155           1
10/ 7/2018 43: 2: 5         160         160         160         160      100000               160    16000000  2124000000    13700000     155.036           1
10/ 7/2018 43: 2:10         150         150         150         150      100000               150    15000000  2139000000    13800000         155           1
10/ 7/2018 43: 2:11         160         160         160         160      100000               160    16000000  2155000000    13900000     155.036           1
10/ 7/2018 43: 2:30         150         150         150         150      100000               150    15000000  2170000000    14000000         155           1
10/ 7/2018 43: 2:31         160         160         160         160      100000               160    16000000  2186000000    14100000     155.035           1
10/ 7/2018 43: 2:42         150         150         150         150      100000               150    15000000  2201000000    14200000         155           1
10/ 7/2018 43: 2:43         160         160         160         160      100000               160    16000000  2217000000    14300000     155.035           1
10/ 7/2018 46: 2:20         150         150         150         150      100000               150    15000000  2232000000    14400000         155           1
10/ 7/2018 46: 2:21         160         160         160         160      100000               160    16000000  2248000000    14500000     155.034           1
10/ 7/2018 46: 2:25         150         150         150         150      100000               150    15000000  2263000000    14600000         155           1
10/ 7/2018 46: 2:26         160         160         160         160      100000               160    16000000  2279000000    14700000     155.034           1
10/ 7/2018 47: 2:22         150         150         150         150      100000               150    15000000  2294000000    14800000         155           1
10/ 7/2018 47: 2:23         160         160         160         160      100000               160    16000000  2310000000    14900000     155.034           1
10/ 7/2018 49: 2:18         150         150         150         150      100000               150    15000000  2325000000    15000000         155           1
10/ 7/2018 49: 2:19         160         160         160         160      100000               160    16000000  2341000000    15100000     155.033           1
10/ 7/2018 49: 2:23         150         150         150         150      100000               150    15000000  2356000000    15200000         155           1
10/ 7/2018 49: 2:24         160         160         160         160      100000               160    16000000  2372000000    15300000     155.033           1
10/ 7/2018 49: 2:25         160         160         160         160      100000               160    16000000  2388000000    15400000     155.065           1
10/ 7/2018 49: 2:33         150         150         150         150      100000               150    15000000  2403000000    15500000     155.032           1
10/ 7/2018 49: 2:34         160         160         160         160      100000               160    16000000  2419000000    15600000     155.064           1
10/ 7/2018 49: 2:35         160         160         160         160      100000               160    16000000  2435000000    15700000     155.096           1
11/ 7/2018 15: 2: 7         150         150         150         150      100000               150    15000000  2450000000    15800000     155.063           1
11/ 7/2018 16: 2:14         160         160         160         160      100000               160    16000000  2466000000    15900000     155.094           1
11/ 7/2018 16: 2:15         150         150         150         150      100000               150    15000000  2481000000    16000000     155.062           1
11/ 7/2018 52: 2:59         160         160         160         160      100000               160    16000000  2497000000    16100000     155.093           1
12/ 7/2018  1: 2: 2         150         150         150         150      100000               150    15000000  2512000000    16200000     155.062           1
12/ 7/2018  3: 2:31         160         160         160         160      100000               160    16000000  2528000000    16300000     155.092           1
12/ 7/2018  8: 2:48         150         150         150         150      100000               150    15000000  2543000000    16400000     155.061           1
12/ 7/2018 11: 2: 2         160         160         160         160      100000               160    16000000  2559000000    16500000     155.091           1
12/ 7/2018 24: 2:23         150         150         150         150      100000               150    15000000  2574000000    16600000      155.06           1
12/ 7/2018 24: 2:24         160         160         160         160      100000               160    16000000  2590000000    16700000      155.09           1
12/ 7/2018 24: 2:25         160         160         160         160      100000               160    16000000  2606000000    16800000     155.119           1
12/ 7/2018 24: 2:31         150         150         150         150      100000               150    15000000  2621000000    16900000     155.089           1
12/ 7/2018 24: 2:32         160         160         160         160      100000               160    16000000  2637000000    17000000     155.118           1
12/ 7/2018 24: 2:36         150         150         150         150      100000               150    15000000  2652000000    17100000     155.088           1
12/ 7/2018 24: 2:37         160         160         160         160      100000               160    16000000  2668000000    17200000     155.116           1
12/ 7/2018 24: 2:42         150         150         150         150      100000               150    15000000  2683000000    17300000     155.087           1
12/ 7/2018 24: 2:43         160         160         160         160      100000               160    16000000  2699000000    17400000     155.115           1
12/ 7/2018 24: 2:44         160         160         160         160      100000               160    16000000  2715000000    17500000     155.143           1
12/ 7/2018 24: 2:45         150         150         150         150      100000               150    15000000  2730000000    17600000     155.114           1
12/ 7/2018 24: 2:47         160         160         160         160      100000               160    16000000  2746000000    17700000     155.141           1
12/ 7/2018 24: 2:48         150         150         150         150      100000               150    15000000  2761000000    17800000     155.112           1
12/ 7/2018 24: 2:49         150         150         150         150      100000               150    15000000  2776000000    17900000     155.084           1
12/ 7/2018 24: 2:51         160         160         160         160      100000               160    16000000  2792000000    18000000     155.111           1
12/ 7/2018 24: 2:52         150         150         150         150      100000               150    15000000  2807000000    18100000     155.083           1
12/ 7/2018 24: 2:53         160         160         160         160      100000               160    16000000  2823000000    18200000      155.11           1
12/ 7/2018 24: 2:58         150         150         150         150      100000               150    15000000  2838000000    18300000     155.082           1
12/ 7/2018 25: 2: 0         160         160         160         160      100000               160    16000000  2854000000    18400000     155.109           1
12/ 7/2018 25: 2: 3         150         150         150         150      100000               150    15000000  2869000000    18500000     155.081           1
12/ 7/2018 25: 2: 4         160         160         160         160      100000               160    16000000  2885000000    18600000     155.108           1
12/ 7/2018 25: 2: 8         150         150         150         150      100000               150    15000000  2900000000    18700000      155.08           1
12/ 7/2018 25: 2:11         160         160         160         160      100000               160    16000000  2916000000    18800000     155.106           1
12/ 7/2018 25: 2:37         150         150         150         150      100000               150    15000000  2931000000    18900000     155.079           1
12/ 7/2018 25: 2:38         160         160         160         160      100000               160    16000000  2947000000    19000000     155.105           1
12/ 7/2018 25: 2:39         150         150         150         150      100000               150    15000000  2962000000    19100000     155.079           1
12/ 7/2018 25: 2:40         160         160         160         160      100000               160    16000000  2978000000    19200000     155.104           1
12/ 7/2018 25: 2:41         150         150         150         150      100000               150    15000000  2993000000    19300000     155.078           1
12/ 7/2018 25: 2:43         160         160         160         160      100000               160    16000000  3009000000    19400000     155.103           1
12/ 7/2018 25: 2:45         150         150         150         150      100000               150    15000000  3024000000    19500000     155.077           1
12/ 7/2018 25: 2:47         160         160         160         160      100000               160    16000000  3040000000    19600000     155.102           1
12/ 7/2018 26: 2: 0         150         150         150         150      100000               150    15000000  3055000000    19700000     155.076           1
12/ 7/2018 26: 2: 3         160         160         160         160      100000               160    16000000  3071000000    19800000     155.101           1
12/ 7/2018 26: 2: 8         150         150         150         150      100000               150    15000000  3086000000    19900000     155.075           1
12/ 7/2018 26: 2:12         160         160         160         160      100000               160    16000000  3102000000    20000000       155.1           1
12/ 7/2018 26: 2:15         150         150         150         150      100000               150    15000000  3117000000    20100000     155.075           1
12/ 7/2018 26: 2:20         160         160         160         160      100000               160    16000000  3133000000    20200000     155.099           1
12/ 7/2018 26: 2:21         150         150         150         150      100000               150    15000000  3148000000    20300000     155.074           1
12/ 7/2018 26: 2:26         160         160         160         160      100000               160    16000000  3164000000    20400000     155.098           1
12/ 7/2018 26: 2:27         160         160         160         160      100000               160    16000000  3180000000    20500000     155.122           1
12/ 7/2018 26: 2:28         160         160         160         160      100000               160    16000000  3196000000    20600000     155.146           1
12/ 7/2018 26: 2:33         150         150         150         150      100000               150    15000000  3211000000    20700000     155.121           1
12/ 7/2018 26: 2:34         160         160         160         160      100000               160    16000000  3227000000    20800000     155.144           1
12/ 7/2018 26: 2:36         150         150         150         150      100000               150    15000000  3242000000    20900000      155.12           1
12/ 7/2018 26: 2:38         160         160         160         160      100000               160    16000000  3258000000    21000000     155.143           1
12/ 7/2018 26: 2:41         150         150         150         150      100000               150    15000000  3273000000    21100000     155.118           1
12/ 7/2018 26: 2:42         160         160         160         160      100000               160    16000000  3289000000    21200000     155.142           1
12/ 7/2018 26: 2:43         150         150         150         150      100000               150    15000000  3304000000    21300000     155.117           1
12/ 7/2018 26: 2:44         160         160         160         160      100000               160    16000000  3320000000    21400000      155.14           1
12/ 7/2018 26: 2:45         150         150         150         150      100000               150    15000000  3335000000    21500000     155.116           1
12/ 7/2018 26: 2:46         160         160         160         160      100000               160    16000000  3351000000    21600000     155.139           1
12/ 7/2018 27: 2: 1         150         150         150         150      100000               150    15000000  3366000000    21700000     155.115           1
12/ 7/2018 27: 2: 3         160         160         160         160      100000               160    16000000  3382000000    21800000     155.138           1
12/ 7/2018 27: 2:16         150         150         150         150      100000               150    15000000  3397000000    21900000     155.114           1
12/ 7/2018 27: 2:18         160         160         160         160      100000               160    16000000  3413000000    22000000     155.136           1
12/ 7/2018 27: 2:20         150         150         150         150      100000               150    15000000  3428000000    22100000     155.113           1
12/ 7/2018 27: 2:21         160         160         160         160      100000               160    16000000  3444000000    22200000     155.135           1
12/ 7/2018 30: 2:35         150         150         150         150      100000               150    15000000  3459000000    22300000     155.112           1
12/ 7/2018 30: 2:39         160         160         160         160      100000               160    16000000  3475000000    22400000     155.134           1
12/ 7/2018 30: 2:40         150         150         150         150      100000               150    15000000  3490000000    22500000     155.111           1
12/ 7/2018 55: 2:57         160         160         160         160      100000               160    16000000  3506000000    22600000     155.133           1
14/ 7/2018  0: 2: 1         150         150         150         150      100000               150    15000000  3521000000    22700000      155.11           1
14/ 7/2018 13: 2:56         160         160         160         160      100000               160    16000000  3537000000    22800000     155.132           1
14/ 7/2018 19: 2:46         150         150         150         150      100000               150    15000000  3552000000    22900000     155.109           1
15/ 7/2018 35: 2: 8         160         160         160         160      100000               160    16000000  3568000000    23000000      155.13           1
15/ 7/2018 35: 2:56         150         150         150         150      100000               150    15000000  3583000000    23100000     155.108           1
15/ 7/2018 40: 2: 3         160         160         160         160      100000               160    16000000  3599000000    23200000     155.129           1
15/ 7/2018 40: 2: 4         150         150         150         150      100000               150    15000000  3614000000    23300000     155.107           1
15/ 7/2018 40: 2:14         160         160         160         160      100000               160    16000000  3630000000    23400000     155.128           1
15/ 7/2018 40: 2:15         150         150         150         150      100000               150    15000000  3645000000    23500000     155.106           1
15/ 7/2018 40: 2:19         160         160         160         160      100000               160    16000000  3661000000    23600000     155.127           1
15/ 7/2018 40: 2:21         150         150         150         150      100000               150    15000000  3676000000    23700000     155.105           1
15/ 7/2018 40: 2:24         160         160         160         160      100000               160    16000000  3692000000    23800000     155.126           1
15/ 7/2018 40: 2:27         150         150         150         150      100000               150    15000000  3707000000    23900000     155.105           1
15/ 7/2018 40: 2:28         160         160         160         160      100000               160    16000000  3723000000    24000000     155.125           1
15/ 7/2018 40: 2:29         160         160         160         160      100000               160    16000000  3739000000    24100000     155.145           1
15/ 7/2018 40: 2:31         150         150         150         150      100000               150    15000000  3754000000    24200000     155.124           1
15/ 7/2018 40: 2:32         160         160         160         160      100000               160    16000000  3770000000    24300000     155.144           1
15/ 7/2018 40: 2:33         150         150         150         150      100000               150    15000000  3785000000    24400000     155.123           1
15/ 7/2018 40: 2:34         160         160         160         160      100000               160    16000000  3801000000    24500000     155.143           1
15/ 7/2018 40: 2:36         150         150         150         150      100000               150    15000000  3816000000    24600000     155.122           1
16/ 7/2018  7: 2:51         160         160         160         160      100000               160    16000000  3832000000    24700000     155.142           1
16/ 7/2018  8: 2:40         150         150         150         150      100000               150    15000000  3847000000    24800000     155.121           1
16/ 7/2018  9: 2:17         160         160         160         160      100000               160    16000000  3863000000    24900000     155.141           1
16/ 7/2018 21: 2:34         150         150         150         150      100000               150    15000000  3878000000    25000000      155.12           1
16/ 7/2018 25: 2:20         160         160         160         160      100000               160    16000000  3894000000    25100000     155.139           1
17/ 7/2018  0: 2:15         170         170         170         170      100000               170    17000000  3911000000    25200000     155.198           1
17/ 7/2018  0: 2:34         160         160         160         160      100000               160    16000000  3927000000    25300000     155.217           1
