         Date              Open        High         Low       Close      Volume     Typical Price         V*P    Total VP     Total V        VWAP    Message Count
10/ 7/2018  0: 2: 1         370         370         370         370       15000               370     5550000     5550000       15000         370           1
10/ 7/2018  0: 2: 3         310         310         310         310       50000               310    15500000    21050000       65000     323.846           1
10/ 7/2018  1: 2:13         300         300         300         300       50000               300    15000000    36050000      115000     313.478           1
10/ 7/2018  2: 2:17         310         310         310         310       50000               310    15500000    51550000      165000     312.424           1
10/ 7/2018 28: 2:14         310         310         310         310       50000               310    15500000    67050000      215000      311.86           1
10/ 7/2018 45: 2:44         320         320         320         320       50000               320    16000000    83050000      265000     313.396           1
10/ 7/2018 53: 2: 7         330         330         330         330       15000               330     4950000    88000000      280000     314.286           1
11/ 7/2018 44: 2:21         310         310         310         310       50000               310    15500000   103500000      330000     313.636           1
12/ 7/2018 23: 2:44         300         300         300         300       50000               300    15000000   118500000      380000     311.842           1
12/ 7/2018 23: 2:45         310         310         310         310       50000               310    15500000   134000000      430000     311.628           1
12/ 7/2018 24: 2:53         300         300         300         300       50000               300    15000000   149000000      480000     310.417           1
12/ 7/2018 30: 2:23         290         290         290         290       50000               290    14500000   163500000      530000     308.491           1
12/ 7/2018 30: 2:24         300         300         300         300       50000               300    15000000   178500000      580000     307.759           1
12/ 7/2018 30: 2:28         290         290         290         290       50000               290    14500000   193000000      630000     306.349           1
12/ 7/2018 30: 2:32         300         300         300         300       50000               300    15000000   208000000      680000     305.882           1
12/ 7/2018 30: 2:37         290         290         290         290       50000               290    14500000   222500000      730000     304.795           1
12/ 7/2018 57: 2:27         300         300         300         300       50000               300    15000000   237500000      780000     304.487           1
14/ 7/2018  0: 2: 0         300         300         300         300       50000               300    15000000   252500000      830000     304.217           1
14/ 7/2018  2: 2:17         290         290         290         290       50000               290    14500000   267000000      880000     303.409           1
14/ 7/2018  7: 2:19         300         300         300         300       50000               300    15000000   282000000      930000     303.226           1
14/ 7/2018  8: 2:36         290         290         290         290       50000               290    14500000   296500000      980000     302.551           1
14/ 7/2018 42: 2:41         300         300         300         300       50000               300    15000000   311500000     1030000     302.427           1
14/ 7/2018 47: 2: 9         310         310         310         310       50000               310    15500000   327000000     1080000     302.778           1
15/ 7/2018  7: 2:51         300         300         300         300       50000               300    15000000   342000000     1130000     302.655           1
15/ 7/2018  7: 2:54         310         310         310         310       50000               310    15500000   357500000     1180000     302.966           1
15/ 7/2018  7: 2:55         300         300         300         300       50000               300    15000000   372500000     1230000     302.846           1
15/ 7/2018 10: 2:29         310         310         310         310       50000               310    15500000   388000000     1280000     303.125           1
15/ 7/2018 12: 2:19         300         300         300         300       50000               300    15000000   403000000     1330000     303.008           1
15/ 7/2018 13: 2:19         310         310         310         310       50000               310    15500000   418500000     1380000     303.261           1
15/ 7/2018 13: 2:56         300         300         300         300       50000               300    15000000   433500000     1430000     303.147           1
15/ 7/2018 13: 2:57         310         310         310         310       50000               310    15500000   449000000     1480000     303.378           1
15/ 7/2018 13: 2:58         300         300         300         300       50000               300    15000000   464000000     1530000     303.268           1
15/ 7/2018 13: 2:59         310         310         310         310       50000               310    15500000   479500000     1580000     303.481           1
15/ 7/2018 21: 2:39         300         300         300         300       50000               300    15000000   494500000     1630000     303.374           1
15/ 7/2018 22: 2:40         310         310         310         310       50000               310    15500000   510000000     1680000     303.571           1
15/ 7/2018 22: 2:45         300         300         300         300       50000               300    15000000   525000000     1730000     303.468           1
15/ 7/2018 26: 2: 9         310         310         310         310       50000               310    15500000   540500000     1780000     303.652           1
15/ 7/2018 35: 2: 6         300         300         300         300       50000               300    15000000   555500000     1830000     303.552           1
15/ 7/2018 35: 2:14         310         310         310         310       50000               310    15500000   571000000     1880000     303.723           1
15/ 7/2018 35: 2:19         300         300         300         300       50000               300    15000000   586000000     1930000     303.627           1
15/ 7/2018 35: 2:20         310         310         310         310       50000               310    15500000   601500000     1980000     303.788           1
15/ 7/2018 35: 2:28         300         300         300         300       50000               300    15000000   616500000     2030000     303.695           1
15/ 7/2018 35: 2:29         310         310         310         310       50000               310    15500000   632000000     2080000     303.846           1
15/ 7/2018 35: 2:34         300         300         300         300       50000               300    15000000   647000000     2130000     303.756           1
15/ 7/2018 35: 2:35         310         310         310         310       50000               310    15500000   662500000     2180000     303.899           1
15/ 7/2018 35: 2:58         300         300         300         300       50000               300    15000000   677500000     2230000     303.812           1
15/ 7/2018 36: 2:25         310         310         310         310       50000               310    15500000   693000000     2280000     303.947           1
15/ 7/2018 36: 2:33         300         300         300         300       50000               300    15000000   708000000     2330000     303.863           1
15/ 7/2018 37: 2:25         310         310         310         310       50000               310    15500000   723500000     2380000     303.992           1
15/ 7/2018 38: 2:21         300         300         300         300       50000               300    15000000   738500000     2430000     303.909           1
15/ 7/2018 48: 2:57         310         310         310         310       50000               310    15500000   754000000     2480000     304.032           1
15/ 7/2018 52: 2:45         300         300         300         300       50000               300    15000000   769000000     2530000     303.953           1
16/ 7/2018  5: 2:52         310         310         310         310       50000               310    15500000   784500000     2580000      304.07           1
16/ 7/2018  6: 2:16         300         300         300         300       50000               300    15000000   799500000     2630000     303.992           1
16/ 7/2018  6: 2:24         310         310         310         310       50000               310    15500000   815000000     2680000     304.104           1
16/ 7/2018  6: 2:25         300         300         300         300       50000               300    15000000   830000000     2730000     304.029           1
16/ 7/2018  6: 2:26         310         310         310         310       50000               310    15500000   845500000     2780000     304.137           1
16/ 7/2018  7: 2:36         300         300         300         300       50000               300    15000000   860500000     2830000     304.064           1
16/ 7/2018  8: 2:57         310         310         310         310       50000               310    15500000   876000000     2880000     304.167           1
16/ 7/2018  9: 2:29         300         300         300         300       50000               300    15000000   891000000     2930000     304.096           1
16/ 7/2018 11: 2:14         310         310         310         310       50000               310    15500000   906500000     2980000     304.195           1
16/ 7/2018 11: 2:18         300         300         300         300       50000               300    15000000   921500000     3030000     304.125           1
16/ 7/2018 12: 2:32         310         310         310         310       50000               310    15500000   937000000     3080000     304.221           1
16/ 7/2018 12: 2:34         300         300         300         300       50000               300    15000000   952000000     3130000     304.153           1
16/ 7/2018 12: 2:38         310         310         310         310       50000               310    15500000   967500000     3180000     304.245           1
16/ 7/2018 16: 2:45         300         300         300         300       50000               300    15000000   982500000     3230000      304.18           1
16/ 7/2018 17: 2:23         310         310         310         310       50000               310    15500000   998000000     3280000     304.268           1
16/ 7/2018 17: 2:24         310         310         310         310       50000               310    15500000  1013500000     3330000     304.354           1
16/ 7/2018 17: 2:37         300         300         300         300       50000               300    15000000  1028500000     3380000      304.29           1
16/ 7/2018 17: 2:39         310         310         310         310       50000               310    15500000  1044000000     3430000     304.373           1
16/ 7/2018 17: 2:44         300         300         300         300       50000               300    15000000  1059000000     3480000      304.31           1
16/ 7/2018 17: 2:57         310         310         310         310       50000               310    15500000  1074500000     3530000     304.391           1
16/ 7/2018 18: 2:11         300         300         300         300       50000               300    15000000  1089500000     3580000      304.33           1
16/ 7/2018 20: 2:33         310         310         310         310       50000               310    15500000  1105000000     3630000     304.408           1
16/ 7/2018 30: 2:24         300         300         300         300       50000               300    15000000  1120000000     3680000     304.348           1
16/ 7/2018 30: 2:29         310         310         310         310       50000               310    15500000  1135500000     3730000     304.424           1
16/ 7/2018 30: 2:32         300         300         300         300       50000               300    15000000  1150500000     3780000     304.365           1
16/ 7/2018 33: 2:36         310         310         310         310       50000               310    15500000  1166000000     3830000     304.439           1
16/ 7/2018 36: 2:14         300         300         300         300       50000               300    15000000  1181000000     3880000     304.381           1
16/ 7/2018 37: 2:30         310         310         310         310       50000               310    15500000  1196500000     3930000     304.453           1
16/ 7/2018 37: 2:36         300         300         300         300       50000               300    15000000  1211500000     3980000     304.397           1
16/ 7/2018 37: 2:37         310         310         310         310       50000               310    15500000  1227000000     4030000     304.467           1
16/ 7/2018 37: 2:38         300         300         300         300       50000               300    15000000  1242000000     4080000     304.412           1
17/ 7/2018  0: 2: 5         290         290         290         290       50000               290    14500000  1256500000     4130000     304.237           1
17/ 7/2018  0: 2:31         300         300         300         300       50000               300    15000000  1271500000     4180000     304.187           1
17/ 7/2018  0: 2:37         290         290         290         290       50000               290    14500000  1286000000     4230000     304.019           1
17/ 7/2018  7: 2:19         300         300         300         300       50000               300    15000000  1301000000     4280000     303.972           1
17/ 7/2018  7: 2:27         290         290         290         290       50000               290    14500000  1315500000     4330000     303.811           1
17/ 7/2018  8: 2: 3         300         300         300         300       50000               300    15000000  1330500000     4380000     303.767           1
17/ 7/2018  8: 2:31         290         290         290         290       50000               290    14500000  1345000000     4430000     303.612           1
17/ 7/2018 11: 2:25         300         300         300         300       50000               300    15000000  1360000000     4480000     303.571           1
17/ 7/2018 12: 2:43         290         290         290         290       50000               290    14500000  1374500000     4530000     303.422           1
17/ 7/2018 15: 2:14         300         300         300         300       50000               300    15000000  1389500000     4580000     303.384           1
17/ 7/2018 16: 2:53         290         290         290         290       50000               290    14500000  1404000000     4630000      303.24           1
17/ 7/2018 16: 2:54         290         290         290         290       50000               290    14500000  1418500000     4680000     303.098           1
17/ 7/2018 18: 2:42         300         300         300         300       50000               300    15000000  1433500000     4730000     303.066           1
17/ 7/2018 25: 2:48         290         290         290         290       50000               290    14500000  1448000000     4780000     302.929           1
17/ 7/2018 25: 2:50         300         300         300         300       50000               300    15000000  1463000000     4830000     302.899           1
17/ 7/2018 25: 2:55         290         290         290         290       50000               290    14500000  1477500000     4880000     302.766           1
17/ 7/2018 26: 2:22         300         300         300         300       50000               300    15000000  1492500000     4930000     302.738           1
17/ 7/2018 32: 2:13         290         290         290         290       50000               290    14500000  1507000000     4980000      302.61           1
17/ 7/2018 36: 2:26         300         300         300         300       50000               300    15000000  1522000000     5030000     302.584           1
17/ 7/2018 39: 2: 2         290         290         290         290       50000               290    14500000  1536500000     5080000     302.461           1
17/ 7/2018 47: 2: 2         300         300         300         300       50000               300    15000000  1551500000     5130000     302.437           1
17/ 7/2018 50: 2:32         290         290         290         290       50000               290    14500000  1566000000     5180000     302.317           1
17/ 7/2018 50: 2:36         300         300         300         300       50000               300    15000000  1581000000     5230000     302.294           1
17/ 7/2018 50: 2:42         290         290         290         290       50000               290    14500000  1595500000     5280000     302.178           1
17/ 7/2018 50: 2:43         300         300         300         300       50000               300    15000000  1610500000     5330000     302.158           1
17/ 7/2018 50: 2:48         290         290         290         290       50000               290    14500000  1625000000     5380000     302.045           1
17/ 7/2018 50: 2:49         300         300         300         300       50000               300    15000000  1640000000     5430000     302.026           1
