         Date              Open        High         Low       Close      Volume     Typical Price         V*P    Total VP     Total V        VWAP    Message Count
10/ 7/2018  0: 2: 3        1170        1170        1170        1170       50000              1170    58500000    58500000       50000        1170           1
10/ 7/2018  1: 2:11        1180        1180        1180        1180       50000              1180    59000000   117500000      100000        1175           1
10/ 7/2018  1: 2:57        1190        1190        1190        1190       50000              1190    59500000   177000000      150000        1180           1
10/ 7/2018  2: 2:23        1200        1200        1200        1200       50000              1200    60000000   237000000      200000        1185           1
10/ 7/2018  5: 2:38        1210        1210        1210        1210       50000              1210    60500000   297500000      250000        1190           1
10/ 7/2018  5: 2:43        1220        1220        1220        1220       50000              1220    61000000   358500000      300000        1195           1
10/ 7/2018  6: 2: 0        1210        1210        1210        1210       50000              1210    60500000   419000000      350000     1197.14           1
10/ 7/2018  6: 2:18        1220        1220        1220        1220       50000              1220    61000000   480000000      400000        1200           1
10/ 7/2018  6: 2:24        1210        1210        1210        1210       50000              1210    60500000   540500000      450000     1201.11           1
10/ 7/2018  6: 2:29        1220        1220        1220        1220       50000              1220    61000000   601500000      500000        1203           1
10/ 7/2018  6: 2:31        1210        1210        1210        1210       50000              1210    60500000   662000000      550000     1203.64           1
10/ 7/2018  6: 2:33        1220        1220        1220        1220       50000              1220    61000000   723000000      600000        1205           1
10/ 7/2018  6: 2:35        1210        1210        1210        1210       50000              1210    60500000   783500000      650000     1205.38           1
10/ 7/2018  7: 2:36        1220        1220        1220        1220       50000              1220    61000000   844500000      700000     1206.43           1
10/ 7/2018  7: 2:41        1210        1210        1210        1210       50000              1210    60500000   905000000      750000     1206.67           1
10/ 7/2018  9: 2: 2        1220        1220        1220        1220       50000              1220    61000000   966000000      800000      1207.5           1
10/ 7/2018  9: 2:14        1210        1210        1210        1210       50000              1210    60500000  1026500000      850000     1207.65           1
10/ 7/2018  9: 2:15        1220        1220        1220        1220       50000              1220    61000000  1087500000      900000     1208.33           1
10/ 7/2018  9: 2:21        1210        1210        1210        1210       50000              1210    60500000  1148000000      950000     1208.42           1
10/ 7/2018  9: 2:26        1220        1220        1220        1220       50000              1220    61000000  1209000000     1000000        1209           1
10/ 7/2018  9: 2:30        1210        1210        1210        1210       50000              1210    60500000  1269500000     1050000     1209.05           1
10/ 7/2018  9: 2:35        1220        1220        1220        1220       50000              1220    61000000  1330500000     1100000     1209.55           1
10/ 7/2018  9: 2:46        1210        1210        1210        1210       50000              1210    60500000  1391000000     1150000     1209.57           1
10/ 7/2018  9: 2:47        1220        1220        1220        1220       50000              1220    61000000  1452000000     1200000        1210           1
10/ 7/2018  9: 2:54        1210        1210        1210        1210       50000              1210    60500000  1512500000     1250000        1210           1
10/ 7/2018 10: 2:48        1200        1200        1200        1200       50000              1200    60000000  1572500000     1300000     1209.62           1
10/ 7/2018 10: 2:56        1190        1190        1190        1190       50000              1190    59500000  1632000000     1350000     1208.89           1
10/ 7/2018 12: 2:35        1200        1200        1200        1200       50000              1200    60000000  1692000000     1400000     1208.57           1
10/ 7/2018 12: 2:42        1210        1210        1210        1210       50000              1210    60500000  1752500000     1450000     1208.62           1
10/ 7/2018 13: 2:17        1220        1220        1220        1220       50000              1220    61000000  1813500000     1500000        1209           1
10/ 7/2018 14: 2:20        1210        1210        1210        1210       50000              1210    60500000  1874000000     1550000     1209.03           1
10/ 7/2018 14: 2:50        1200        1200        1200        1200       50000              1200    60000000  1934000000     1600000     1208.75           1
10/ 7/2018 15: 2:10        1210        1210        1210        1210       50000              1210    60500000  1994500000     1650000     1208.79           1
10/ 7/2018 15: 2:55        1220        1220        1220        1220       50000              1220    61000000  2055500000     1700000     1209.12           1
10/ 7/2018 16: 2: 8        1230        1230        1230        1230       50000              1230    61500000  2117000000     1750000     1209.71           1
10/ 7/2018 16: 2:35        1240        1240        1240        1240       50000              1240    62000000  2179000000     1800000     1210.56           1
10/ 7/2018 17: 2:16        1230        1230        1230        1230       50000              1230    61500000  2240500000     1850000     1211.08           1
10/ 7/2018 17: 2:45        1240        1240        1240        1240       50000              1240    62000000  2302500000     1900000     1211.84           1
10/ 7/2018 19: 2:16        1250        1250        1250        1250       50000              1250    62500000  2365000000     1950000     1212.82           1
10/ 7/2018 20: 2: 8        1240        1240        1240        1240       50000              1240    62000000  2427000000     2000000      1213.5           1
10/ 7/2018 20: 2:27        1230        1230        1230        1230       50000              1230    61500000  2488500000     2050000      1213.9           1
10/ 7/2018 28: 2:14        1250        1250        1250        1250       50000              1250    62500000  2551000000     2100000     1214.76           1
10/ 7/2018 28: 2:19        1240        1240        1240        1240       50000              1240    62000000  2613000000     2150000     1215.35           1
10/ 7/2018 28: 2:43        1230        1230        1230        1230       50000              1230    61500000  2674500000     2200000     1215.68           1
10/ 7/2018 28: 2:50        1240        1240        1240        1240       50000              1240    62000000  2736500000     2250000     1216.22           1
10/ 7/2018 28: 2:55        1230        1230        1230        1230       50000              1230    61500000  2798000000     2300000     1216.52           1
10/ 7/2018 29: 2: 1        1240        1240        1240        1240       50000              1240    62000000  2860000000     2350000     1217.02           1
10/ 7/2018 29: 2: 2        1230        1230        1230        1230       50000              1230    61500000  2921500000     2400000     1217.29           1
10/ 7/2018 30: 2: 7        1240        1240        1240        1240       50000              1240    62000000  2983500000     2450000     1217.76           1
10/ 7/2018 30: 2:59        1230        1230        1230        1230       50000              1230    61500000  3045000000     2500000        1218           1
10/ 7/2018 31: 2:44        1220        1220        1220        1220       50000              1220    61000000  3106000000     2550000     1218.04           1
10/ 7/2018 31: 2:45        1230        1230        1230        1230       50000              1230    61500000  3167500000     2600000     1218.27           1
10/ 7/2018 32: 2: 0        1220        1220        1220        1220       50000              1220    61000000  3228500000     2650000      1218.3           1
10/ 7/2018 32: 2:20        1230        1230        1230        1230       50000              1230    61500000  3290000000     2700000     1218.52           1
10/ 7/2018 32: 2:21        1220        1220        1220        1220       50000              1220    61000000  3351000000     2750000     1218.55           1
10/ 7/2018 33: 2:53        1210        1210        1210        1210       50000              1210    60500000  3411500000     2800000     1218.39           1
10/ 7/2018 34: 2:43        1220        1220        1220        1220       50000              1220    61000000  3472500000     2850000     1218.42           1
10/ 7/2018 35: 2:44        1230        1230        1230        1230       50000              1230    61500000  3534000000     2900000     1218.62           1
10/ 7/2018 36: 2:11        1220        1220        1220        1220       50000              1220    61000000  3595000000     2950000     1218.64           1
10/ 7/2018 36: 2:25        1230        1230        1230        1230       50000              1230    61500000  3656500000     3000000     1218.83           1
10/ 7/2018 37: 2:43        1220        1220        1220        1220       50000              1220    61000000  3717500000     3050000     1218.85           1
10/ 7/2018 37: 2:52        1230        1230        1230        1230       50000              1230    61500000  3779000000     3100000     1219.03           1
10/ 7/2018 37: 2:59        1220        1220        1220        1220       50000              1220    61000000  3840000000     3150000     1219.05           1
10/ 7/2018 38: 2: 6        1230        1230        1230        1230       50000              1230    61500000  3901500000     3200000     1219.22           1
10/ 7/2018 38: 2: 9        1220        1220        1220        1220       50000              1220    61000000  3962500000     3250000     1219.23           1
10/ 7/2018 38: 2:11        1230        1230        1230        1230       50000              1230    61500000  4024000000     3300000     1219.39           1
10/ 7/2018 38: 2:15        1220        1220        1220        1220       50000              1220    61000000  4085000000     3350000      1219.4           1
10/ 7/2018 38: 2:16        1230        1230        1230        1230       50000              1230    61500000  4146500000     3400000     1219.56           1
10/ 7/2018 38: 2:20        1220        1220        1220        1220       50000              1220    61000000  4207500000     3450000     1219.57           1
10/ 7/2018 38: 2:21        1230        1230        1230        1230       50000              1230    61500000  4269000000     3500000     1219.71           1
10/ 7/2018 38: 2:22        1220        1220        1220        1220       50000              1220    61000000  4330000000     3550000     1219.72           1
10/ 7/2018 38: 2:23        1230        1230        1230        1230       50000              1230    61500000  4391500000     3600000     1219.86           1
10/ 7/2018 38: 2:24        1220        1220        1220        1220       50000              1220    61000000  4452500000     3650000     1219.86           1
10/ 7/2018 38: 2:25        1230        1230        1230        1230       50000              1230    61500000  4514000000     3700000        1220           1
10/ 7/2018 38: 2:28        1220        1220        1220        1220       50000              1220    61000000  4575000000     3750000        1220           1
10/ 7/2018 38: 2:29        1230        1230        1230        1230       50000              1230    61500000  4636500000     3800000     1220.13           1
10/ 7/2018 38: 2:30        1220        1220        1220        1220       50000              1220    61000000  4697500000     3850000     1220.13           1
10/ 7/2018 38: 2:31        1220        1220        1220        1220       50000              1220    61000000  4758500000     3900000     1220.13           1
10/ 7/2018 38: 2:32        1230        1230        1230        1230       50000              1230    61500000  4820000000     3950000     1220.25           1
10/ 7/2018 38: 2:50        1220        1220        1220        1220       50000              1220    61000000  4881000000     4000000     1220.25           1
10/ 7/2018 38: 2:52        1230        1230        1230        1230       50000              1230    61500000  4942500000     4050000     1220.37           1
10/ 7/2018 38: 2:55        1220        1220        1220        1220       50000              1220    61000000  5003500000     4100000     1220.37           1
10/ 7/2018 38: 2:56        1230        1230        1230        1230       50000              1230    61500000  5065000000     4150000     1220.48           1
10/ 7/2018 38: 2:58        1220        1220        1220        1220       50000              1220    61000000  5126000000     4200000     1220.48           1
10/ 7/2018 38: 2:59        1230        1230        1230        1230       50000              1230    61500000  5187500000     4250000     1220.59           1
10/ 7/2018 39: 2:19        1220        1220        1220        1220       50000              1220    61000000  5248500000     4300000     1220.58           1
10/ 7/2018 39: 2:43        1230        1230        1230        1230       50000              1230    61500000  5310000000     4350000     1220.69           1
10/ 7/2018 39: 2:44        1220        1220        1220        1220       50000              1220    61000000  5371000000     4400000     1220.68           1
10/ 7/2018 40: 2: 8        1230        1230        1230        1230       50000              1230    61500000  5432500000     4450000     1220.79           1
10/ 7/2018 40: 2: 9        1220        1220        1220        1220       50000              1220    61000000  5493500000     4500000     1220.78           1
10/ 7/2018 40: 2:11        1230        1230        1230        1230       50000              1230    61500000  5555000000     4550000     1220.88           1
10/ 7/2018 40: 2:12        1220        1220        1220        1220       50000              1220    61000000  5616000000     4600000     1220.87           1
10/ 7/2018 40: 2:14        1230        1230        1230        1230       50000              1230    61500000  5677500000     4650000     1220.97           1
10/ 7/2018 40: 2:15        1220        1220        1220        1220       50000              1220    61000000  5738500000     4700000     1220.96           1
10/ 7/2018 40: 2:22        1230        1230        1230        1230       50000              1230    61500000  5800000000     4750000     1221.05           1
10/ 7/2018 40: 2:50        1220        1220        1220        1220       50000              1220    61000000  5861000000     4800000     1221.04           1
10/ 7/2018 40: 2:56        1230        1230        1230        1230       50000              1230    61500000  5922500000     4850000     1221.13           1
10/ 7/2018 40: 2:57        1220        1220        1220        1220       50000              1220    61000000  5983500000     4900000     1221.12           1
10/ 7/2018 41: 2:10        1230        1230        1230        1230       50000              1230    61500000  6045000000     4950000     1221.21           1
10/ 7/2018 41: 2:11        1220        1220        1220        1220       50000              1220    61000000  6106000000     5000000      1221.2           1
10/ 7/2018 41: 2:35        1230        1230        1230        1230       50000              1230    61500000  6167500000     5050000     1221.29           1
10/ 7/2018 41: 2:36        1220        1220        1220        1220       50000              1220    61000000  6228500000     5100000     1221.27           1
10/ 7/2018 43: 2:33        1230        1230        1230        1230       50000              1230    61500000  6290000000     5150000     1221.36           1
10/ 7/2018 43: 2:34        1220        1220        1220        1220       50000              1220    61000000  6351000000     5200000     1221.35           1
10/ 7/2018 44: 2:19        1230        1230        1230        1230       50000              1230    61500000  6412500000     5250000     1221.43           1
10/ 7/2018 44: 2:20        1220        1220        1220        1220       50000              1220    61000000  6473500000     5300000     1221.42           1
10/ 7/2018 44: 2:21        1220        1220        1220        1220       50000              1220    61000000  6534500000     5350000      1221.4           1
10/ 7/2018 44: 2:23        1230        1230        1230        1230       50000              1230    61500000  6596000000     5400000     1221.48           1
10/ 7/2018 44: 2:24        1220        1220        1220        1220       50000              1220    61000000  6657000000     5450000     1221.47           1
10/ 7/2018 44: 2:44        1230        1230        1230        1230       50000              1230    61500000  6718500000     5500000     1221.55           1
10/ 7/2018 44: 2:47        1220        1220        1220        1220       50000              1220    61000000  6779500000     5550000     1221.53           1
10/ 7/2018 44: 2:48        1230        1230        1230        1230       50000              1230    61500000  6841000000     5600000     1221.61           1
10/ 7/2018 44: 2:50        1220        1220        1220        1220       50000              1220    61000000  6902000000     5650000     1221.59           1
10/ 7/2018 44: 2:54        1230        1230        1230        1230       50000              1230    61500000  6963500000     5700000     1221.67           1
10/ 7/2018 44: 2:55        1220        1220        1220        1220       50000              1220    61000000  7024500000     5750000     1221.65           1
10/ 7/2018 44: 2:56        1230        1230        1230        1230       50000              1230    61500000  7086000000     5800000     1221.72           1
10/ 7/2018 45: 2: 1        1220        1220        1220        1220       50000              1220    61000000  7147000000     5850000     1221.71           1
10/ 7/2018 45: 2: 3        1230        1230        1230        1230       50000              1230    61500000  7208500000     5900000     1221.78           1
10/ 7/2018 45: 2: 7        1220        1220        1220        1220       50000              1220    61000000  7269500000     5950000     1221.76           1
10/ 7/2018 45: 2: 8        1230        1230        1230        1230       50000              1230    61500000  7331000000     6000000     1221.83           1
10/ 7/2018 45: 2:12        1220        1220        1220        1220       50000              1220    61000000  7392000000     6050000     1221.82           1
10/ 7/2018 45: 2:14        1230        1230        1230        1230       50000              1230    61500000  7453500000     6100000     1221.89           1
10/ 7/2018 45: 2:37        1220        1220        1220        1220       50000              1220    61000000  7514500000     6150000     1221.87           1
10/ 7/2018 45: 2:45        1230        1230        1230        1230       50000              1230    61500000  7576000000     6200000     1221.94           1
10/ 7/2018 45: 2:49        1220        1220        1220        1220       50000              1220    61000000  7637000000     6250000     1221.92           1
10/ 7/2018 46: 2: 0        1230        1230        1230        1230       50000              1230    61500000  7698500000     6300000     1221.98           1
10/ 7/2018 46: 2: 3        1220        1220        1220        1220       50000              1220    61000000  7759500000     6350000     1221.97           1
10/ 7/2018 46: 2:15        1230        1230        1230        1230       50000              1230    61500000  7821000000     6400000     1222.03           1
10/ 7/2018 46: 2:16        1220        1220        1220        1220       50000              1220    61000000  7882000000     6450000     1222.02           1
10/ 7/2018 48: 2:18        1230        1230        1230        1230       50000              1230    61500000  7943500000     6500000     1222.08           1
10/ 7/2018 48: 2:19        1230        1230        1230        1230       50000              1230    61500000  8005000000     6550000     1222.14           1
10/ 7/2018 48: 2:20        1220        1220        1220        1220       50000              1220    61000000  8066000000     6600000     1222.12           1
10/ 7/2018 48: 2:27        1230        1230        1230        1230       50000              1230    61500000  8127500000     6650000     1222.18           1
10/ 7/2018 48: 2:28        1220        1220        1220        1220       50000              1220    61000000  8188500000     6700000     1222.16           1
10/ 7/2018 48: 2:32        1230        1230        1230        1230       50000              1230    61500000  8250000000     6750000     1222.22           1
10/ 7/2018 48: 2:36        1220        1220        1220        1220       50000              1220    61000000  8311000000     6800000     1222.21           1
10/ 7/2018 48: 2:40        1230        1230        1230        1230       50000              1230    61500000  8372500000     6850000     1222.26           1
10/ 7/2018 48: 2:42        1220        1220        1220        1220       50000              1220    61000000  8433500000     6900000     1222.25           1
10/ 7/2018 48: 2:45        1230        1230        1230        1230       50000              1230    61500000  8495000000     6950000      1222.3           1
10/ 7/2018 48: 2:46        1220        1220        1220        1220       50000              1220    61000000  8556000000     7000000     1222.29           1
10/ 7/2018 48: 2:47        1230        1230        1230        1230       50000              1230    61500000  8617500000     7050000     1222.34           1
10/ 7/2018 48: 2:49        1220        1220        1220        1220       50000              1220    61000000  8678500000     7100000     1222.32           1
10/ 7/2018 48: 2:50        1210        1210        1210        1210       50000              1210    60500000  8739000000     7150000     1222.24           1
10/ 7/2018 49: 2: 6        1200        1200        1200        1200       50000              1200    60000000  8799000000     7200000     1222.08           1
10/ 7/2018 49: 2:25        1190        1190        1190        1190       50000              1190    59500000  8858500000     7250000     1221.86           1
10/ 7/2018 49: 2:48        1180        1180        1180        1180       50000              1180    59000000  8917500000     7300000     1221.58           1
10/ 7/2018 49: 2:50        1170        1170        1170        1170       50000              1170    58500000  8976000000     7350000     1221.22           1
10/ 7/2018 49: 2:51        1160        1160        1160        1160       50000              1160    58000000  9034000000     7400000     1220.81           1
10/ 7/2018 49: 2:57        1170        1170        1170        1170       50000              1170    58500000  9092500000     7450000     1220.47           1
10/ 7/2018 50: 2: 8        1160        1160        1160        1160       50000              1160    58000000  9150500000     7500000     1220.07           1
10/ 7/2018 50: 2:14        1170        1170        1170        1170       50000              1170    58500000  9209000000     7550000     1219.74           1
10/ 7/2018 50: 2:27        1180        1180        1180        1180       50000              1180    59000000  9268000000     7600000     1219.47           1
10/ 7/2018 51: 2:11        1190        1190        1190        1190       50000              1190    59500000  9327500000     7650000     1219.28           1
10/ 7/2018 51: 2:12        1180        1180        1180        1180       50000              1180    59000000  9386500000     7700000     1219.03           1
10/ 7/2018 51: 2:25        1190        1190        1190        1190       50000              1190    59500000  9446000000     7750000     1218.84           1
10/ 7/2018 51: 2:26        1190        1190        1190        1190       50000              1190    59500000  9505500000     7800000     1218.65           1
10/ 7/2018 51: 2:27        1190        1190        1190        1190       50000              1190    59500000  9565000000     7850000     1218.47           1
10/ 7/2018 51: 2:31        1180        1180        1180        1180       50000              1180    59000000  9624000000     7900000     1218.23           1
10/ 7/2018 52: 2:56        1190        1190        1190        1190       50000              1190    59500000  9683500000     7950000     1218.05           1
10/ 7/2018 54: 2:46        1180        1180        1180        1180       50000              1180    59000000  9742500000     8000000     1217.81           1
10/ 7/2018 55: 2: 8        1190        1190        1190        1190       50000              1190    59500000  9802000000     8050000     1217.64           1
10/ 7/2018 55: 2:41        1210        1210        1210        1210        5000              1210     6050000  9808050000     8055000     1217.64           1
10/ 7/2018 56: 2: 3        1200        1200        1200        1200        5000              1200     6000000  9814050000     8060000     1217.62           1
10/ 7/2018 56: 2:10        1210        1210        1210        1210        5000              1210     6050000  9820100000     8065000     1217.62           1
10/ 7/2018 56: 2:26        1200        1200        1200        1200        5000              1200     6000000  9826100000     8070000     1217.61           1
10/ 7/2018 56: 2:40        1190        1190        1190        1190        5000              1190     5950000  9832050000     8075000     1217.59           1
10/ 7/2018 59: 2: 7        1200        1200        1200        1200        5000              1200     6000000  9838050000     8080000     1217.58           1
11/ 7/2018  0: 2:38        1190        1190        1190        1190        5000              1190     5950000  9844000000     8085000     1217.56           1
11/ 7/2018  0: 2:59        1180        1180        1180        1180        5000              1180     5900000  9849900000     8090000     1217.54           1
11/ 7/2018  1: 2: 6        1170        1170        1170        1170        5000              1170     5850000  9855750000     8095000     1217.51           1
11/ 7/2018  1: 2:34        1180        1180        1180        1180        5000              1180     5900000  9861650000     8100000     1217.49           1
11/ 7/2018  3: 2:33        1200        1200        1200        1200        5000              1200     6000000  9867650000     8105000     1217.48           1
11/ 7/2018  3: 2:40        1190        1190        1190        1190        5000              1190     5950000  9873600000     8110000     1217.46           1
11/ 7/2018  4: 2:22        1180        1180        1180        1180        5000              1180     5900000  9879500000     8115000     1217.44           1
11/ 7/2018  6: 2:14        1170        1170        1170        1170        5000              1170     5850000  9885350000     8120000     1217.41           1
11/ 7/2018  8: 2:55        1160        1160        1160        1160        5000              1160     5800000  9891150000     8125000     1217.37           1
11/ 7/2018  9: 2:51        1170        1170        1170        1170        5000              1170     5850000  9897000000     8130000     1217.34           1
11/ 7/2018  9: 2:58        1160        1160        1160        1160        5000              1160     5800000  9902800000     8135000     1217.31           1
11/ 7/2018 12: 2:11        1170        1170        1170        1170        5000              1170     5850000  9908650000     8140000     1217.28           1
11/ 7/2018 13: 2:35        1160        1160        1160        1160        5000              1160     5800000  9914450000     8145000     1217.24           1
11/ 7/2018 14: 2:17        1170        1170        1170        1170        5000              1170     5850000  9920300000     8150000     1217.21           1
11/ 7/2018 15: 2: 6        1160        1160        1160        1160        5000              1160     5800000  9926100000     8155000     1217.18           1
11/ 7/2018 15: 2:13        1150        1150        1150        1150        5000              1150     5750000  9931850000     8160000     1217.14           1
11/ 7/2018 15: 2:27        1160        1160        1160        1160        5000              1160     5800000  9937650000     8165000      1217.1           1
11/ 7/2018 15: 2:41        1150        1150        1150        1150        5000              1150     5750000  9943400000     8170000     1217.06           1
11/ 7/2018 17: 2:33        1160        1160        1160        1160        5000              1160     5800000  9949200000     8175000     1217.03           1
11/ 7/2018 18: 2:36        1170        1170        1170        1170        5000              1170     5850000  9955050000     8180000        1217           1
11/ 7/2018 18: 2:43        1160        1160        1160        1160        5000              1160     5800000  9960850000     8185000     1216.96           1
11/ 7/2018 18: 2:57        1170        1170        1170        1170        5000              1170     5850000  9966700000     8190000     1216.94           1
11/ 7/2018 19: 2:53        1180        1180        1180        1180        5000              1180     5900000  9972600000     8195000     1216.91           1
11/ 7/2018 22: 2:10        1170        1170        1170        1170        5000              1170     5850000  9978450000     8200000     1216.88           1
11/ 7/2018 22: 2:45        1180        1180        1180        1180        5000              1180     5900000  9984350000     8205000     1216.86           1
11/ 7/2018 26: 2:58        1170        1170        1170        1170        5000              1170     5850000  9990200000     8210000     1216.83           1
11/ 7/2018 27: 2:12        1180        1180        1180        1180        5000              1180     5900000  9996100000     8215000     1216.81           1
11/ 7/2018 30: 2:28        1170        1170        1170        1170        5000              1170     5850000 10001950000     8220000     1216.78           1
11/ 7/2018 31: 2:17        1160        1160        1160        1160        5000              1160     5800000 10007750000     8225000     1216.75           1
11/ 7/2018 31: 2:24        1170        1170        1170        1170        5000              1170     5850000 10013600000     8230000     1216.72           1
11/ 7/2018 31: 2:31        1160        1160        1160        1160        5000              1160     5800000 10019400000     8235000     1216.68           1
11/ 7/2018 31: 2:45        1170        1170        1170        1170        5000              1170     5850000 10025250000     8240000     1216.66           1
11/ 7/2018 32: 2:13        1160        1160        1160        1160        5000              1160     5800000 10031050000     8245000     1216.62           1
11/ 7/2018 32: 2:20        1170        1170        1170        1170        5000              1170     5850000 10036900000     8250000     1216.59           1
11/ 7/2018 32: 2:41        1180        1180        1180        1180        5000              1180     5900000 10042800000     8255000     1216.57           1
11/ 7/2018 33: 2:37        1190        1190        1190        1190        5000              1190     5950000 10048750000     8260000     1216.56           1
11/ 7/2018 33: 2:58        1200        1200        1200        1200        5000              1200     6000000 10054750000     8265000     1216.55           1
11/ 7/2018 37: 2: 7        1190        1190        1190        1190        5000              1190     5950000 10060700000     8270000     1216.53           1
11/ 7/2018 38: 2:52        1200        1200        1200        1200        5000              1200     6000000 10066700000     8275000     1216.52           1
11/ 7/2018 40: 2:37        1190        1190        1190        1190        5000              1190     5950000 10072650000     8280000      1216.5           1
11/ 7/2018 40: 2:44        1180        1180        1180        1180        5000              1180     5900000 10078550000     8285000     1216.48           1
11/ 7/2018 42: 2: 8        1170        1170        1170        1170        5000              1170     5850000 10084400000     8290000     1216.45           1
11/ 7/2018 42: 2:15        1180        1180        1180        1180        5000              1180     5900000 10090300000     8295000     1216.43           1
11/ 7/2018 42: 2:50        1170        1170        1170        1170        5000              1170     5850000 10096150000     8300000      1216.4           1
11/ 7/2018 44: 2:42        1160        1160        1160        1160        5000              1160     5800000 10101950000     8305000     1216.37           1
11/ 7/2018 45: 2:45        1170        1170        1170        1170        5000              1170     5850000 10107800000     8310000     1216.34           1
11/ 7/2018 47: 2:30        1160        1160        1160        1160        5000              1160     5800000 10113600000     8315000     1216.31           1
11/ 7/2018 53: 2:34        1150        1150        1150        1150        5000              1150     5750000 10119350000     8320000     1216.27           1
11/ 7/2018 54: 2: 9        1140        1140        1140        1140        5000              1140     5700000 10125050000     8325000     1216.22           1
11/ 7/2018 55: 2: 5        1130        1130        1130        1130        5000              1130     5650000 10130700000     8330000     1216.17           1
11/ 7/2018 55: 2:47        1140        1140        1140        1140        5000              1140     5700000 10136400000     8335000     1216.12           1
11/ 7/2018 56: 2:15        1150        1150        1150        1150        5000              1150     5750000 10142150000     8340000     1216.09           1
11/ 7/2018 56: 2:50        1140        1140        1140        1140        5000              1140     5700000 10147850000     8345000     1216.04           1
11/ 7/2018 57: 2:46        1150        1150        1150        1150        5000              1150     5750000 10153600000     8350000        1216           1
12/ 7/2018  0: 2:27        1140        1140        1140        1140        5000              1140     5700000 10159300000     8355000     1215.95           1
12/ 7/2018  0: 2:34        1130        1130        1130        1130        5000              1130     5650000 10164950000     8360000      1215.9           1
12/ 7/2018  1: 2:33        1140        1140        1140        1140        5000              1140     5700000 10170650000     8365000     1215.86           1
12/ 7/2018  3: 2:39        1130        1130        1130        1130        5000              1130     5650000 10176300000     8370000     1215.81           1
12/ 7/2018  6: 2:34        1140        1140        1140        1140        5000              1140     5700000 10182000000     8375000     1215.76           1
12/ 7/2018  7: 2: 2        1150        1150        1150        1150        5000              1150     5750000 10187750000     8380000     1215.72           1
12/ 7/2018  7: 2: 9        1130        1130        1130        1130        5000              1130     5650000 10193400000     8385000     1215.67           1
12/ 7/2018  7: 2:44        1140        1140        1140        1140        5000              1140     5700000 10199100000     8390000     1215.63           1
12/ 7/2018  8: 2:40        1150        1150        1150        1150        5000              1150     5750000 10204850000     8395000     1215.59           1
12/ 7/2018  9: 2: 1        1160        1160        1160        1160        5000              1160     5800000 10210650000     8400000     1215.55           1
12/ 7/2018  9: 2:15        1150        1150        1150        1150        5000              1150     5750000 10216400000     8405000     1215.51           1
12/ 7/2018 10: 2:46        1160        1160        1160        1160        5000              1160     5800000 10222200000     8410000     1215.48           1
12/ 7/2018 14: 2: 6        1150        1150        1150        1150        5000              1150     5750000 10227950000     8415000     1215.44           1
12/ 7/2018 17: 2:22        1160        1160        1160        1160        5000              1160     5800000 10233750000     8420000     1215.41           1
12/ 7/2018 17: 2:43        1150        1150        1150        1150        5000              1150     5750000 10239500000     8425000     1215.37           1
12/ 7/2018 21: 2:51        1160        1160        1160        1160        5000              1160     5800000 10245300000     8430000     1215.34           1
12/ 7/2018 25: 2:49        1170        1170        1170        1170        5000              1170     5850000 10251150000     8435000     1215.31           1
12/ 7/2018 26: 2:53        1180        1180        1180        1180        5000              1180     5900000 10257050000     8440000     1215.29           1
12/ 7/2018 27: 2:49        1170        1170        1170        1170        5000              1170     5850000 10262900000     8445000     1215.26           1
12/ 7/2018 28: 2:17        1180        1180        1180        1180        5000              1180     5900000 10268800000     8450000     1215.24           1
12/ 7/2018 30: 2:12        1170        1170        1170        1170        5000              1170     5850000 10274650000     8455000     1215.22           1
12/ 7/2018 31: 2:43        1180        1180        1180        1180        5000              1180     5900000 10280550000     8460000      1215.2           1
12/ 7/2018 32: 2:39        1170        1170        1170        1170        5000              1170     5850000 10286400000     8465000     1215.17           1
12/ 7/2018 33: 2: 0        1180        1180        1180        1180        5000              1180     5900000 10292300000     8470000     1215.15           1
12/ 7/2018 33: 2:14        1170        1170        1170        1170        5000              1170     5850000 10298150000     8475000     1215.12           1
12/ 7/2018 33: 2:21        1180        1180        1180        1180        5000              1180     5900000 10304050000     8480000      1215.1           1
12/ 7/2018 35: 2:25        1190        1190        1190        1190        5000              1190     5950000 10310000000     8485000     1215.09           1
12/ 7/2018 40: 2: 0        1200        1200        1200        1200        5000              1200     6000000 10316000000     8490000     1215.08           1
12/ 7/2018 40: 2: 7        1190        1190        1190        1190        5000              1190     5950000 10321950000     8495000     1215.06           1
12/ 7/2018 41: 2:24        1180        1180        1180        1180        5000              1180     5900000 10327850000     8500000     1215.04           1
12/ 7/2018 46: 2:33        1190        1190        1190        1190        5000              1190     5950000 10333800000     8505000     1215.03           1
12/ 7/2018 47: 2: 8        1180        1180        1180        1180        5000              1180     5900000 10339700000     8510000     1215.01           1
12/ 7/2018 48: 2:53        1170        1170        1170        1170        5000              1170     5850000 10345550000     8515000     1214.98           1
12/ 7/2018 50: 2:35        1180        1180        1180        1180        5000              1180     5900000 10351450000     8520000     1214.96           1
12/ 7/2018 53: 2:44        1170        1170        1170        1170        5000              1170     5850000 10357300000     8525000     1214.93           1
12/ 7/2018 53: 2:51        1160        1160        1160        1160        5000              1160     5800000 10363100000     8530000      1214.9           1
12/ 7/2018 56: 2: 5        1170        1170        1170        1170        5000              1170     5850000 10368950000     8535000     1214.87           1
12/ 7/2018 58: 2:38        1180        1180        1180        1180        5000              1180     5900000 10374850000     8540000     1214.85           1
14/ 7/2018  0: 2: 0        1110        1110        1110        1110        5000              1110     5550000 10380400000     8545000     1214.79           1
14/ 7/2018  0: 2:48        1100        1100        1100        1100        5000              1100     5500000 10385900000     8550000     1214.73           1
14/ 7/2018  2: 2:26        1110        1110        1110        1110        5000              1110     5550000 10391450000     8555000     1214.66           1
14/ 7/2018  4: 2:32        1120        1120        1120        1120        5000              1120     5600000 10397050000     8560000     1214.61           1
14/ 7/2018  6: 2:46        1110        1110        1110        1110        5000              1110     5550000 10402600000     8565000     1214.55           1
14/ 7/2018  7: 2:18        1120        1120        1120        1120        5000              1120     5600000 10408200000     8570000     1214.49           1
14/ 7/2018  9: 2:43        1110        1110        1110        1110        5000              1110     5550000 10413750000     8575000     1214.43           1
14/ 7/2018 14: 2: 5        1120        1120        1120        1120        5000              1120     5600000 10419350000     8580000     1214.38           1
14/ 7/2018 22: 2:48        1110        1110        1110        1110        5000              1110     5550000 10424900000     8585000     1214.32           1
14/ 7/2018 22: 2:55        1100        1100        1100        1100        5000              1100     5500000 10430400000     8590000     1214.25           1
14/ 7/2018 28: 2: 5        1110        1110        1110        1110        5000              1110     5550000 10435950000     8595000     1214.19           1
14/ 7/2018 32: 2:15        1120        1120        1120        1120        5000              1120     5600000 10441550000     8600000     1214.13           1
14/ 7/2018 37: 2:58        1110        1110        1110        1110        5000              1110     5550000 10447100000     8605000     1214.07           1
14/ 7/2018 46: 2:37        1120        1120        1120        1120        5000              1120     5600000 10452700000     8610000     1214.02           1
14/ 7/2018 48: 2: 8        1110        1110        1110        1110        5000              1110     5550000 10458250000     8615000     1213.96           1
14/ 7/2018 48: 2:45        1100        1100        1100        1100        5000              1100     5500000 10463750000     8620000     1213.89           1
15/ 7/2018  3: 2: 2        1110        1110        1110        1110        5000              1110     5550000 10469300000     8625000     1213.83           1
15/ 7/2018  4: 2: 5        1120        1120        1120        1120        5000              1120     5600000 10474900000     8630000     1213.78           1
15/ 7/2018  6: 2:53        1130        1130        1130        1130        5000              1130     5650000 10480550000     8635000     1213.73           1
15/ 7/2018  7: 2:14        1120        1120        1120        1120        5000              1120     5600000 10486150000     8640000     1213.67           1
15/ 7/2018 13: 2:46        1130        1130        1130        1130        5000              1130     5650000 10491800000     8645000     1213.63           1
15/ 7/2018 14: 2:56        1120        1120        1120        1120        5000              1120     5600000 10497400000     8650000     1213.57           1
15/ 7/2018 18: 2:26        1130        1130        1130        1130        5000              1130     5650000 10503050000     8655000     1213.52           1
15/ 7/2018 22: 2:17        1120        1120        1120        1120        5000              1120     5600000 10508650000     8660000     1213.47           1
15/ 7/2018 29: 2:46        1130        1130        1130        1130        5000              1130     5650000 10514300000     8665000     1213.42           1
15/ 7/2018 29: 2:53        1120        1120        1120        1120        5000              1120     5600000 10519900000     8670000     1213.37           1
15/ 7/2018 34: 2: 6        1110        1110        1110        1110        5000              1110     5550000 10525450000     8675000     1213.31           1
15/ 7/2018 34: 2:55        1120        1120        1120        1120        5000              1120     5600000 10531050000     8680000     1213.25           1
15/ 7/2018 37: 2:50        1110        1110        1110        1110        5000              1110     5550000 10536600000     8685000      1213.2           1
15/ 7/2018 37: 2:57        1100        1100        1100        1100        5000              1100     5500000 10542100000     8690000     1213.13           1
15/ 7/2018 46: 2:21        1110        1110        1110        1110        5000              1110     5550000 10547650000     8695000     1213.07           1
15/ 7/2018 46: 2:42        1120        1120        1120        1120        5000              1120     5600000 10553250000     8700000     1213.02           1
15/ 7/2018 58: 2:24        1110        1110        1110        1110        5000              1110     5550000 10558800000     8705000     1212.96           1
15/ 7/2018 58: 2:31        1120        1120        1120        1120        5000              1120     5600000 10564400000     8710000      1212.9           1
15/ 7/2018 58: 2:45        1110        1110        1110        1110        5000              1110     5550000 10569950000     8715000     1212.85           1
15/ 7/2018 59: 2:13        1120        1120        1120        1120        5000              1120     5600000 10575550000     8720000     1212.79           1
15/ 7/2018 59: 2:48        1110        1110        1110        1110        5000              1110     5550000 10581100000     8725000     1212.73           1
16/ 7/2018  1: 2:15        1100        1100        1100        1100        5000              1100     5500000 10586600000     8730000     1212.67           1
16/ 7/2018  6: 2:14        1110        1110        1110        1110        5000              1110     5550000 10592150000     8735000     1212.61           1
16/ 7/2018  7: 2:24        1100        1100        1100        1100        5000              1100     5500000 10597650000     8740000     1212.55           1
16/ 7/2018 12: 2:18        1110        1110        1110        1110        5000              1110     5550000 10603200000     8745000     1212.49           1
16/ 7/2018 16: 2: 2        1120        1120        1120        1120        5000              1120     5600000 10608800000     8750000     1212.43           1
16/ 7/2018 16: 2: 9        1110        1110        1110        1110        5000              1110     5550000 10614350000     8755000     1212.38           1
16/ 7/2018 16: 2:44        1120        1120        1120        1120        5000              1120     5600000 10619950000     8760000     1212.32           1
16/ 7/2018 16: 2:51        1110        1110        1110        1110        5000              1110     5550000 10625500000     8765000     1212.26           1
16/ 7/2018 20: 2:14        1120        1120        1120        1120        5000              1120     5600000 10631100000     8770000     1212.21           1
16/ 7/2018 21: 2: 3        1130        1130        1130        1130        5000              1130     5650000 10636750000     8775000     1212.17           1
16/ 7/2018 23: 2:51        1120        1120        1120        1120        5000              1120     5600000 10642350000     8780000     1212.11           1
16/ 7/2018 30: 2:23        1110        1110        1110        1110        5000              1110     5550000 10647900000     8785000     1212.05           1
16/ 7/2018 31: 2:12        1120        1120        1120        1120        5000              1120     5600000 10653500000     8790000        1212           1
16/ 7/2018 31: 2:19        1130        1130        1130        1130        5000              1130     5650000 10659150000     8795000     1211.96           1
16/ 7/2018 32: 2:22        1120        1120        1120        1120        5000              1120     5600000 10664750000     8800000      1211.9           1
16/ 7/2018 33: 2:46        1110        1110        1110        1110        5000              1110     5550000 10670300000     8805000     1211.85           1
16/ 7/2018 35: 2:59        1100        1100        1100        1100        5000              1100     5500000 10675800000     8810000     1211.78           1
16/ 7/2018 38: 2:33        1090        1090        1090        1090        5000              1090     5450000 10681250000     8815000     1211.71           1
16/ 7/2018 40: 2:46        1100        1100        1100        1100        5000              1100     5500000 10686750000     8820000     1211.65           1
16/ 7/2018 44: 2:26        1110        1110        1110        1110        5000              1110     5550000 10692300000     8825000     1211.59           1
16/ 7/2018 47: 2: 8        1100        1100        1100        1100        5000              1100     5500000 10697800000     8830000     1211.53           1
16/ 7/2018 47: 2:22        1090        1090        1090        1090        5000              1090     5450000 10703250000     8835000     1211.46           1
16/ 7/2018 48: 2:27        1080        1080        1080        1080        5000              1080     5400000 10708650000     8840000     1211.39           1
16/ 7/2018 48: 2:34        1090        1090        1090        1090        5000              1090     5450000 10714100000     8845000     1211.32           1
16/ 7/2018 48: 2:41        1080        1080        1080        1080        5000              1080     5400000 10719500000     8850000     1211.24           1
16/ 7/2018 48: 2:48        1090        1090        1090        1090        5000              1090     5450000 10724950000     8855000     1211.17           1
16/ 7/2018 49: 2: 9        1080        1080        1080        1080        5000              1080     5400000 10730350000     8860000      1211.1           1
16/ 7/2018 49: 2:16        1090        1090        1090        1090        5000              1090     5450000 10735800000     8865000     1211.03           1
16/ 7/2018 50: 2:26        1100        1100        1100        1100        5000              1100     5500000 10741300000     8870000     1210.97           1
16/ 7/2018 51: 2:22        1110        1110        1110        1110        5000              1110     5550000 10746850000     8875000     1210.91           1
16/ 7/2018 52: 2: 4        1100        1100        1100        1100        5000              1100     5500000 10752350000     8880000     1210.85           1
16/ 7/2018 53: 2:56        1110        1110        1110        1110        5000              1110     5550000 10757900000     8885000     1210.79           1
16/ 7/2018 56: 2: 9        1120        1120        1120        1120        5000              1120     5600000 10763500000     8890000     1210.74           1
16/ 7/2018 56: 2:16        1110        1110        1110        1110        5000              1110     5550000 10769050000     8895000     1210.69           1
16/ 7/2018 56: 2:30        1120        1120        1120        1120        5000              1120     5600000 10774650000     8900000     1210.63           1
16/ 7/2018 56: 2:37        1110        1110        1110        1110        5000              1110     5550000 10780200000     8905000     1210.58           1
16/ 7/2018 59: 2:11        1100        1100        1100        1100        5000              1100     5500000 10785700000     8910000     1210.52           1
17/ 7/2018  0: 2: 2        1080        1080        1080        1080        5000              1080     5400000 10791100000     8915000     1210.44           1
17/ 7/2018  0: 2:16        1090        1090        1090        1090        5000              1090     5450000 10796550000     8920000     1210.38           1
17/ 7/2018  0: 2:37        1080        1080        1080        1080        5000              1080     5400000 10801950000     8925000      1210.3           1
17/ 7/2018  0: 2:44        1090        1090        1090        1090        5000              1090     5450000 10807400000     8930000     1210.24           1
17/ 7/2018  2: 2:36        1080        1080        1080        1080        5000              1080     5400000 10812800000     8935000     1210.16           1
17/ 7/2018  2: 2:50        1090        1090        1090        1090        5000              1090     5450000 10818250000     8940000      1210.1           1
17/ 7/2018  5: 2:52        1080        1080        1080        1080        5000              1080     5400000 10823650000     8945000     1210.02           1
17/ 7/2018  6: 2:43        1090        1090        1090        1090        5000              1090     5450000 10829100000     8950000     1209.96           1
17/ 7/2018  6: 2:50        1080        1080        1080        1080        5000              1080     5400000 10834500000     8955000     1209.88           1
17/ 7/2018  8: 2:21        1090        1090        1090        1090        5000              1090     5450000 10839950000     8960000     1209.82           1
17/ 7/2018  9: 2:17        1080        1080        1080        1080        5000              1080     5400000 10845350000     8965000     1209.74           1
17/ 7/2018 10: 2: 6        1090        1090        1090        1090        5000              1090     5450000 10850800000     8970000     1209.68           1
17/ 7/2018 11: 2:18        1100        1100        1100        1100        5000              1100     5500000 10856300000     8975000     1209.62           1
17/ 7/2018 12: 2:11        1090        1090        1090        1090        5000              1090     5450000 10861750000     8980000     1209.55           1
17/ 7/2018 12: 2:41        1100        1100        1100        1100        5000              1100     5500000 10867250000     8985000     1209.49           1
17/ 7/2018 16: 2:44        1090        1090        1090        1090        5000              1090     5450000 10872700000     8990000     1209.42           1
17/ 7/2018 16: 2:58        1080        1080        1080        1080        5000              1080     5400000 10878100000     8995000     1209.35           1
17/ 7/2018 17: 2:12        1090        1090        1090        1090        5000              1090     5450000 10883550000     9000000     1209.28           1
17/ 7/2018 17: 2:26        1080        1080        1080        1080        5000              1080     5400000 10888950000     9005000     1209.21           1
17/ 7/2018 17: 2:33        1090        1090        1090        1090        5000              1090     5450000 10894400000     9010000     1209.15           1
17/ 7/2018 18: 2:10        1080        1080        1080        1080        5000              1080     5400000 10899800000     9015000     1209.07           1
17/ 7/2018 18: 2:31        1090        1090        1090        1090        5000              1090     5450000 10905250000     9020000     1209.01           1
17/ 7/2018 18: 2:38        1080        1080        1080        1080        5000              1080     5400000 10910650000     9025000     1208.94           1
17/ 7/2018 19: 2:22        1070        1070        1070        1070        5000              1070     5350000 10916000000     9030000     1208.86           1
17/ 7/2018 20: 2:25        1080        1080        1080        1080        5000              1080     5400000 10921400000     9035000     1208.79           1
17/ 7/2018 20: 2:53        1090        1090        1090        1090        5000              1090     5450000 10926850000     9040000     1208.72           1
17/ 7/2018 21: 2: 7        1080        1080        1080        1080        5000              1080     5400000 10932250000     9045000     1208.65           1
17/ 7/2018 21: 2:14        1070        1070        1070        1070        5000              1070     5350000 10937600000     9050000     1208.57           1
17/ 7/2018 21: 2:35        1080        1080        1080        1080        5000              1080     5400000 10943000000     9055000      1208.5           1
17/ 7/2018 22: 2:27        1070        1070        1070        1070        5000              1070     5350000 10948350000     9060000     1208.43           1
17/ 7/2018 23: 2:26        1080        1080        1080        1080        5000              1080     5400000 10953750000     9065000     1208.36           1
17/ 7/2018 24: 2:22        1070        1070        1070        1070        5000              1070     5350000 10959100000     9070000     1208.28           1
17/ 7/2018 25: 2: 4        1060        1060        1060        1060        5000              1060     5300000 10964400000     9075000      1208.2           1
17/ 7/2018 27: 2:10        1070        1070        1070        1070        5000              1070     5350000 10969750000     9080000     1208.12           1
17/ 7/2018 27: 2:24        1060        1060        1060        1060        5000              1060     5300000 10975050000     9085000     1208.04           1
17/ 7/2018 27: 2:31        1070        1070        1070        1070        5000              1070     5350000 10980400000     9090000     1207.96           1
17/ 7/2018 32: 2:44        1060        1060        1060        1060        5000              1060     5300000 10985700000     9095000     1207.88           1
17/ 7/2018 32: 2:52        1070        1070        1070        1070        5000              1070     5350000 10991050000     9100000     1207.81           1
17/ 7/2018 33: 2:48        1060        1060        1060        1060        5000              1060     5300000 10996350000     9105000     1207.73           1
17/ 7/2018 34: 2: 2        1070        1070        1070        1070        5000              1070     5350000 11001700000     9110000     1207.65           1
17/ 7/2018 35: 2: 5        1060        1060        1060        1060        5000              1060     5300000 11007000000     9115000     1207.57           1
17/ 7/2018 35: 2:19        1070        1070        1070        1070        5000              1070     5350000 11012350000     9120000     1207.49           1
17/ 7/2018 38: 2:28        1080        1080        1080        1080        5000              1080     5400000 11017750000     9125000     1207.42           1
17/ 7/2018 40: 2:55        1070        1070        1070        1070        5000              1070     5350000 11023100000     9130000     1207.35           1
17/ 7/2018 46: 2: 3        1080        1080        1080        1080        5000              1080     5400000 11028500000     9135000     1207.28           1
17/ 7/2018 46: 2:17        1090        1090        1090        1090        5000              1090     5450000 11033950000     9140000     1207.22           1
17/ 7/2018 51: 2:33        1100        1100        1100        1100        5000              1100     5500000 11039450000     9145000     1207.16           1
17/ 7/2018 53: 2:39        1090        1090        1090        1090        5000              1090     5450000 11044900000     9150000     1207.09           1
17/ 7/2018 54: 2:14        1100        1100        1100        1100        5000              1100     5500000 11050400000     9155000     1207.03           1
17/ 7/2018 57: 2: 9        1110        1110        1110        1110        5000              1110     5550000 11055950000     9160000     1206.98           1
17/ 7/2018 58: 2:16        1100        1100        1100        1100        5000              1100     5500000 11061450000     9165000     1206.92           1
