         Date              Open        High         Low       Close      Volume     Typical Price         V*P    Total VP     Total V        VWAP    Message Count
 9/ 7/2018 55: 2: 1        1520        1620        1520        1620       10000           1586.67    15866666    15866666       10000     1586.67         189
10/ 7/2018  0: 2:14        1620        1620        1620        1620        3000              1620     4860000    20726666       13000     1594.36           1
10/ 7/2018  2: 2:13        1490        1490        1490        1490         500              1490      745000    21471666       13500     1590.49           1
10/ 7/2018  2: 2:35        1360        1360        1360        1360        4039              1360     5493040    26964706       17539     1537.41           1
10/ 7/2018  3: 2:18        1340        1360        1340        1360           5           1353.33        6766    26971472       17544     1537.36           2
10/ 7/2018  3: 2:29        1350        1350        1350        1350        3844              1350     5189400    32160872       21388     1503.69           1
10/ 7/2018  3: 2:40        1390        1390        1390        1390        2500              1390     3475000    35635872       23888     1491.79           1
10/ 7/2018  3: 2:42        1520        1520        1520        1520         500              1520      760000    36395872       24388     1492.37           1
10/ 7/2018  3: 2:44        1410        1410        1410        1410        1000              1410     1410000    37805872       25388     1489.12           1
10/ 7/2018  3: 2:47        1350        1350        1350        1350        4818              1350     6504300    44310172       30206     1466.93           1
10/ 7/2018  4: 2:14        1430        1430        1430        1430        1000              1430     1430000    45740172       31206     1465.75           1
10/ 7/2018  4: 2:30        1450        1450        1450        1450        1000              1450     1450000    47190172       32206     1465.26           1
10/ 7/2018  4: 2:44        1470        1470        1470        1470        2000              1470     2940000    50130172       34206     1465.54           1
10/ 7/2018  4: 2:56        1340        1340        1340        1340        1000              1340     1340000    51470172       35206     1461.97           1
10/ 7/2018  5: 2:10        1490        1490        1490        1490        2000              1490     2980000    54450172       37206     1463.48           1
10/ 7/2018  5: 2:44        1350        1350        1350        1350        2118              1350     2859300    57309472       39324     1457.37           1
10/ 7/2018  5: 2:53        1350        1350        1350        1350        1000              1350     1350000    58659472       40324      1454.7           1
10/ 7/2018  5: 2:55        1360        1360        1360        1360        1500              1360     2040000    60699472       41824     1451.31           1
10/ 7/2018  6: 2:34        1360        1360        1360        1360        1000              1360     1360000    62059472       42824     1449.18           1
10/ 7/2018  6: 2:39        1360        1360        1360        1360         482              1360      655520    62714992       43306     1448.18           1
10/ 7/2018  7: 2:17        1360        1360        1360        1360        1112              1360     1512320    64227312       44418     1445.97           1
10/ 7/2018  7: 2:37        1360        1360        1360        1360         100              1360      136000    64363312       44518     1445.78           1
10/ 7/2018  7: 2:38        1350        1350        1350        1350         500              1350      675000    65038312       45018     1444.72           1
10/ 7/2018  7: 2:49        1350        1350        1350        1350         500              1350      675000    65713312       45518     1443.68           1
10/ 7/2018  8: 2:13        1340        1340        1340        1340       10000              1340    13400000    79113312       55518        1425           1
10/ 7/2018  8: 2:16        1440        1440        1440        1440        1000              1440     1440000    80553312       56518     1425.27           1
10/ 7/2018  8: 2:17        1350        1360        1350        1360         918           1356.67     1245420    81798732       57436     1424.17           2
10/ 7/2018  8: 2:44        1360        1360        1360        1360         500              1360      680000    82478732       57936     1423.62           1
10/ 7/2018  8: 2:52        1360        1360        1360        1360         500              1360      680000    83158732       58436     1423.07           1
10/ 7/2018  8: 2:57        1350        1350        1350        1350        1000              1350     1350000    84508732       59436     1421.84           1
10/ 7/2018  9: 2:46        1350        1350        1350        1350        2000              1350     2700000    87208732       61436     1419.51           1
10/ 7/2018 11: 2:21        1360        1360        1360        1360        2500              1360     3400000    90608732       63936     1417.18           1
10/ 7/2018 11: 2:35        1370        1370        1370        1370        2500              1370     3425000    94033732       66436      1415.4           1
10/ 7/2018 11: 2:47        1360        1360        1360        1360        2000              1360     2720000    96753732       68436     1413.78           1
10/ 7/2018 12: 2: 2        1350        1350        1350        1350        1000              1350     1350000    98103732       69436     1412.87           1
10/ 7/2018 12: 2: 9        1350        1350        1350        1350       10000              1350    13500000   111603732       79436     1404.95           1
10/ 7/2018 12: 2:12        1300        1300        1300        1300           5              1300        6500   111610232       79441     1404.94           1
10/ 7/2018 13: 2:41        1370        1370        1370        1370           3              1370        4110   111614342       79444     1404.94           1
10/ 7/2018 14: 2: 4        1360        1360        1360        1360          25              1360       34000   111648342       79469     1404.93           1
10/ 7/2018 14: 2:20        1490        1490        1490        1490        2997              1490     4465530   116113872       82466     1408.02           1
10/ 7/2018 14: 2:26        1400        1400        1400        1400        2000              1400     2800000   118913872       84466     1407.83           1
10/ 7/2018 14: 2:49        1330        1330        1330        1330         225              1330      299250   119213122       84691     1407.62           1
10/ 7/2018 15: 2:15        1500        1500        1500        1500        1600              1500     2400000   121613122       86291     1409.34           1
10/ 7/2018 15: 2:24        1350        1350        1350        1350        1000              1350     1350000   122963122       87291     1408.66           1
10/ 7/2018 15: 2:29        1360        1360        1360        1360        3000              1360     4080000   127043122       90291     1407.04           1
10/ 7/2018 16: 2:10        1350        1350        1350        1350        5000              1350     6750000   133793122       95291     1404.05           1
10/ 7/2018 16: 2:23        1340        1340        1340        1340       10000              1340    13400000   147193122      105291     1397.96           1
10/ 7/2018 16: 2:34        1360        1360        1360        1360        4000              1360     5440000   152633122      109291     1396.58           1
10/ 7/2018 17: 2: 4        1360        1360        1360        1360          50              1360       68000   152701122      109341     1396.56           1
10/ 7/2018 18: 2:18        1330        1330        1330        1330       10000              1330    13300000   166001122      119341     1390.98           1
10/ 7/2018 18: 2:57        1360        1360        1360        1360           9              1360       12240   166013362      119350     1390.98           1
10/ 7/2018 19: 2:10        1360        1360        1360        1360        1000              1360     1360000   167373362      120350     1390.72           1
10/ 7/2018 19: 2:12        1360        1360        1360        1360         500              1360      680000   168053362      120850     1390.59           1
10/ 7/2018 19: 2:18        1380        1380        1380        1380        1000              1380     1380000   169433362      121850     1390.51           1
10/ 7/2018 19: 2:36        1360        1360        1360        1360        1000              1360     1360000   170793362      122850     1390.26           1
10/ 7/2018 19: 2:54        1350        1350        1350        1350         250              1350      337500   171130862      123100     1390.18           1
10/ 7/2018 20: 2: 1        1340        1340        1340        1340         250              1340      335000   171465862      123350     1390.08           1
10/ 7/2018 20: 2: 2        1360        1360        1360        1360        3000              1360     4080000   175545862      126350     1389.36           1
10/ 7/2018 20: 2: 6        1350        1350        1350        1350        2000              1350     2700000   178245862      128350     1388.75           1
10/ 7/2018 20: 2:25        1350        1350        1350        1350         500              1350      675000   178920862      128850      1388.6           1
10/ 7/2018 20: 2:38        1350        1350        1350        1350         500              1350      675000   179595862      129350     1388.45           1
10/ 7/2018 20: 2:45        1620        1620        1620        1620         420              1620      680400   180276262      129770      1389.2           1
10/ 7/2018 20: 2:49        1350        1350        1350        1350         500              1350      675000   180951262      130270     1389.05           1
10/ 7/2018 20: 2:51        1340        1340        1340        1340        2500              1340     3350000   184301262      132770     1388.12           1
10/ 7/2018 20: 2:57        1330        1330        1330        1330         300              1330      399000   184700262      133070     1387.99           1
10/ 7/2018 21: 2: 2        1350        1350        1350        1350         500              1350      675000   185375262      133570     1387.85           1
10/ 7/2018 21: 2: 6        1320        1320        1320        1320         350              1320      462000   185837262      133920     1387.67           1
10/ 7/2018 21: 2:12        1360        1360        1360        1360         999              1360     1358640   187195902      134919     1387.47           1
10/ 7/2018 21: 2:20        1310        1310        1310        1310         400              1310      524000   187719902      135319     1387.24           1
10/ 7/2018 21: 2:38        1400        1400        1400        1400         725              1400     1015000   188734902      136044     1387.31           1
10/ 7/2018 22: 2: 5        1360        1360        1360        1360           1              1360        1360   188736262      136045     1387.31           1
10/ 7/2018 22: 2:37        1500        1500        1500        1500           1              1500        1500   188737762      136046     1387.31           1
10/ 7/2018 22: 2:53        1360        1360        1360        1360       10000              1360    13600000   202337762      146046     1385.44           1
10/ 7/2018 23: 2: 8        1340        1340        1340        1340         500              1340      670000   203007762      146546     1385.28           1
10/ 7/2018 23: 2:29        1420        1420        1420        1420        1961              1420     2784620   205792382      148507     1385.74           1
10/ 7/2018 23: 2:44        1350        1350        1350        1350           3              1350        4050   205796432      148510     1385.74           1
10/ 7/2018 23: 2:59        1530        1530        1530        1530        1000              1530     1530000   207326432      149510     1386.71           1
10/ 7/2018 24: 2:11        1350        1350        1350        1350         500              1350      675000   208001432      150010     1386.58           1
10/ 7/2018 24: 2:23        1350        1350        1350        1350        1147              1350     1548450   209549882      151157     1386.31           1
10/ 7/2018 24: 2:24        1350        1350        1350        1350        6000              1350     8100000   217649882      157157     1384.92           1
10/ 7/2018 24: 2:27        1350        1350        1350        1350        6000              1350     8100000   225749882      163157     1383.64           1
10/ 7/2018 24: 2:28        1350        1350        1350        1350         910              1350     1228500   226978382      164067     1383.45           1
10/ 7/2018 24: 2:34        1360        1360        1360        1360        1000              1360     1360000   228338382      165067     1383.31           1
10/ 7/2018 24: 2:50        1360        1360        1360        1360           7              1360        9520   228347902      165074     1383.31           1
10/ 7/2018 24: 2:59        1370        1370        1370        1370          25              1370       34250   228382152      165099      1383.3           1
10/ 7/2018 25: 2: 4        1380        1380        1380        1380          25              1380       34500   228416652      165124      1383.3           1
10/ 7/2018 25: 2: 8        1390        1390        1390        1390          25              1390       34750   228451402      165149      1383.3           1
10/ 7/2018 25: 2:12        1360        1360        1360        1360         500              1360      680000   229131402      165649     1383.23           1
10/ 7/2018 25: 2:13        1410        1410        1410        1410        1000              1410     1410000   230541402      166649      1383.4           1
10/ 7/2018 25: 2:15        1400        1400        1400        1400          50              1400       70000   230611402      166699      1383.4           1
10/ 7/2018 25: 2:19        1410        1410        1410        1410          50              1410       70500   230681902      166749     1383.41           1
10/ 7/2018 25: 2:24        1420        1420        1420        1420          50              1420       71000   230752902      166799     1383.42           1
10/ 7/2018 25: 2:28        1430        1430        1430        1430          50              1430       71500   230824402      166849     1383.43           1
10/ 7/2018 25: 2:33        1440        1440        1440        1440          50              1440       72000   230896402      166899     1383.45           1
10/ 7/2018 25: 2:39        1450        1450        1450        1450          50              1450       72500   230968902      166949     1383.47           1
10/ 7/2018 25: 2:44        1460        1460        1460        1460          50              1460       73000   231041902      166999     1383.49           1
10/ 7/2018 25: 2:49        1470        1470        1470        1470          50              1470       73500   231115402      167049     1383.52           1
10/ 7/2018 25: 2:54        1500        1500        1500        1500          50              1500       75000   231190402      167099     1383.55           1
10/ 7/2018 25: 2:59        1550        1550        1550        1550          50              1550       77500   231267902      167149      1383.6           1
10/ 7/2018 26: 2: 4        1600        1600        1600        1600          50              1600       80000   231347902      167199     1383.67           1
10/ 7/2018 26: 2:12        1620        1620        1620        1620          62              1620      100440   231448342      167261     1383.76           1
10/ 7/2018 26: 2:28        1350        1350        1350        1350        2000              1350     2700000   234148342      169261     1383.36           1
10/ 7/2018 26: 2:48        1350        1350        1350        1350        5190              1350     7006500   241154842      174451     1382.36           1
10/ 7/2018 26: 2:50        1410        1410        1410        1410        2796              1410     3942360   245097202      177247      1382.8           1
10/ 7/2018 27: 2:50        1350        1350        1350        1350           1              1350        1350   245098552      177248      1382.8           1
10/ 7/2018 29: 2: 0        1360        1360        1360        1360       10300              1360    14008000   259106552      187548     1381.55           1
10/ 7/2018 29: 2: 1        1360        1360        1360        1360        1000              1360     1360000   260466552      188548     1381.43           1
10/ 7/2018 29: 2:11        1500        1500        1500        1500        1000              1500     1500000   261966552      189548     1382.06           1
10/ 7/2018 29: 2:28        1350        1350        1350        1350         750              1350     1012500   262979052      190298     1381.93           1
10/ 7/2018 30: 2: 7        1350        1350        1350        1350         550              1350      742500   263721552      190848     1381.84           1
10/ 7/2018 30: 2:35        1350        1350        1350        1350        3000              1350     4050000   267771552      193848     1381.35           1
10/ 7/2018 30: 2:54        1350        1350        1350        1350          50              1350       67500   267839052      193898     1381.34           1
10/ 7/2018 30: 2:58        1370        1370        1370        1370          20              1370       27400   267866452      193918     1381.34           1
10/ 7/2018 31: 2:21        1350        1350        1350        1350        2000              1350     2700000   270566452      195918     1381.02           1
10/ 7/2018 31: 2:31        1350        1350        1350        1350        1000              1350     1350000   271916452      196918     1380.86           1
10/ 7/2018 31: 2:33        1500        1500        1330        1330        1500           1386.67     2080000   273996452      198418     1380.91           2
10/ 7/2018 31: 2:34        1400        1400        1400        1400        1850              1400     2590000   276586452      200268     1381.08           1
10/ 7/2018 32: 2:22        1420        1420        1420        1420         100              1420      142000   276728452      200368      1381.1           1
10/ 7/2018 32: 2:51        1390        1390        1390        1390         130              1390      180700   276909152      200498     1381.11           1
10/ 7/2018 34: 2: 1        1360        1360        1360        1360          20              1360       27200   276936352      200518      1381.1           1
10/ 7/2018 34: 2:16        1380        1380        1380        1380         500              1380      690000   277626352      201018      1381.1           1
10/ 7/2018 34: 2:57        1440        1440        1440        1440          60              1440       86400   277712752      201078     1381.12           1
10/ 7/2018 35: 2:25        1620        1620        1620        1620        6000              1620     9720000   287432752      207078     1388.04           1
10/ 7/2018 35: 2:31        1460        1460        1460        1460          50              1460       73000   287505752      207128     1388.06           1
10/ 7/2018 36: 2: 5        1480        1480        1480        1480          50              1480       74000   287579752      207178     1388.08           1
10/ 7/2018 37: 2:13        1360        1360        1360        1360          10              1360       13600   287593352      207188     1388.08           1
10/ 7/2018 37: 2:37        1370        1370        1370        1370          10              1370       13700   287607052      207198     1388.08           1
10/ 7/2018 38: 2:35        1350        1350        1350        1350        1000              1350     1350000   288957052      208198      1387.9           1
10/ 7/2018 39: 2:38        1360        1360        1360        1360        4000              1360     5440000   294397052      212198     1387.37           1
10/ 7/2018 40: 2:55        1350        1350        1350        1350           1              1350        1350   294398402      212199     1387.37           1
10/ 7/2018 42: 2:13        1610        1610        1610        1610          35              1610       56350   294454752      212234     1387.41           1
10/ 7/2018 43: 2:13        1210        1210        1210        1210         444              1210      537240   294991992      212678     1387.04           1
10/ 7/2018 45: 2:46        1310        1310        1310        1310         333              1310      436230   295428222      213011     1386.92           1
10/ 7/2018 46: 2: 6        1340        1340        1340        1340        5000              1340     6700000   302128222      218011     1385.84           1
10/ 7/2018 46: 2:22        1400        1400        1400        1400        1000              1400     1400000   303528222      219011      1385.9           1
10/ 7/2018 46: 2:50        1360        1360        1360        1360         100              1360      136000   303664222      219111     1385.89           1
10/ 7/2018 46: 2:58        1400        1400        1400        1400        4000              1400     5600000   309264222      223111     1386.15           1
10/ 7/2018 48: 2:49        1340        1340        1340        1340        1000              1340     1340000   310604222      224111     1385.94           1
10/ 7/2018 49: 2: 2        1330        1330        1330        1330        1000              1330     1330000   311934222      225111     1385.69           1
10/ 7/2018 49: 2:19        1350        1350        1350        1350        1160              1350     1566000   313500222      226271     1385.51           1
10/ 7/2018 49: 2:26        1350        1350        1350        1350       10000              1350    13500000   327000222      236271        1384           1
10/ 7/2018 49: 2:49        1350        1350        1350        1350          60              1350       81000   327081222      236331        1384           1
10/ 7/2018 50: 2:36        1400        1400        1400        1400        1350              1400     1890000   328971222      237681     1384.09           1
10/ 7/2018 50: 2:49        1390        1390        1390        1390        2400              1390     3336000   332307222      240081     1384.15           1
10/ 7/2018 51: 2:58        1350        1350        1350        1350       11542              1350    15581700   347888922      251623     1382.58           1
10/ 7/2018 53: 2:21        1310        1310        1310        1310        1000              1310     1310000   349198922      252623     1382.29           1
10/ 7/2018 54: 2:35        1360        1360        1360        1360       10000              1360    13600000   362798922      262623     1381.44           1
10/ 7/2018 56: 2:21        1360        1360        1360        1360           1              1360        1360   362800282      262624     1381.44           1
10/ 7/2018 57: 2: 6        1600        1600        1600        1600        5550              1600     8880000   371680282      268174     1385.97           1
11/ 7/2018  0: 2:30        1360        1360        1360        1360        1155              1360     1570800   373251082      269329     1385.86           1
11/ 7/2018  0: 2:36        1350        1350        1350        1350           3              1350        4050   373255132      269332     1385.86           1
11/ 7/2018  0: 2:58        1350        1350        1350        1350         619              1350      835650   374090782      269951     1385.77           1
11/ 7/2018  1: 2: 8        1340        1350        1340        1350         250           1346.67      336666   374427448      270201     1385.74           2
11/ 7/2018  1: 2:14        1340        1340        1340        1340        4000              1340     5360000   379787448      274201     1385.07           1
11/ 7/2018  1: 2:27        1360        1360        1360        1360         680              1360      924800   380712248      274881     1385.01           1
11/ 7/2018  1: 2:41        1350        1350        1340        1340         500           1343.33      671666   381383914      275381     1384.93           2
11/ 7/2018  1: 2:44        1350        1350        1350        1350        1000              1350     1350000   382733914      276381     1384.81           1
11/ 7/2018  1: 2:45        1350        1350        1350        1350        1000              1350     1350000   384083914      277381     1384.68           1
11/ 7/2018  1: 2:56        1350        1350        1350        1350           1              1350        1350   384085264      277382     1384.68           2
11/ 7/2018  1: 2:59        1360        1360        1360        1360         800              1360     1088000   385173264      278182     1384.61           1
11/ 7/2018  2: 2:10        1340        1340        1340        1340        3000              1340     4020000   389193264      281182     1384.13           1
11/ 7/2018  2: 2:16        1340        1340        1340        1340        1000              1340     1340000   390533264      282182     1383.98           1
11/ 7/2018  2: 2:26        1360        1360        1360        1360        2500              1360     3400000   393933264      284682     1383.77           1
11/ 7/2018  3: 2: 3        1350        1350        1350        1350        1000              1350     1350000   395283264      285682     1383.65           1
11/ 7/2018  3: 2:13        1340        1340        1340        1340        1000              1340     1340000   396623264      286682      1383.5           1
11/ 7/2018  3: 2:20        1340        1340        1340        1340        1000              1340     1340000   397963264      287682     1383.34           1
11/ 7/2018  5: 2: 8        1350        1350        1350        1350        1000              1350     1350000   399313264      288682     1383.23           1
11/ 7/2018  5: 2:39        1350        1350        1350        1350        1000              1350     1350000   400663264      289682     1383.11           1
11/ 7/2018  5: 2:41        1350        1350        1350        1350           2              1350        2700   400665964      289684     1383.11           1
11/ 7/2018  6: 2: 1        1350        1350        1350        1350        1000              1350     1350000   402015964      290684        1383           1
11/ 7/2018  6: 2:20        1340        1340        1340        1340           6              1340        8040   402024004      290690        1383           1
11/ 7/2018  6: 2:42        1500        1500        1500        1500         800              1500     1200000   403224004      291490     1383.32           1
11/ 7/2018  7: 2:36        1350        1350        1350        1350        2000              1350     2700000   405924004      293490     1383.09           1
11/ 7/2018  7: 2:48        1350        1390        1350        1390         855           1376.67     1177050   407101054      294345     1383.07           2
11/ 7/2018  8: 2: 6        1350        1350        1350        1350          50              1350       67500   407168554      294395     1383.07           1
11/ 7/2018  8: 2:56        1350        1350        1350        1350        1000              1350     1350000   408518554      295395     1382.96           1
11/ 7/2018  9: 2:18        1350        1350        1350        1350          10              1350       13500   408532054      295405     1382.96           1
11/ 7/2018 10: 2:25        1350        1350        1350        1350        1000              1350     1350000   409882054      296405     1382.84           1
11/ 7/2018 15: 2: 0        1360        1360        1360        1360        2063              1360     2805680   412687734      298468     1382.69           1
11/ 7/2018 15: 2:13        1360        1360        1360        1360         100              1360      136000   412823734      298568     1382.68           1
11/ 7/2018 15: 2:39        1420        1420        1420        1420        2000              1420     2840000   415663734      300568     1382.93           1
11/ 7/2018 16: 2: 5        1450        1450        1450        1450        2000              1450     2900000   418563734      302568     1383.37           1
11/ 7/2018 16: 2:29        1430        1430        1430        1430        2000              1430     2860000   421423734      304568     1383.68           1
11/ 7/2018 16: 2:39        1380        1380        1380        1380         374              1380      516120   421939854      304942     1383.67           1
11/ 7/2018 18: 2: 5        1360        1360        1360        1360         173              1360      235280   422175134      305115     1383.66           1
11/ 7/2018 18: 2:20        1350        1350        1350        1350        2000              1350     2700000   424875134      307115     1383.44           1
11/ 7/2018 18: 2:21        1350        1350        1350        1350        1032              1350     1393200   426268334      308147     1383.33           1
11/ 7/2018 20: 2:36        1350        1350        1350        1350         400              1350      540000   426808334      308547     1383.28           1
11/ 7/2018 21: 2:47        1350        1350        1350        1350        2000              1350     2700000   429508334      310547     1383.07           1
11/ 7/2018 23: 2:12        1360        1360        1360        1360         113              1360      153680   429662014      310660     1383.06           1
11/ 7/2018 26: 2: 5        1360        1360        1360        1360           3              1360        4080   429666094      310663     1383.06           1
11/ 7/2018 26: 2:20        1350        1350        1350        1350        6000              1350     8100000   437766094      316663     1382.44           1
11/ 7/2018 26: 2:29        1360        1360        1360        1360          97              1360      131920   437898014      316760     1382.43           1
11/ 7/2018 28: 2:34        1420        1420        1420        1420        1000              1420     1420000   439318014      317760     1382.55           1
11/ 7/2018 28: 2:55        1350        1350        1350        1350         400              1350      540000   439858014      318160     1382.51           1
11/ 7/2018 29: 2:18        1360        1360        1360        1360        1563              1360     2125680   441983694      319723      1382.4           1
11/ 7/2018 29: 2:44        1360        1360        1360        1360         137              1360      186320   442170014      319860     1382.39           1
11/ 7/2018 30: 2:10        1440        1440        1440        1440        7000              1440    10080000   452250014      326860     1383.62           1
11/ 7/2018 30: 2:56        1340        1340        1340        1340        1000              1340     1340000   453590014      327860     1383.49           1
11/ 7/2018 32: 2:48        1400        1400        1400        1400        1500              1400     2100000   455690014      329360     1383.56           1
11/ 7/2018 33: 2:17        1600        1600        1370        1370         100           1446.67      144666   455834680      329460     1383.58           2
11/ 7/2018 33: 2:49        1600        1600        1600        1600        1499              1600     2398400   458233080      330959     1384.56           1
11/ 7/2018 35: 2:28        1390        1390        1390        1390          20              1390       27800   458260880      330979     1384.56           1
11/ 7/2018 36: 2:28        1350        1350        1350        1350        1000              1350     1350000   459610880      331979     1384.46           1
11/ 7/2018 37: 2: 1        1490        1490        1490        1490       10000              1490    14900000   474510880      341979     1387.54           1
11/ 7/2018 38: 2:29        1400        1400        1400        1400         999              1400     1398600   475909480      342978     1387.58           1
11/ 7/2018 39: 2:30        1350        1350        1350        1350       26841              1350    36235350   512144830      369819     1384.85           1
11/ 7/2018 40: 2: 5        1400        1400        1400        1400        2600              1400     3640000   515784830      372419     1384.96           1
11/ 7/2018 41: 2:11        1400        1400        1400        1400        8000              1400    11200000   526984830      380419     1385.27           1
11/ 7/2018 41: 2:42        1340        1350        1340        1350         500           1346.67      673333   527658163      380919     1385.22           2
11/ 7/2018 41: 2:48        1360        1360        1360        1360        2000              1360     2720000   530378163      382919     1385.09           1
11/ 7/2018 41: 2:52        1360        1360        1360        1360        4000              1360     5440000   535818163      386919     1384.83           1
11/ 7/2018 42: 2:20        1410        1410        1410        1410        2000              1410     2820000   538638163      388919     1384.96           1
11/ 7/2018 43: 2:22        1340        1340        1340        1340           7              1340        9380   538647543      388926     1384.96           1
11/ 7/2018 43: 2:25        1350        1350        1350        1350         513              1350      692550   539340093      389439     1384.92           1
11/ 7/2018 43: 2:38        1380        1380        1380        1380         998              1380     1377240   540717333      390437      1384.9           1
11/ 7/2018 43: 2:48        1370        1370        1370        1370        1000              1370     1370000   542087333      391437     1384.86           1
11/ 7/2018 43: 2:57        1390        1390        1390        1390        1000              1390     1390000   543477333      392437     1384.88           1
11/ 7/2018 44: 2:12        1620        1620        1620        1620         505              1620      818100   544295433      392942     1385.18           1
11/ 7/2018 44: 2:19        1450        1450        1380        1380          20           1403.33       28066   544323499      392962     1385.18           2
11/ 7/2018 44: 2:21        1390        1390        1390        1390        1000              1390     1390000   545713499      393962     1385.19           1
11/ 7/2018 44: 2:22        1380        1380        1380        1380         250              1380      345000   546058499      394212     1385.19           1
11/ 7/2018 44: 2:25        1350        1350        1350        1350        1000              1350     1350000   547408499      395212      1385.1           1
11/ 7/2018 44: 2:26        1390        1390        1390        1390        4000              1390     5560000   552968499      399212     1385.15           1
11/ 7/2018 44: 2:32        1390        1390        1390        1390          30              1390       41700   553010199      399242     1385.15           1
11/ 7/2018 44: 2:37        1400        1400        1400        1400          50              1400       70000   553080199      399292     1385.15           1
11/ 7/2018 44: 2:40        1440        1440        1440        1440         500              1440      720000   553800199      399792     1385.22           1
11/ 7/2018 44: 2:41        1410        1410        1410        1410          50              1410       70500   553870699      399842     1385.22           1
11/ 7/2018 44: 2:55        1380        1380        1380        1380         100              1380      138000   554008699      399942     1385.22           1
11/ 7/2018 45: 2: 5        1390        1390        1390        1390         300              1390      417000   554425699      400242     1385.23           1
11/ 7/2018 45: 2:13        1380        1380        1380        1380          10              1380       13800   554439499      400252     1385.23           1
11/ 7/2018 45: 2:23        1620        1620        1620        1620        1000              1620     1620000   556059499      401252     1385.81           1
11/ 7/2018 45: 2:42        1430        1430        1380        1380         100           1396.67      139666   556199165      401352     1385.81           2
11/ 7/2018 45: 2:43        1400        1400        1400        1400         350              1400      490000   556689165      401702     1385.83           1
11/ 7/2018 45: 2:51        1380        1380        1380        1380          30              1380       41400   556730565      401732     1385.83           1
11/ 7/2018 45: 2:55        1360        1360        1360        1360        1000              1360     1360000   558090565      402732     1385.76           1
11/ 7/2018 46: 2:13        1410        1410        1410        1410         400              1410      564000   558654565      403132     1385.79           1
11/ 7/2018 46: 2:25        1330        1330        1330        1330         200              1330      266000   558920565      403332     1385.76           1
11/ 7/2018 46: 2:44        1360        1360        1360        1360         250              1360      340000   559260565      403582     1385.74           1
11/ 7/2018 46: 2:51        1380        1380        1380        1380       15000              1380    20700000   579960565      418582     1385.54           1
11/ 7/2018 47: 2: 2        1380        1380        1380        1380          55              1380       75900   580036465      418637     1385.54           1
11/ 7/2018 47: 2: 6        1380        1380        1380        1380        1000              1380     1380000   581416465      419637     1385.52           1
11/ 7/2018 47: 2: 8        1380        1380        1380        1380        1000              1380     1380000   582796465      420637     1385.51           1
11/ 7/2018 47: 2:17        1380        1380        1380        1380         200              1380      276000   583072465      420837     1385.51           1
11/ 7/2018 47: 2:29        1410        1410        1410        1410         200              1410      282000   583354465      421037     1385.52           1
11/ 7/2018 48: 2:55        1390        1390        1390        1390         318              1390      442020   583796485      421355     1385.52           1
11/ 7/2018 49: 2:47        1370        1370        1370        1370          50              1370       68500   583864985      421405     1385.52           1
11/ 7/2018 49: 2:55        1370        1370        1370        1370       15000              1370    20550000   604414985      436405     1384.99           1
11/ 7/2018 50: 2:16        1380        1380        1380        1380          50              1380       69000   604483985      436455     1384.99           2
11/ 7/2018 50: 2:27        1400        1400        1400        1400         100              1400      140000   604623985      436555     1384.99           1
11/ 7/2018 50: 2:48        1350        1350        1350        1350        2500              1350     3375000   607998985      439055     1384.79           1
11/ 7/2018 51: 2: 1        1350        1350        1350        1350        2500              1350     3375000   611373985      441555     1384.59           1
11/ 7/2018 51: 2: 7        1380        1380        1380        1380         500              1380      690000   612063985      442055     1384.59           1
11/ 7/2018 52: 2:10        1460        1460        1460        1460        6500              1460     9490000   621553985      448555     1385.68           1
11/ 7/2018 53: 2:33        1380        1380        1380        1380        1134              1380     1564920   623118905      449689     1385.67           1
11/ 7/2018 53: 2:36        1300        1300        1300        1300        1000              1300     1300000   624418905      450689     1385.48           1
11/ 7/2018 54: 2: 0        1380        1380        1380        1380          10              1380       13800   624432705      450699     1385.48           1
11/ 7/2018 54: 2:55        1360        1360        1360        1360          14              1360       19040   624451745      450713     1385.48           1
11/ 7/2018 56: 2:42        1620        1620        1620        1620        9998              1620    16196760   640648505      460711     1390.56           1
11/ 7/2018 57: 2: 8        1380        1380        1380        1380       10000              1380    13800000   654448505      470711     1390.34           1
11/ 7/2018 57: 2:28        1380        1380        1380        1380           1              1380        1380   654449885      470712     1390.34           1
11/ 7/2018 59: 2:32        1430        1430        1430        1430          50              1430       71500   654521385      470762     1390.34           1
12/ 7/2018  0: 2:20        1450        1450        1400        1400        1000           1416.67     1416666   655938051      471762      1390.4           2
12/ 7/2018  0: 2:39        1420        1420        1420        1420         300              1420      426000   656364051      472062     1390.42           1
12/ 7/2018  3: 2:16        1370        1370        1370        1370          16              1370       21920   656385971      472078     1390.42           1
12/ 7/2018  4: 2:47        1340        1340        1340        1340          25              1340       33500   656419471      472103     1390.42           1
12/ 7/2018  4: 2:52        1330        1330        1330        1330          25              1330       33250   656452721      472128     1390.41           1
12/ 7/2018  5: 2: 2        1320        1320        1320        1320          25              1320       33000   656485721      472153     1390.41           1
12/ 7/2018  7: 2:59        1370        1370        1370        1370          10              1370       13700   656499421      472163     1390.41           1
12/ 7/2018  8: 2: 3        1370        1370        1370        1370        1000              1370     1370000   657869421      473163     1390.37           1
12/ 7/2018  8: 2:28        1370        1370        1370        1370        3465              1370     4747050   662616471      476628     1390.22           1
12/ 7/2018 10: 2:27        1360        1360        1360        1360        1000              1360     1360000   663976471      477628     1390.15           1
12/ 7/2018 10: 2:44        1580        1580        1580        1580         115              1580      181700   664158171      477743      1390.2           1
12/ 7/2018 11: 2:10        1610        1610        1610        1610         200              1610      322000   664480171      477943     1390.29           1
12/ 7/2018 11: 2:58        1360        1360        1360        1360         100              1360      136000   664616171      478043     1390.29           1
12/ 7/2018 13: 2: 9        1520        1520        1370        1370        3500              1420     4970000   669586171      481543      1390.5           2
12/ 7/2018 13: 2:41        1340        1340        1340        1340        1000              1340     1340000   670926171      482543      1390.4           1
12/ 7/2018 14: 2:18        1360        1360        1360        1360        2000              1360     2720000   673646171      484543     1390.27           1
12/ 7/2018 14: 2:47        1350        1350        1350        1350        6000              1350     8100000   681746171      490543     1389.78           1
12/ 7/2018 18: 2:11        1370        1370        1370        1370          16              1370       21920   681768091      490559     1389.78           1
12/ 7/2018 18: 2:18        1370        1370        1370        1370         500              1370      685000   682453091      491059     1389.76           1
12/ 7/2018 18: 2:45        1450        1450        1450        1450         100              1450      145000   682598091      491159     1389.77           1
12/ 7/2018 20: 2:21        1370        1370        1370        1370          19              1370       26030   682624121      491178     1389.77           1
12/ 7/2018 20: 2:33        1410        1410        1410        1410         500              1410      705000   683329121      491678     1389.79           1
12/ 7/2018 20: 2:40        1420        1420        1420        1420        1000              1420     1420000   684749121      492678     1389.85           1
12/ 7/2018 20: 2:48        1460        1460        1460        1460        1500              1460     2190000   686939121      494178     1390.06           1
12/ 7/2018 20: 2:54        1480        1480        1480        1480        1500              1480     2220000   689159121      495678     1390.34           1
12/ 7/2018 22: 2:42        1420        1420        1420        1420        1000              1420     1420000   690579121      496678      1390.4           1
12/ 7/2018 25: 2: 5        1390        1390        1390        1390         500              1390      695000   691274121      497178      1390.4           1
12/ 7/2018 25: 2:31        1360        1360        1360        1360          10              1360       13600   691287721      497188      1390.4           1
12/ 7/2018 26: 2: 6        1620        1620        1620        1620         150              1620      243000   691530721      497338     1390.46           1
12/ 7/2018 26: 2:24        1380        1380        1380        1380         353              1380      487140   692017861      497691     1390.46           1
12/ 7/2018 27: 2:58        1360        1360        1360        1360        1000              1360     1360000   693377861      498691      1390.4           1
12/ 7/2018 28: 2: 1        1360        1360        1360        1360       26643              1360    36234480   729612341      525334     1388.85           1
12/ 7/2018 28: 2:14        1500        1500        1500        1500        2000              1500     3000000   732612341      527334     1389.28           1
12/ 7/2018 30: 2:14        1370        1370        1370        1370         150              1370      205500   732817841      527484     1389.27           1
12/ 7/2018 35: 2:55        1380        1380        1380        1380       10000              1380    13800000   746617841      537484      1389.1           1
12/ 7/2018 36: 2:41        1370        1370        1370        1370       10000              1370    13700000   760317841      547484     1388.75           1
12/ 7/2018 36: 2:44        1370        1370        1370        1370        1000              1370     1370000   761687841      548484     1388.71           1
12/ 7/2018 38: 2:25        1370        1370        1370        1370         400              1370      548000   762235841      548884      1388.7           1
12/ 7/2018 38: 2:35        1360        1360        1360        1360        2500              1360     3400000   765635841      551384     1388.57           1
12/ 7/2018 41: 2:28        1380        1380        1380        1380        8000              1380    11040000   776675841      559384     1388.45           1
12/ 7/2018 41: 2:38        1420        1420        1420        1420        1000              1420     1420000   778095841      560384      1388.5           1
12/ 7/2018 42: 2:26        1370        1370        1370        1370         250              1370      342500   778438341      560634      1388.5           1
12/ 7/2018 42: 2:39        1380        1380        1380        1380         100              1380      138000   778576341      560734     1388.49           1
12/ 7/2018 42: 2:48        1360        1360        1360        1360         250              1360      340000   778916341      560984     1388.48           1
12/ 7/2018 43: 2:10        1360        1360        1360        1360          95              1360      129200   779045541      561079     1388.48           1
12/ 7/2018 44: 2:18        1390        1390        1390        1390        3500              1390     4865000   783910541      564579     1388.49           1
12/ 7/2018 44: 2:59        1360        1360        1360        1360        1000              1360     1360000   785270541      565579     1388.44           1
12/ 7/2018 45: 2:11        1350        1350        1350        1350        2000              1350     2700000   787970541      567579      1388.3           1
12/ 7/2018 50: 2:14        1600        1600        1600        1600          50              1600       80000   788050541      567629     1388.32           1
12/ 7/2018 51: 2:19        1460        1460        1460        1460       10000              1460    14600000   802650541      577629     1389.56           1
12/ 7/2018 52: 2: 6        1440        1440        1440        1440        1000              1440     1440000   804090541      578629     1389.65           1
12/ 7/2018 52: 2:31        1370        1370        1370        1370         600              1370      822000   804912541      579229     1389.63           1
12/ 7/2018 57: 2:53        1360        1360        1360        1360         200              1360      272000   805184541      579429     1389.62           1
12/ 7/2018 58: 2:14        1540        1540        1540        1540       27429              1540    42240660   847425201      606858     1396.41           1
12/ 7/2018 58: 2:29        1370        1370        1370        1370        3500              1370     4795000   852220201      610358     1396.26           1
12/ 7/2018 59: 2:10        1360        1360        1360        1360        1000              1360     1360000   853580201      611358      1396.2           1
12/ 7/2018 59: 2:52        1360        1360        1360        1360        1000              1360     1360000   854940201      612358     1396.14           1
13/ 7/2018 55: 2:19        1520        1620        1520        1340        1200           1493.33     1792000   856732201      613558     1396.33         349
14/ 7/2018  0: 2: 1        1360        1360        1360        1360         500              1360      680000   857412201      614058      1396.3           1
14/ 7/2018  1: 2:15        1370        1370        1370        1370        1000              1370     1370000   858782201      615058     1396.26           1
14/ 7/2018  1: 2:35        1420        1420        1420        1420        2000              1420     2840000   861622201      617058     1396.34           1
14/ 7/2018  2: 2:19        1570        1570        1570        1570         250              1570      392500   862014701      617308     1396.41           1
14/ 7/2018  3: 2: 1        1370        1370        1370        1370         200              1370      274000   862288701      617508      1396.4           1
14/ 7/2018  3: 2:43        1370        1370        1370        1370         200              1370      274000   862562701      617708     1396.39           1
14/ 7/2018  4: 2:47        1460        1460        1460        1460         200              1460      292000   862854701      617908     1396.41           1
14/ 7/2018  6: 2:10        1370        1370        1370        1370          25              1370       34250   862888951      617933     1396.41           1
14/ 7/2018  6: 2:12        1380        1380        1380        1380          25              1380       34500   862923451      617958     1396.41           1
14/ 7/2018  6: 2:14        1390        1390        1390        1390          25              1390       34750   862958201      617983     1396.41           1
14/ 7/2018  6: 2:16        1400        1400        1400        1400          25              1400       35000   862993201      618008     1396.41           1
14/ 7/2018  6: 2:18        1410        1410        1410        1410          25              1410       35250   863028451      618033     1396.41           1
14/ 7/2018  6: 2:20        1420        1420        1420        1420          25              1420       35500   863063951      618058     1396.41           1
14/ 7/2018  6: 2:22        1430        1430        1430        1430          25              1430       35750   863099701      618083     1396.41           1
14/ 7/2018 10: 2:25        1620        1620        1620        1620         217              1620      351540   863451241      618300     1396.49           1
14/ 7/2018 11: 2:10        1350        1350        1350        1350       20000              1350    27000000   890451241      638300     1395.04           1
14/ 7/2018 12: 2:39        1370        1370        1370        1370         555              1370      760350   891211591      638855     1395.01           1
14/ 7/2018 12: 2:50        1370        1370        1370        1370        1087              1370     1489190   892700781      639942     1394.97           1
14/ 7/2018 12: 2:55        1370        1370        1370        1370          15              1370       20550   892721331      639957     1394.97           1
14/ 7/2018 12: 2:57        1370        1370        1370        1370        2000              1370     2740000   895461331      641957     1394.89           1
14/ 7/2018 13: 2: 3        1390        1390        1390        1390          25              1390       34750   895496081      641982     1394.89           1
14/ 7/2018 13: 2:13        1380        1380        1380        1380         100              1380      138000   895634081      642082     1394.89           1
14/ 7/2018 13: 2:15        1370        1370        1370        1370        2000              1370     2740000   898374081      644082     1394.81           1
14/ 7/2018 13: 2:18        1400        1400        1400        1400          50              1400       70000   898444081      644132     1394.81           1
14/ 7/2018 13: 2:37        1370        1370        1370        1370        3000              1370     4110000   902554081      647132      1394.7           1
14/ 7/2018 14: 2:52        1380        1380        1380        1380        2000              1380     2760000   905314081      649132     1394.65           1
14/ 7/2018 14: 2:55        1360        1360        1360        1360        3200              1360     4352000   909666081      652332     1394.48           1
14/ 7/2018 14: 2:57        1370        1370        1370        1370        4985              1370     6829450   916495531      657317      1394.3           1
14/ 7/2018 15: 2:21        1380        1380        1380        1380        5000              1380     6900000   923395531      662317     1394.19           1
14/ 7/2018 15: 2:37        1500        1500        1500        1500       10729              1500    16093500   939489031      673046     1395.88           1
14/ 7/2018 17: 2:27        1370        1370        1370        1370        1130              1370     1548100   941037131      674176     1395.83           1
14/ 7/2018 19: 2:10        1370        1370        1370        1370           1              1370        1370   941038501      674177     1395.83           1
14/ 7/2018 19: 2:13        1370        1370        1370        1370        3999              1370     5478630   946517131      678176     1395.68           1
14/ 7/2018 20: 2:24        1380        1380        1380        1380          50              1380       69000   946586131      678226     1395.68           1
14/ 7/2018 20: 2:32        1380        1380        1380        1380          10              1380       13800   946599931      678236     1395.68           1
14/ 7/2018 20: 2:47        1370        1370        1370        1370        2600              1370     3562000   950161931      680836     1395.58           1
14/ 7/2018 21: 2: 2        1380        1380        1380        1380        5000              1380     6900000   957061931      685836     1395.47           1
14/ 7/2018 21: 2:26        1370        1370        1370        1370        2500              1370     3425000   960486931      688336     1395.38           2
14/ 7/2018 22: 2:34        1380        1380        1380        1380          50              1380       69000   960555931      688386     1395.37           1
14/ 7/2018 23: 2:14        1420        1420        1420        1420        1000              1420     1420000   961975931      689386     1395.41           1
14/ 7/2018 26: 2:48        1380        1380        1380        1380         750              1380     1035000   963010931      690136     1395.39           1
14/ 7/2018 28: 2:29        1380        1380        1380        1380        2420              1380     3339600   966350531      692556     1395.34           1
14/ 7/2018 31: 2:28        1370        1370        1370        1370        5000              1370     6850000   973200531      697556     1395.16           1
14/ 7/2018 36: 2: 4        1360        1360        1360        1360           1              1360        1360   973201891      697557     1395.16           1
14/ 7/2018 37: 2:48        1360        1360        1360        1360        1000              1360     1360000   974561891      698557     1395.11           1
14/ 7/2018 42: 2:29        1370        1370        1370        1370         355              1370      486350   975048241      698912     1395.09           1
14/ 7/2018 43: 2: 8        1400        1400        1400        1400        2000              1400     2800000   977848241      700912     1395.11           1
14/ 7/2018 44: 2:17        1410        1410        1410        1410         100              1410      141000   977989241      701012     1395.11           1
14/ 7/2018 44: 2:37        1400        1400        1400        1400        1000              1400     1400000   979389241      702012     1395.12           1
14/ 7/2018 49: 2: 6        1380        1380        1380        1380        3000              1380     4140000   983529241      705012     1395.05           1
14/ 7/2018 49: 2:22        1370        1370        1370        1370        2000              1370     2740000   986269241      707012     1394.98           1
14/ 7/2018 50: 2:11        1380        1380        1380        1380       27429              1380    37852020  1024121261      734441     1394.42           1
14/ 7/2018 50: 2:29        1390        1390        1390        1390        1961              1390     2725790  1026847051      736402     1394.41           1
14/ 7/2018 50: 2:52        1380        1380        1380        1380          50              1380       69000  1026916051      736452     1394.41           1
14/ 7/2018 52: 2:32        1620        1620        1620        1620        1500              1620     2430000  1029346051      737952     1394.87           1
14/ 7/2018 52: 2:53        1370        1370        1370        1370         130              1370      178100  1029524151      738082     1394.86           1
14/ 7/2018 52: 2:59        1400        1400        1400        1400         800              1400     1120000  1030644151      738882     1394.87           1
14/ 7/2018 55: 2:58        1370        1370        1370        1370         330              1370      452100  1031096251      739212     1394.86           1
14/ 7/2018 56: 2:52        1360        1360        1360        1360           2              1360        2720  1031098971      739214     1394.86           1
15/ 7/2018  4: 2:35        1360        1360        1360        1360        1930              1360     2624800  1033723771      741144     1394.77           1
15/ 7/2018  7: 2:15        1360        1360        1360        1360          50              1360       68000  1033791771      741194     1394.77           1
15/ 7/2018  7: 2:17        1350        1350        1350        1350          50              1350       67500  1033859271      741244     1394.76           1
15/ 7/2018  7: 2:38        1370        1370        1370        1370         100              1370      137000  1033996271      741344     1394.76           1
15/ 7/2018  7: 2:45        1370        1370        1370        1370          25              1370       34250  1034030521      741369     1394.76           1
15/ 7/2018  8: 2:10        1380        1380        1380        1380          50              1380       69000  1034099521      741419     1394.76           1
15/ 7/2018 12: 2:57        1340        1340        1340        1340          54              1340       72360  1034171881      741473     1394.75           1
15/ 7/2018 14: 2:20        1370        1370        1370        1370        1000              1370     1370000  1035541881      742473     1394.72           1
15/ 7/2018 17: 2:30        1380        1380        1380        1380          50              1380       69000  1035610881      742523     1394.72           1
15/ 7/2018 17: 2:36        1390        1390        1390        1390          50              1390       69500  1035680381      742573     1394.72           1
15/ 7/2018 18: 2: 7        1360        1360        1360        1360         366              1360      497760  1036178141      742939      1394.7           1
15/ 7/2018 18: 2:18        1420        1420        1420        1420         300              1420      426000  1036604141      743239     1394.71           1
15/ 7/2018 18: 2:38        1380        1380        1380        1380          50              1380       69000  1036673141      743289     1394.71           1
15/ 7/2018 22: 2:49        1370        1370        1370        1370         250              1370      342500  1037015641      743539      1394.7           1
15/ 7/2018 23: 2:28        1360        1360        1360        1360       12322              1360    16757920  1053773561      755861     1394.14           1
15/ 7/2018 23: 2:34        1360        1360        1360        1360           1              1360        1360  1053774921      755862     1394.14           1
15/ 7/2018 24: 2:10        1360        1360        1360        1360           1              1360        1360  1053776281      755863     1394.14           1
15/ 7/2018 24: 2:33        1370        1370        1370        1370        2500              1370     3425000  1057201281      758363     1394.06           2
15/ 7/2018 25: 2:48        1360        1360        1360        1360        1000              1360     1360000  1058561281      759363     1394.01           1
15/ 7/2018 26: 2:34        1360        1360        1360        1360       13481              1360    18334160  1076895441      772844     1393.42           1
15/ 7/2018 27: 2:25        1370        1370        1370        1370        1700              1370     2329000  1079224441      774544     1393.37           1
15/ 7/2018 27: 2:58        1380        1380        1380        1380       14700              1380    20286000  1099510441      789244     1393.12           1
15/ 7/2018 29: 2: 7        1340        1340        1340        1340        2500              1340     3350000  1102860441      791744     1392.95           1
15/ 7/2018 29: 2:10        1500        1500        1500        1500        1360              1500     2040000  1104900441      793104     1393.13           1
15/ 7/2018 33: 2:33        1360        1360        1360        1360        7000              1360     9520000  1114420441      800104     1392.84           1
15/ 7/2018 34: 2: 4        1370        1370        1370        1370          25              1370       34250  1114454691      800129     1392.84           1
15/ 7/2018 40: 2:45        1360        1360        1360        1360       12322              1360    16757920  1131212611      812451     1392.35           1
15/ 7/2018 41: 2:25        1460        1460        1460        1460        1030              1460     1503800  1132716411      813481     1392.43           1
15/ 7/2018 45: 2:51        1370        1370        1370        1370       14700              1370    20139000  1152855411      828181     1392.03           1
15/ 7/2018 46: 2:25        1370        1370        1370        1370       15000              1370    20550000  1173405411      843181     1391.64           1
15/ 7/2018 47: 2: 8        1370        1370        1370        1370         500              1370      685000  1174090411      843681     1391.63           1
15/ 7/2018 47: 2:53        1410        1410        1410        1410        1000              1410     1410000  1175500411      844681     1391.65           1
15/ 7/2018 48: 2:11        1420        1420        1420        1420        1000              1420     1420000  1176920411      845681     1391.68           1
15/ 7/2018 48: 2:25        1430        1430        1430        1430        1000              1430     1430000  1178350411      846681     1391.73           1
15/ 7/2018 48: 2:45        1360        1360        1360        1360        1000              1360     1360000  1179710411      847681     1391.69           1
15/ 7/2018 49: 2:23        1360        1360        1360        1360        1000              1360     1360000  1181070411      848681     1391.65           1
15/ 7/2018 49: 2:42        1360        1360        1360        1360        1000              1360     1360000  1182430411      849681     1391.62           1
15/ 7/2018 49: 2:57        1370        1370        1370        1370        1000              1370     1370000  1183800411      850681     1391.59           1
15/ 7/2018 50: 2:16        1360        1360        1360        1360        2607              1360     3545520  1187345931      853288     1391.49           1
15/ 7/2018 52: 2:58        1350        1350        1350        1350        5000              1350     6750000  1194095931      858288     1391.25           1
15/ 7/2018 53: 2:34        1360        1360        1360        1360        3990              1360     5426400  1199522331      862278     1391.11           1
15/ 7/2018 53: 2:38        1480        1480        1480        1480       15000              1480    22200000  1221722331      877278     1392.63           1
16/ 7/2018  2: 2:18        1360        1360        1360        1360           1              1360        1360  1221723691      877279     1392.63           1
16/ 7/2018  6: 2:44        1360        1360        1360        1360         366              1360      497760  1222221451      877645     1392.61           1
16/ 7/2018  8: 2:58        1340        1340        1340        1340         372              1340      498480  1222719931      878017     1392.59           1
16/ 7/2018 11: 2:10        1360        1360        1360        1360        2000              1360     2720000  1225439931      880017     1392.52           1
16/ 7/2018 11: 2:58        1370        1370        1370        1370        3000              1370     4110000  1229549931      883017     1392.44           1
16/ 7/2018 15: 2: 0        1370        1370        1370        1370         500              1370      685000  1230234931      883517     1392.43           1
16/ 7/2018 18: 2:45        1310        1310        1310        1310         225              1310      294750  1230529681      883742     1392.41           1
16/ 7/2018 18: 2:55        1340        1340        1340        1340         225              1340      301500  1230831181      883967     1392.39           1
16/ 7/2018 20: 2:29        1370        1370        1370        1370        8000              1370    10960000  1241791181      891967     1392.19           1
16/ 7/2018 20: 2:55        1350        1350        1350        1350        2000              1350     2700000  1244491181      893967      1392.1           1
16/ 7/2018 21: 2:58        1340        1340        1340        1340        1000              1340     1340000  1245831181      894967     1392.04           1
16/ 7/2018 27: 2: 2        1370        1370        1370        1370        5000              1370     6850000  1252681181      899967     1391.92           1
16/ 7/2018 27: 2:14        1370        1370        1370        1370        2999              1370     4108630  1256789811      902966     1391.85           1
16/ 7/2018 30: 2: 9        1370        1370        1370        1370        2420              1370     3315400  1260105211      905386     1391.79           1
16/ 7/2018 30: 2:12        1360        1360        1360        1360        1754              1360     2385440  1262490651      907140     1391.73           1
16/ 7/2018 30: 2:46        1230        1230        1230        1230          10              1230       12300  1262502951      907150     1391.72           1
16/ 7/2018 30: 2:54        1360        1360        1360        1360        2000              1360     2720000  1265222951      909150     1391.65           1
16/ 7/2018 31: 2:28        1360        1360        1360        1360          75              1360      102000  1265324951      909225     1391.65           1
16/ 7/2018 32: 2:13        1370        1370        1370        1370         800              1370     1096000  1266420951      910025     1391.63           1
16/ 7/2018 32: 2:30        1360        1360        1360        1360        3000              1360     4080000  1270500951      913025     1391.53           1
16/ 7/2018 34: 2:32        1350        1350        1350        1350        3000              1350     4050000  1274550951      916025     1391.39           1
16/ 7/2018 35: 2: 9        1360        1360        1360        1360       30000              1360    40800000  1315350951      946025      1390.4           1
16/ 7/2018 35: 2:20        1370        1370        1370        1370        1500              1370     2055000  1317405951      947525     1390.37           1
16/ 7/2018 36: 2:20        1360        1360        1360        1360           1              1360        1360  1317407311      947526     1390.37           1
16/ 7/2018 40: 2:12        1560        1560        1560        1560        2000              1560     3120000  1320527311      949526     1390.72           1
16/ 7/2018 41: 2:12        1470        1470        1470        1470         500              1470      735000  1321262311      950026     1390.76           1
16/ 7/2018 41: 2:29        1350        1350        1350        1350        3967              1350     5355450  1326617761      953993     1390.59           1
16/ 7/2018 53: 2:42        1360        1360        1360        1360           3              1360        4080  1326621841      953996     1390.59           1
16/ 7/2018 55: 2:29        1370        1370        1370        1370         500              1370      685000  1327306841      954496     1390.58           1
17/ 7/2018  2: 2:20        1350        1350        1350        1350        2000              1350     2700000  1330006841      956496      1390.5           1
17/ 7/2018  4: 2:41        1370        1370        1370        1370        1000              1370     1370000  1331376841      957496     1390.48           1
17/ 7/2018  8: 2:14        1350        1350        1350        1350        1500              1350     2025000  1333401841      958996     1390.41           1
17/ 7/2018 10: 2: 0        1350        1350        1350        1350        4000              1350     5400000  1338801841      962996     1390.25           1
17/ 7/2018 10: 2:14        1350        1350        1350        1350        2500              1350     3375000  1342176841      965496     1390.14           1
17/ 7/2018 11: 2:55        1360        1360        1360        1360          50              1360       68000  1342244841      965546     1390.14           1
17/ 7/2018 15: 2:21        1360        1360        1360        1360        1500              1360     2040000  1344284841      967046     1390.09           1
17/ 7/2018 23: 2:21        1360        1360        1360        1360        5000              1360     6800000  1351084841      972046     1389.94           1
17/ 7/2018 23: 2:44        1370        1370        1370        1370         500              1370      685000  1351769841      972546     1389.93           1
17/ 7/2018 28: 2: 2        1360        1360        1360        1360          50              1360       68000  1351837841      972596     1389.93           1
17/ 7/2018 28: 2: 4        1350        1350        1350        1350          50              1350       67500  1351905341      972646     1389.93           1
17/ 7/2018 33: 2:34        1370        1370        1370        1370         300              1370      411000  1352316341      972946     1389.92           1
17/ 7/2018 34: 2:37        1410        1410        1410        1410          65              1410       91650  1352407991      973011     1389.92           1
17/ 7/2018 34: 2:48        1390        1390        1390        1390         500              1390      695000  1353102991      973511     1389.92           1
17/ 7/2018 39: 2:47        1370        1370        1370        1370         500              1370      685000  1353787991      974011     1389.91           1
17/ 7/2018 42: 2: 5        1350        1350        1350        1350         500              1350      675000  1354462991      974511     1389.89           1
17/ 7/2018 43: 2:20        1350        1350        1350        1350           1              1350        1350  1354464341      974512     1389.89           1
17/ 7/2018 43: 2:44        1360        1360        1360        1360           4              1360        5440  1354469781      974516     1389.89           1
17/ 7/2018 43: 2:47        1350        1350        1350        1350        4000              1350     5400000  1359869781      978516     1389.73           1
17/ 7/2018 44: 2: 7        1360        1360        1360        1360        3623              1360     4927280  1364797061      982139     1389.62           1
17/ 7/2018 48: 2:16        1350        1350        1350        1350         100              1350      135000  1364932061      982239     1389.61           1
17/ 7/2018 51: 2: 7        1360        1360        1360        1360        5000              1360     6800000  1371732061      987239     1389.46           1
17/ 7/2018 56: 2:35        1360        1360        1360        1360        1000              1360     1360000  1373092061      988239     1389.43           1
17/ 7/2018 56: 2:46        1360        1360        1360        1360        4000              1360     5440000  1378532061      992239     1389.31           1
17/ 7/2018 58: 2:51        1390        1390        1390        1390         500              1390      695000  1379227061      992739     1389.31           1
17/ 7/2018 59: 2:43        1370        1370        1370        1370        9000              1370    12330000  1391557061     1001739     1389.14           1
18/ 7/2018  5: 2: 5        1520        1620        1520        1360        4000              1500     6000000  1397557061     1005739     1389.58         384
18/ 7/2018  8: 2: 0        1520        1620        1520        1360        4000              1500     6000000  1403557061     1009739     1390.02         384
