         Date              Open        High         Low       Close      Volume     Typical Price         V*P    Total VP     Total V        VWAP    Message Count
 9/ 7/2018 55: 2: 1        6160        7050        6160        6400         200           6536.67     1307333     1307333         200     6536.66          33
10/ 7/2018  0: 2: 2        4730        4730        4730        4730        1800              4730     8514000     9821333        2000     4910.67           1
10/ 7/2018  0: 2: 5        5930        5930        5930        5930          99              5930      587070    10408403        2099     4958.74           1
10/ 7/2018  2: 2:15        6050        6050        6050        6050         500              6050     3025000    13433403        2599     5168.68           1
10/ 7/2018  2: 2:41        6110        6110        6110        6110         500              6110     3055000    16488403        3099     5320.56           1
10/ 7/2018 10: 2:50        5900        5900        5900        5900           5              5900       29500    16517903        3104     5321.49           1
10/ 7/2018 14: 2:56        6140        6140        6140        6140        5000              6140    30700000    47217903        8104     5826.49           1
10/ 7/2018 15: 2:21        6070        6070        6070        6070         500              6070     3035000    50252903        8604     5840.64           1
10/ 7/2018 15: 2:44        6000        6000        6000        6000         410              6000     2460000    52712903        9014     5847.89           1
10/ 7/2018 15: 2:45        5990        5990        5990        5990         377              5990     2258230    54971133        9391      5853.6           1
10/ 7/2018 20: 2:14        5880        5880        5880        5880          50              5880      294000    55265133        9441     5853.74           1
10/ 7/2018 37: 2:18        5880        5880        5880        5880          48              5880      282240    55547373        9489     5853.87           1
10/ 7/2018 37: 2:20        5920        5920        5920        5920         260              5920     1539200    57086573        9749     5855.63           1
10/ 7/2018 51: 2:16        5930        5930        5930        5930           5              5930       29650    57116223        9754     5855.67           1
10/ 7/2018 54: 2:10        5810        5810        5810        5810          11              5810       63910    57180133        9765     5855.62           1
10/ 7/2018 54: 2:22        5820        5820        5820        5820          11              5820       64020    57244153        9776     5855.58           1
10/ 7/2018 54: 2:31        5830        5830        5830        5830          11              5830       64130    57308283        9787     5855.55           1
10/ 7/2018 55: 2:25        5790        5790        5790        5790          21              5790      121590    57429873        9808     5855.41           1
10/ 7/2018 56: 2: 3        5730        5730        5730        5730          51              5730      292230    57722103        9859     5854.76           1
11/ 7/2018  7: 2:40        5880        5880        5880        5880          36              5880      211680    57933783        9895     5854.85           1
11/ 7/2018  7: 2:42        5990        5990        5990        5990         378              5990     2264220    60198003       10273     5859.83           1
11/ 7/2018 22: 2:51        5630        5630        5630        5630         985              5630     5545550    65743553       11258     5839.72           1
11/ 7/2018 23: 2: 1        5600        5600        5600        5600        1000              5600     5600000    71343553       12258     5820.16           1
11/ 7/2018 23: 2:14        5620        5620        5620        5620        1100              5620     6182000    77525553       13358     5803.68           1
11/ 7/2018 23: 2:24        5500        5500        5500        5500         700              5500     3850000    81375553       14058     5788.56           1
11/ 7/2018 23: 2:33        5530        5530        5530        5530         875              5530     4838750    86214303       14933     5773.41           1
11/ 7/2018 23: 2:43        5470        5470        5470        5470         570              5470     3117900    89332203       15503     5762.25           1
11/ 7/2018 23: 2:53        5410        5410        5410        5410        1000              5410     5410000    94742203       16503     5740.91           1
11/ 7/2018 29: 2: 0        5930        5930        5930        5930        1000              5930     5930000   100672203       17503     5751.71           1
11/ 7/2018 29: 2: 5        5880        5880        5880        5880          20              5880      117600   100789803       17523     5751.86           1
11/ 7/2018 31: 2: 4        5920        5920        5920        5920          89              5920      526880   101316683       17612     5752.71           1
11/ 7/2018 31: 2:15        5910        5910        5910        5910          29              5910      171390   101488073       17641     5752.97           1
11/ 7/2018 32: 2:17        5890        5890        5890        5890          20              5890      117800   101605873       17661     5753.12           1
11/ 7/2018 32: 2:53        5880        5880        5880        5880          13              5880       76440   101682313       17674     5753.21           1
11/ 7/2018 44: 2: 6        5880        5880        5880        5880         163              5880      958440   102640753       17837     5754.37           1
11/ 7/2018 48: 2: 2        5900        5900        5900        5900          30              5900      177000   102817753       17867     5754.62           1
11/ 7/2018 48: 2:14        5890        5890        5890        5890          10              5890       58900   102876653       17877     5754.69           1
11/ 7/2018 48: 2:28        5890        5890        5890        5890         133              5890      783370   103660023       18010     5755.69           1
11/ 7/2018 49: 2:43        5900        5900        5900        5900         119              5900      702100   104362123       18129     5756.64           1
11/ 7/2018 49: 2:54        5910        5910        5910        5910         388              5910     2293080   106655203       18517     5759.85           1
11/ 7/2018 50: 2: 1        5850        5850        5850        5850         119              5850      696150   107351353       18636     5760.43           1
11/ 7/2018 50: 2:48        5860        5860        5860        5860          25              5860      146500   107497853       18661     5760.56           1
11/ 7/2018 52: 2: 7        5920        5920        5920        5920         222              5920     1314240   108812093       18883     5762.44           1
11/ 7/2018 55: 2:30        5870        5870        5870        5870         220              5870     1291400   110103493       19103     5763.68           1
11/ 7/2018 58: 2:31        5950        5950        5950        5950         169              5950     1005550   111109043       19272     5765.31           1
11/ 7/2018 58: 2:45        5920        5920        5920        5920          50              5920      296000   111405043       19322     5765.71           1
11/ 7/2018 59: 2:44        5920        5920        5920        5920         698              5920     4132160   115537203       20020     5771.09           1
12/ 7/2018  6: 2:10        5990        5990        5990        5990         169              5990     1012310   116549513       20189     5772.92           1
12/ 7/2018 14: 2:16        5920        5920        5920        5920         310              5920     1835200   118384713       20499     5775.15           1
12/ 7/2018 14: 2:18        5980        5980        5980        5980         639              5980     3821220   122205933       21138     5781.34           1
12/ 7/2018 22: 2:37        5920        5920        5920        5920         200              5920     1184000   123389933       21338     5782.64           1
12/ 7/2018 27: 2:46        6300        6300        6300        6300         200              6300     1260000   124649933       21538     5787.44           1
12/ 7/2018 33: 2:36        5880        5880        5880        5880          25              5880      147000   124796933       21563     5787.55           1
12/ 7/2018 40: 2:19        5910        5910        5910        5910          19              5910      112290   124909223       21582     5787.66           1
12/ 7/2018 45: 2:12        5880        5880        5880        5880         400              5880     2352000   127261223       21982     5789.34           1
12/ 7/2018 52: 2: 1        5900        5900        5900        5900         310              5900     1829000   129090223       22292     5790.88           1
13/ 7/2018 55: 2:19        6160        7050        6160        5880         346           6363.33     2201713   131291936       22638     5799.63          57
14/ 7/2018  4: 2:53        5870        5870        5870        5870          50              5870      293500   131585436       22688     5799.78           1
14/ 7/2018 26: 2:26        5880        5880        5880        5880          20              5880      117600   131703036       22708     5799.85           1
14/ 7/2018 55: 2:46        5890        5890        5890        5890          12              5890       70680   131773716       22720      5799.9           1
15/ 7/2018  9: 2:56        5890        5890        5890        5890         188              5890     1107320   132881036       22908     5800.64           1
15/ 7/2018 12: 2:18        5810        5810        5810        5810        2000              5810    11620000   144501036       24908     5801.39           1
15/ 7/2018 16: 2:58        5890        5890        5890        5890          22              5890      129580   144630616       24930     5801.47           1
15/ 7/2018 28: 2:49        5780        5780        5780        5780        5000              5780    28900000   173530616       29930     5797.88           1
15/ 7/2018 28: 2:56        5790        5790        5790        5790        5000              5790    28950000   202480616       34930     5796.75           1
15/ 7/2018 29: 2: 3        5800        5800        5800        5800        5000              5800    29000000   231480616       39930     5797.16           1
15/ 7/2018 29: 2:13        5820        5820        5820        5820        1000              5820     5820000   237300616       40930     5797.72           1
15/ 7/2018 29: 2:20        5830        5830        5830        5830        1000              5830     5830000   243130616       41930     5798.49           1
15/ 7/2018 35: 2:33        5890        5890        5890        5890           3              5890       17670   243148286       41933     5798.49           1
15/ 7/2018 35: 2:52        5890        5890        5890        5890          19              5890      111910   243260196       41952     5798.54           1
15/ 7/2018 50: 2:37        5890        5890        5890        5890         344              5890     2026160   245286356       42296     5799.28           1
16/ 7/2018 43: 2: 9        5980        5980        5980        5980         555              5980     3318900   248605256       42851     5801.62           1
16/ 7/2018 43: 2:17        5860        5860        5860        5860        1000              5860     5860000   254465256       43851     5802.95           1
16/ 7/2018 45: 2: 0        5910        5910        5910        5910          17              5910      100470   254565726       43868     5802.99           1
16/ 7/2018 45: 2:21        5900        5900        5900        5900          50              5900      295000   254860726       43918      5803.1           1
17/ 7/2018  2: 2:44        6150        6150        6150        6150         123              6150      756450   255617176       44041     5804.07           1
17/ 7/2018  2: 2:51        5900        5900        5900        5900         100              5900      590000   256207176       44141     5804.29           1
17/ 7/2018  3: 2: 3        5900        5900        5900        5900         100              5900      590000   256797176       44241     5804.51           1
17/ 7/2018  3: 2:18        5910        5910        5910        5910          83              5910      490530   257287706       44324      5804.7           1
17/ 7/2018  3: 2:48        5910        5910        5910        5910         100              5910      591000   257878706       44424     5804.94           1
17/ 7/2018  3: 2:57        5910        5910        5910        5910         100              5910      591000   258469706       44524     5805.18           1
17/ 7/2018  4: 2:19        5910        5910        5910        5910          95              5910      561450   259031156       44619      5805.4           1
17/ 7/2018  4: 2:45        5910        5910        5910        5910         100              5910      591000   259622156       44719     5805.63           1
17/ 7/2018  4: 2:59        5910        5910        5910        5910         100              5910      591000   260213156       44819     5805.87           1
17/ 7/2018  5: 2: 8        5990        5990        5990        5990         250              5990     1497500   261710656       45069     5806.89           1
17/ 7/2018  6: 2:35        5890        5890        5890        5890         130              5890      765700   262476356       45199     5807.13           1
17/ 7/2018 52: 2:35        5890        5890        5890        5890         225              5890     1325250   263801606       45424     5807.54           1
17/ 7/2018 52: 2:36        5980        5980        5980        5980         604              5980     3611920   267413526       46028      5809.8           1
17/ 7/2018 52: 2:56        5920        5920        5920        5920          50              5920      296000   267709526       46078     5809.92           1
17/ 7/2018 53: 2:39        5910        5910        5910        5910          50              5910      295500   268005026       46128     5810.03           1
17/ 7/2018 57: 2:48        5900        5900        5900        5900         100              5900      590000   268595026       46228     5810.22           1
17/ 7/2018 58: 2: 0        5910        5910        5910        5910           5              5910       29550   268624576       46233     5810.23           1
17/ 7/2018 58: 2:13        5850        5850        5850        5850        3000              5850    17550000   286174576       49233     5812.66           1
17/ 7/2018 58: 2:20        5870        5870        5870        5870        3000              5870    17610000   303784576       52233     5815.95           1
17/ 7/2018 58: 2:27        5880        5880        5880        5880        3000              5880    17640000   321424576       55233     5819.43           1
17/ 7/2018 58: 2:34        5890        5890        5890        5890        1000              5890     5890000   327314576       56233     5820.68           1
18/ 7/2018  5: 2: 5        6100        7050        6100        5890        1000           6346.67     6346666   333661242       57233     5829.88          68
18/ 7/2018  8: 2: 0        6100        7050        6100        5890        1000           6346.67     6346666   340007908       58233     5838.75          68
