         Date              Open        High         Low       Close      Volume    Typical Price         V*P    Total VP     Total V            VWAP
 2/ 7/2018  9:55: 1        7140        7140        4880        6180        2700          6066.67    16380000    16380000        2700          6066.67
 2/ 7/2018 10: 0: 0        6090        6090        5960        5990           4          6013.33       24053    16404053        2704          6066.59
 2/ 7/2018 10: 0: 1        6000        6300        6000        6300        1000             6200     6200000    22604053        3704          6102.61
 2/ 7/2018 10: 0: 2        5900        5950        5900        5950         500          5933.33     2966666    25570719        4204          6082.47
 2/ 7/2018 10: 0: 3        5950        5950        5750        5750        2000          5816.67    11633333    37204052        6204          5996.78
 2/ 7/2018 10: 0:13        5900        5900        5900        5900         500             5900     2950000    40154052        6704          5989.57
 2/ 7/2018 10: 0:39        5920        5920        5920        5920         500             5920     2960000    43114052        7204          5984.74
 2/ 7/2018 10: 0:44        5910        5910        5910        5910         500             5910     2955000    46069052        7704          5979.89
 2/ 7/2018 10: 0:48        5900        5900        5900        5900         500             5900     2950000    49019052        8204          5975.02
 2/ 7/2018 10: 2:43        5860        5860        5860        5860         500             5860     2930000    51949052        8704          5968.41
 2/ 7/2018 10: 2:49        5950        5950        5950        5950         750             5950     4462500    56411552        9454          5966.95
 2/ 7/2018 10: 2:55        5870        5870        5870        5870         500             5870     2935000    59346552        9954          5962.08
 2/ 7/2018 10: 3:22        5920        5920        5920        5920         100             5920      592000    59938552       10054          5961.66
 2/ 7/2018 10: 3:32        6990        6990        6990        6990       10000             6990    69900000   129838552       20054          6474.45
 2/ 7/2018 10: 3:42        5910        5910        5910        5910         500             5910     2955000   132793552       20554          6460.72
 2/ 7/2018 10: 3:53        5940        5940        5940        5940          25             5940      148500   132942052       20579          6460.08
 2/ 7/2018 10: 4: 6        7090        7090        7090        7090       10000             7090    70900000   203842052       30579          6666.08
 2/ 7/2018 10: 4:13        6200        6200        6200        6200        1500             6200     9300000   213142052       32079          6644.29
 2/ 7/2018 10: 4:25        5920        5920        5920        5920         500             5920     2960000   216102052       32579          6633.17
 2/ 7/2018 10: 4:55        5940        5940        5940        5940          90             5940      534600   216636652       32669          6631.26
 2/ 7/2018 10: 4:57        5930        5930        5930        5930         500             5930     2965000   219601652       33169          6620.69
 2/ 7/2018 10: 5:41        5950        5950        5950        5950         270             5950     1606500   221208152       33439          6615.27
 2/ 7/2018 10: 5:56        6500        6500        6500        6500         466             6500     3029000   224237152       33905          6613.69
 2/ 7/2018 10: 9:54        6030        6030        6030        6030         100             6030      603000   224840152       34005          6611.97
 2/ 7/2018 10:10:58        5970        5970        5970        5970          10             5970       59700   224899852       34015          6611.78
 2/ 7/2018 10:10:59        6020        6420        6020        6420          15          6286.67       94300   224994152       34030          6611.64
 2/ 7/2018 10:11: 8        5760        5760        5760        5760        2100             5760    12096000   237090152       36130          6562.14
 2/ 7/2018 10:12:33        5950        5950        5950        5950         200             5950     1190000   238280152       36330          6558.77
 2/ 7/2018 10:13:53        5950        5950        5950        5950         500             5950     2975000   241255152       36830          6550.51
 2/ 7/2018 10:13:56        5960        5960        5960        5960        1049             5960     6252040   247507192       37879          6534.15
 2/ 7/2018 10:14:22        5810        5810        5810        5810           2             5810       11620   247518812       37881          6534.12
 2/ 7/2018 10:14:33        6200        6200        6200        6200        1000             6200     6200000   253718812       38881          6525.52
 2/ 7/2018 10:14:37        5760        5760        5760        5760           2             5760       11520   253730332       38883          6525.48
 2/ 7/2018 10:14:41        5920        5920        5920        5920         500             5920     2960000   256690332       39383           6517.8
 2/ 7/2018 10:14:50        5710        5710        5710        5710           2             5710       11420   256701752       39385          6517.75
 2/ 7/2018 10:16:43        5960        5960        5960        5960        1858             5960    11073680   267775432       41243          6492.63
 2/ 7/2018 10:16:51        5950        5950        5950        5950         750             5950     4462500   272237932       41993          6482.94
 2/ 7/2018 10:16:59        5950        5950        5950        5950        1926             5950    11459700   283697632       43919          6459.56
 2/ 7/2018 10:17:43        5940        5940        5940        5940         750             5940     4455000   288152632       44669          6450.84
 2/ 7/2018 10:17:53        5940        5950        5940        5950         100          5946.67      594666   288747298       44769          6449.72
 2/ 7/2018 10:18: 2        5920        5920        5920        5920         500             5920     2960000   291707298       45269          6443.86
 2/ 7/2018 10:19:27        5920        5920        5920        5920         100             5920      592000   292299298       45369          6442.71
 2/ 7/2018 10:19:44        5930        5930        5930        5930         200             5930     1186000   293485298       45569          6440.46
 2/ 7/2018 10:20: 9        5950        5950        5950        5950        2000             5950    11900000   305385298       47569          6419.84
 2/ 7/2018 10:20:27        5870        5870        5870        5870           1             5870        5870   305391168       47570          6419.83
 2/ 7/2018 10:20:33        5930        5930        5930        5930        4800             5930    28464000   333855168       52370          6374.93
 2/ 7/2018 10:20:56        5680        5680        5680        5680        1000             5680     5680000   339535168       53370          6361.91
 2/ 7/2018 10:21:58        6050        6050        6050        6050         500             6050     3025000   342560168       53870          6359.02
 2/ 7/2018 10:22: 1        5900        5900        5900        5900        9314             5900    54952600   397512768       63184          6291.35
 2/ 7/2018 10:23:22        5890        5890        5890        5890         500             5890     2945000   400457768       63684           6288.2
 2/ 7/2018 10:23:53        5880        5880        5880        5880        2500             5880    14700000   415157768       66184          6272.78
 2/ 7/2018 10:23:57        5890        5890        5890        5890           1             5890        5890   415163658       66185          6272.78
 2/ 7/2018 10:24:27        5890        5890        5890        5890         100             5890      589000   415752658       66285           6272.2
 2/ 7/2018 10:24:34        5820        5820        5820        5820         500             5820     2910000   418662658       66785          6268.81
 2/ 7/2018 10:24:45        5830        5830        5830        5830         500             5830     2915000   421577658       67285          6265.55
 2/ 7/2018 10:26:54        6020        6020        6020        6020         500             6020     3010000   424587658       67785          6263.74
 2/ 7/2018 10:26:56        5900        5900        5900        5900        1445             5900     8525500   433113158       69230          6256.15
 2/ 7/2018 10:27:36        5850        5850        5850        5850         100             5850      585000   433698158       69330          6255.56
 2/ 7/2018 10:27:44        5900        5900        5900        5900         300             5900     1770000   435468158       69630          6254.03
 2/ 7/2018 10:28: 5        5890        5890        5890        5890         198             5890     1166220   436634378       69828             6253
 2/ 7/2018 10:30:42        5890        5890        5890        5890           3             5890       17670   436652048       69831          6252.98
 2/ 7/2018 10:31: 1        6530        6530        6530        6530          10             6530       65300   436717348       69841          6253.02
 2/ 7/2018 10:31:50        6600        6600        5510        6050          10          6053.33       60533   436777881       69851          6252.99
 2/ 7/2018 10:31:59        5900        5900        5900        5900           1             5900        5900   436783781       69852          6252.99
 2/ 7/2018 10:32: 0        6000        6000        6000        6000        1000             6000     6000000   442783781       70852          6249.42
 2/ 7/2018 10:33:29        5890        5890        5890        5890         500             5890     2945000   445728781       71352           6246.9
 2/ 7/2018 10:33:40        5890        5890        5890        5890         942             5890     5548380   451277161       72294          6242.25
 2/ 7/2018 10:33:44        5840        5840        5840        5840         500             5840     2920000   454197161       72794          6239.49
 2/ 7/2018 10:34: 2        6450        6450        6450        6450        4700             6450    30315000   484512161       77494          6252.25
 2/ 7/2018 10:34: 6        5890        5890        5890        5890           1             5890        5890   484518051       77495          6252.25
 2/ 7/2018 10:34:34        6300        6300        6300        6300          17             6300      107100   484625151       77512          6252.26
 2/ 7/2018 10:34:41        6480        6480        6480        6480        4700             6480    30456000   515081151       82212          6265.28
 2/ 7/2018 10:34:45        5880        5880        5880        5880         250             5880     1470000   516551151       82462          6264.11
 2/ 7/2018 10:35: 2        5890        5890        5890        5890         200             5890     1178000   517729151       82662          6263.21
 2/ 7/2018 10:35: 3        5890        5890        5890        5890         923             5890     5436470   523165621       83585          6259.09
 2/ 7/2018 10:35: 9        5890        5890        5890        5890         250             5890     1472500   524638121       83835          6257.98
 2/ 7/2018 10:35:15        5990        5990        5990        5990         500             5990     2995000   527633121       84335           6256.4
 2/ 7/2018 10:36:33        5890        5890        5890        5890           2             5890       11780   527644901       84337          6256.39
 2/ 7/2018 10:38:36        5900        5900        5900        5900        1132             5900     6678800   534323701       85469          6251.67
 2/ 7/2018 10:40:20        6070        6070        6070        6070         500             6070     3035000   537358701       85969          6250.61
 2/ 7/2018 10:41:31        5900        5900        5900        5900          10             5900       59000   537417701       85979          6250.57
 2/ 7/2018 10:41:45        5900        5900        5900        5900         923             5900     5445700   542863401       86902          6246.85
 2/ 7/2018 10:43:50        5900        5900        5900        5900          50             5900      295000   543158401       86952          6246.65
 2/ 7/2018 10:43:54        5900        5900        5900        5900          51             5900      300900   543459301       87003          6246.44
 2/ 7/2018 10:44:14        5910        5910        5910        5910          50             5910      295500   543754801       87053          6246.25
 2/ 7/2018 10:44:41        5920        5920        5920        5920         390             5920     2308800   546063601       87443          6244.79
 2/ 7/2018 10:45: 3        5920        5920        5910        5910         380          5913.33     2247066   548310667       87823          6243.36
 2/ 7/2018 10:45:19        5910        5910        5910        5910          60             5910      354600   548665267       87883          6243.13
 2/ 7/2018 10:47:12        5900        5900        5900        5900        1000             5900     5900000   554565267       88883          6239.27
 2/ 7/2018 10:48:48        5900        5900        5900        5900          10             5900       59000   554624267       88893          6239.23
 2/ 7/2018 10:49:11        5910        5910        5910        5910         992             5910     5862720   560486987       89885           6235.6
 2/ 7/2018 10:50: 5        6600        6600        6600        6600        1000             6600     6600000   567086987       90885          6239.61
 2/ 7/2018 10:50:22        5910        5910        5910        5910          46             5910      271860   567358847       90931          6239.44
 2/ 7/2018 10:50:46        6670        6670        6670        6670        1000             6670     6670000   574028847       91931          6244.13
 2/ 7/2018 10:51:20        6830        6830        6830        6830        1000             6830     6830000   580858847       92931          6250.43
 2/ 7/2018 10:51:46        6710        6710        6710        6710        1000             6710     6710000   587568847       93931          6255.32
 2/ 7/2018 10:51:58        5920        5920        5920        5920         531             5920     3143520   590712367       94462          6253.44
 2/ 7/2018 10:52:27        6660        6660        6660        6660        1000             6660     6660000   597372367       95462           6257.7
 2/ 7/2018 10:53:55        6200        6200        6200        6200         100             6200      620000   597992367       95562          6257.64
 2/ 7/2018 10:57:26        5640        5640        5640        5640         100             5640      564000   598556367       95662          6256.99
 2/ 7/2018 10:57:50        6050        6050        6050        6050         100             6050      605000   599161367       95762          6256.78
 2/ 7/2018 11: 1:43        5950        5950        5950        5950          50             5950      297500   599458867       95812          6256.62
 2/ 7/2018 11:10: 8        6000        6000        6000        6000          99             6000      594000   600052867       95911          6256.35
 2/ 7/2018 11:10:35        5920        5920        5920        5920         105             5920      621600   600674467       96016          6255.98
 2/ 7/2018 11:11:38        5950        5950        5950        5950         500             5950     2975000   603649467       96516           6254.4
 2/ 7/2018 11:12:36        5930        5930        5930        5930          12             5930       71160   603720627       96528          6254.36
 2/ 7/2018 11:13:57        5930        5930        5930        5930         105             5930      622650   604343277       96633          6254.01
 2/ 7/2018 11:14:42        5990        5990        5990        5990         200             5990     1198000   605541277       96833          6253.46
 2/ 7/2018 11:16:34        5940        5940        5940        5940          20             5940      118800   605660077       96853           6253.4
 2/ 7/2018 11:16:39        5910        5910        5910        5910          20             5910      118200   605778277       96873          6253.32
 2/ 7/2018 11:16:42        5960        5960        5960        5960           4             5960       23840   605802117       96877          6253.31
 2/ 7/2018 11:16:46        5950        5950        5950        5950           4             5950       23800   605825917       96881           6253.3
 2/ 7/2018 11:16:47        5980        5980        5980        5980           4             5980       23920   605849837       96885          6253.29
 2/ 7/2018 11:16:48        5990        5990        5990        5990           4             5990       23960   605873797       96889          6253.28
 2/ 7/2018 11:16:57        6200        6200        6200        6200         310             6200     1922000   607795797       97199          6253.11
 2/ 7/2018 11:19:26        5900        5900        5900        5900          20             5900      118000   607913797       97219          6253.03
 2/ 7/2018 11:21: 6        5930        5930        5930        5930        1859             5930    11023870   618937667       99078          6246.97
 2/ 7/2018 11:21:18        5940        5940        5940        5940          25             5940      148500   619086167       99103           6246.9
 2/ 7/2018 11:21:20        7020        7020        7020        7020         212             7020     1488240   620574407       99315          6248.55
 2/ 7/2018 11:22: 3        5940        5940        5940        5940          15             5940       89100   620663507       99330           6248.5
 2/ 7/2018 11:22: 6        5930        5930        5930        5930        1859             5930    11023870   631687377      101189          6242.65
 2/ 7/2018 11:22:28        5940        5940        5940        5940        1000             5940     5940000   637627377      102189          6239.69
 2/ 7/2018 11:22:33        5940        5940        5940        5940        1801             5940    10697940   648325317      103990           6234.5
 2/ 7/2018 11:23:18        5950        5950        5950        5950           1             5950        5950   648331267      103991          6234.49
 2/ 7/2018 11:24:38        5960        5960        5960        5960         428             5960     2550880   650882147      104419          6233.37
 2/ 7/2018 11:24:41        5980        5980        5980        5980         297             5980     1776060   652658207      104716          6232.65
 2/ 7/2018 11:25: 0        5970        5970        5970        5970         750             5970     4477500   657135707      105466          6230.78
 2/ 7/2018 11:25:16        5960        5960        5960        5960         750             5960     4470000   661605707      106216          6228.87
 2/ 7/2018 11:25:29        5920        5920        5920        5920         500             5920     2960000   664565707      106716          6227.42
 2/ 7/2018 11:25:58        5930        5930        5930        5930         105             5930      622650   665188357      106821          6227.13
 2/ 7/2018 11:26: 2        5870        5870        5870        5870         100             5870      587000   665775357      106921           6226.8
 2/ 7/2018 11:30:55        5940        5940        5940        5940         992             5940     5892480   671667837      107913          6224.16
 2/ 7/2018 11:32: 9        5940        5940        5940        5940        4703             5940    27935820   699603657      112616          6212.29
 2/ 7/2018 11:32:14        5930        5930        5930        5930        4703             5930    27888790   727492447      117319          6200.98
 2/ 7/2018 11:32:18        5920        5920        5920        5920        4098             5920    24260160   751752607      121417          6191.49
 2/ 7/2018 11:32:22        5900        5900        5900        5900        2968             5900    17511200   769263807      124385          6184.54
 2/ 7/2018 11:32:36        5900        5900        5900        5900        1118             5900     6596200   775860007      125503             6182
 2/ 7/2018 11:32:42        5890        5890        5890        5890         500             5890     2945000   778805007      126003          6180.84
 2/ 7/2018 11:32:45        5890        5890        5890        5890        1524             5890     8976360   787781367      127527          6177.37
 2/ 7/2018 11:33:11        5900        5900        5900        5900          10             5900       59000   787840367      127537          6177.35
 2/ 7/2018 11:33:12        5910        5910        5910        5910          10             5910       59100   787899467      127547          6177.33
 2/ 7/2018 11:33:13        5910        5920        5910        5920          10          5916.67       59166   787958633      127557          6177.31
 2/ 7/2018 11:33:22        5960        5960        5960        5960         212             5960     1263520   789222153      127769          6176.95
 2/ 7/2018 11:33:39        5980        5980        5980        5980         300             5980     1794000   791016153      128069          6176.48
 2/ 7/2018 11:34: 9        5890        5890        5890        5890          11             5890       64790   791080943      128080          6176.46
 2/ 7/2018 11:34:27        5960        5960        5960        5960         500             5960     2980000   794060943      128580          6175.62
 2/ 7/2018 11:34:51        5890        5890        5890        5890         100             5890      589000   794649943      128680           6175.4
 2/ 7/2018 11:34:58        5890        5890        5890        5890           1             5890        5890   794655833      128681          6175.39
 2/ 7/2018 11:35:21        5950        5950        5950        5950         300             5950     1785000   796440833      128981          6174.87
 2/ 7/2018 11:35:40        5900        5900        5900        5900         972             5900     5734800   802175633      129953          6172.81
 2/ 7/2018 11:36:28        5910        5910        5910        5910         230             5910     1359300   803534933      130183          6172.35
 2/ 7/2018 11:37: 6        5910        5910        5910        5910         105             5910      620550   804155483      130288          6172.14
 2/ 7/2018 11:37:58        5920        5920        5920        5920         158             5920      935360   805090843      130446          6171.83
 2/ 7/2018 11:37:59        5760        5760        5760        5760          57             5760      328320   805419163      130503          6171.65
 2/ 7/2018 11:38:20        5920        5920        5920        5920         750             5920     4440000   809859163      131253          6170.21
 2/ 7/2018 11:38:33        6050        6050        6050        6050          56             6050      338800   810197963      131309          6170.16
 2/ 7/2018 11:38:46        5950        5950        5950        5950         305             5950     1814750   812012713      131614          6169.65
 2/ 7/2018 11:40:59        5950        5950        5950        5950        2990             5950    17790500   829803213      134604          6164.77
 2/ 7/2018 11:42:17        5930        5930        5930        5930         100             5930      593000   830396213      134704           6164.6
 2/ 7/2018 11:42:23        5940        5940        5940        5940         380             5940     2257200   832653413      135084          6163.97
 2/ 7/2018 11:42:42        5930        5930        5930        5930         750             5930     4447500   837100913      135834          6162.68
 2/ 7/2018 11:42:52        5920        5920        5920        5920         100             5920      592000   837692913      135934           6162.5
 2/ 7/2018 11:43: 0        5950        5950        5950        5950          11             5950       65450   837758363      135945          6162.48
 2/ 7/2018 11:43:24        5940        5940        5930        5930          38          5933.33      225466   837983829      135983          6162.42
 2/ 7/2018 11:43:25        5930        5930        5930        5930          12             5930       71160   838054989      135995           6162.4
 2/ 7/2018 11:43:43        5930        5930        5930        5930         212             5930     1257160   839312149      136207          6162.03
 2/ 7/2018 11:44:12        5930        5930        5930        5930         200             5930     1186000   840498149      136407          6161.69
 2/ 7/2018 11:44:48        5890        5890        5890        5890         500             5890     2945000   843443149      136907           6160.7
 2/ 7/2018 11:44:53        5940        5940        5940        5940        2990             5940    17760600   861203749      139897          6155.98
 2/ 7/2018 11:45:53        5920        5920        5920        5920        2890             5920    17108800   878312549      142787          6151.21
 2/ 7/2018 11:46:20        5940        5940        5940        5940         212             5940     1259280   879571829      142999          6150.89
 2/ 7/2018 11:47:14        5910        5910        5910        5910         728             5910     4302480   883874309      143727          6149.67
 2/ 7/2018 11:47:56        6310        6310        6310        6310         500             6310     3155000   887029309      144227          6150.23
 2/ 7/2018 11:49:14        5910        5910        5910        5910         750             5910     4432500   891461809      144977          6148.99
 2/ 7/2018 11:53: 2        5920        5920        5920        5920        1720             5920    10182400   901644209      146697           6146.3
 2/ 7/2018 11:54:46        5940        5940        5940        5940          11             5940       65340   901709549      146708          6146.29
 2/ 7/2018 11:55: 8        5990        5990        5990        5990         300             5990     1797000   903506549      147008          6145.97
 2/ 7/2018 11:55:28        5980        5980        5980        5980         200             5980     1196000   904702549      147208          6145.74
 2/ 7/2018 11:55:43        5910        5910        5910        5910          21             5910      124110   904826659      147229          6145.71
 2/ 7/2018 11:56: 9        6060        6060        6060        6060         500             6060     3030000   907856659      147729          6145.42
 2/ 7/2018 11:57:29        5950        5950        5950        5950         500             5950     2975000   910831659      148229          6144.76
 2/ 7/2018 11:59: 2        5820        5820        5820        5820          10             5820       58200   910889859      148239          6144.74
 2/ 7/2018 11:59:38        5960        5960        5960        5960         100             5960      596000   911485859      148339          6144.61
 2/ 7/2018 11:59:52        5970        5970        5970        5970         100             5970      597000   912082859      148439           6144.5
 2/ 7/2018 12: 0:58        6020        6020        6020        6020         100             6020      602000   912684859      148539          6144.41
 2/ 7/2018 12: 7: 9        5920        5920        5920        5920        1000             5920     5920000   918604859      149539          6142.91
 2/ 7/2018 12: 8:25        5900        5900        5900        5900        1000             5900     5900000   924504859      150539           6141.3
 2/ 7/2018 12: 8:41        5950        5950        5950        5950         115             5950      684250   925189109      150654          6141.15
 2/ 7/2018 12:10:16        5950        5950        5950        5950         750             5950     4462500   929651609      151404          6140.21
 2/ 7/2018 12:10:28        5950        5950        5950        5950          50             5950      297500   929949109      151454          6140.14
 2/ 7/2018 12:10:36        5960        5960        5960        5960         100             5960      596000   930545109      151554          6140.02
 2/ 7/2018 12:11:16        5950        5950        5950        5950         100             5950      595000   931140109      151654           6139.9
 2/ 7/2018 12:12:54        5940        5940        5940        5940          40             5940      237600   931377709      151694          6139.85
 2/ 7/2018 12:13:35        5300        5300        5300        5300         200             5300     1060000   932437709      151894          6138.74
 2/ 7/2018 12:13:50        5900        5900        5900        5900         500             5900     2950000   935387709      152394          6137.96
 2/ 7/2018 12:14:25        5920        5920        5920        5920          25             5920      148000   935535709      152419          6137.92
 2/ 7/2018 12:19:29        5680        5680        5680        5680         500             5680     2840000   938375709      152919          6136.42
 2/ 7/2018 12:19:39        5940        5940        5940        5940          16             5940       95040   938470749      152935           6136.4
 2/ 7/2018 12:19:44        5920        5920        5920        5920        1720             5920    10182400   948653149      154655             6134
 2/ 7/2018 12:20: 7        5930        5930        5930        5930         750             5930     4447500   953100649      155405          6133.01
 2/ 7/2018 12:20:14        5940        5940        5940        5940        1720             5940    10216800   963317449      157125           6130.9
 2/ 7/2018 12:21: 5        5950        5950        5950        5950        1000             5950     5950000   969267449      158125          6129.75
 2/ 7/2018 12:21:19        5930        5930        5850        5850        1000          5876.67     5876666   975144115      159125          6128.16
 2/ 7/2018 12:22:26        5860        5860        5860        5860        1000             5860     5860000   981004115      160125          6126.49
 2/ 7/2018 12:25:17        5940        5940        5940        5940        1000             5940     5940000   986944115      161125          6125.33
 2/ 7/2018 12:25:22        5940        5940        5940        5940        1000             5940     5940000   992884115      162125          6124.19
 2/ 7/2018 12:25:50        5890        5890        5890        5890          28             5890      164920   993049035      162153          6124.15
 2/ 7/2018 12:26:20        5940        5940        5940        5940        1898             5940    11274120  1004323155      164051          6122.02
 2/ 7/2018 12:27: 3        5900        5900        5900        5900         400             5900     2360000  1006683155      164451          6121.48
 2/ 7/2018 12:29:30        5950        5950        5950        5950         267             5950     1588650  1008271805      164718           6121.2
 2/ 7/2018 12:31: 5        5940        5940        5940        5940        1898             5940    11274120  1019545925      166616          6119.14
 2/ 7/2018 12:32:21        5940        5940        5940        5940          25             5940      148500  1019694425      166641          6119.11
 2/ 7/2018 12:32:40        5950        5950        5950        5950          13             5950       77350  1019771775      166654           6119.1
 2/ 7/2018 12:33:46        5950        5950        5950        5950          10             5950       59500  1019831275      166664          6119.09
 2/ 7/2018 12:33:49        5940        5940        5940        5940          10             5940       59400  1019890675      166674          6119.07
 2/ 7/2018 12:33:52        5930        5930        5930        5930          10             5930       59300  1019949975      166684          6119.06
 2/ 7/2018 12:33:56        5920        5920        5920        5920          10             5920       59200  1020009175      166694          6119.05
 2/ 7/2018 12:33:58        5960        5960        5960        5960         100             5960      596000  1020605175      166794          6118.96
 2/ 7/2018 12:33:59        5910        5910        5910        5910          10             5910       59100  1020664275      166804          6118.94
 2/ 7/2018 12:34: 3        5900        5900        5900        5900          10             5900       59000  1020723275      166814          6118.93
 2/ 7/2018 12:34: 6        5890        5890        5890        5890          10             5890       58900  1020782175      166824          6118.92
 2/ 7/2018 12:34:10        5880        5880        5880        5880          10             5880       58800  1020840975      166834           6118.9
 2/ 7/2018 12:34:13        5870        5870        5870        5870          10             5870       58700  1020899675      166844          6118.89
 2/ 7/2018 12:34:18        5860        5860        5860        5860          10             5860       58600  1020958275      166854          6118.87
 2/ 7/2018 12:34:38        6010        6010        6010        6010          10             6010       60100  1021018375      166864          6118.87
 2/ 7/2018 12:35:53        5990        5990        5990        5990        1128             5990     6756720  1027775095      167992             6118
 2/ 7/2018 12:36:55        5950        5950        5950        5950         477             5950     2838150  1030613245      168469          6117.52
 2/ 7/2018 12:38: 9        5950        5950        5950        5950           1             5950        5950  1030619195      168470          6117.52
 2/ 7/2018 12:38:35        5940        5940        5940        5940          50             5940      297000  1030916195      168520          6117.47
 2/ 7/2018 12:39:16        5930        5930        5930        5930          25             5930      148250  1031064445      168545          6117.44
 2/ 7/2018 12:40:31        5960        5960        5960        5960          50             5960      298000  1031362445      168595           6117.4
 2/ 7/2018 12:44:11        6350        6350        6350        6350       10000             6350    63500000  1094862445      178595          6130.42
 2/ 7/2018 12:44:56        5890        5890        5890        5890          14             5890       82460  1094944905      178609           6130.4
 2/ 7/2018 12:50:36        5860        5860        5860        5860        2000             5860    11720000  1106664905      180609          6127.41
 2/ 7/2018 12:56:24        5950        5950        5950        5950        1128             5950     6711600  1113376505      181737          6126.31
 2/ 7/2018 12:56:40        6090        6090        6090        6090         100             6090      609000  1113985505      181837          6126.29
 2/ 7/2018 12:57:47        6100        6100        6100        6100          40             6100      244000  1114229505      181877          6126.28
 2/ 7/2018 13:55:19        7140        7140        4880        5930         500          5983.33     2991666  1117221171      182377          6125.89
 2/ 7/2018 14: 0: 0        5890        5890        5890        5890          30             5890      176700  1117397871      182407          6125.85
 2/ 7/2018 14: 0: 1        6200        6200        6200        6200         750             6200     4650000  1122047871      183157          6126.15
 2/ 7/2018 14: 2:22        5940        5940        5940        5940         750             5940     4455000  1126502871      183907          6125.39
 2/ 7/2018 14: 4: 3        5950        5950        5950        5950         750             5950     4462500  1130965371      184657          6124.68
 2/ 7/2018 14: 7:37        7140        7140        7140        7140           1             7140        7140  1130972511      184658          6124.69
 2/ 7/2018 14: 7:41        5960        5960        5960        5960         750             5960     4470000  1135442511      185408          6124.02
 2/ 7/2018 14: 9:43        6010        6010        6010        6010          50             6010      300500  1135743011      185458          6123.99
 2/ 7/2018 14:12: 4        5970        5970        5970        5970         131             5970      782070  1136525081      185589          6123.88
 2/ 7/2018 14:14:12        5880        5880        5880        5880         100             5880      588000  1137113081      185689          6123.75
 2/ 7/2018 14:16:44        5960        5960        5960        5960           1             5960        5960  1137119041      185690          6123.75
 2/ 7/2018 14:17:51        6040        6040        6040        6040          73             6040      440920  1137559961      185763          6123.72
 2/ 7/2018 14:18:23        5970        5970        5970        5970         750             5970     4477500  1142037461      186513           6123.1
 2/ 7/2018 14:18:29        5980        5980        5980        5980         750             5980     4485000  1146522461      187263          6122.53
 2/ 7/2018 14:18:49        6040        6040        5980        5980        3635             6000    21810000  1168332461      190898          6120.19
 2/ 7/2018 14:19: 9        6000        6000        5990        5990         380          5993.33     2277466  1170609927      191278          6119.94
 2/ 7/2018 14:19:12        6100        6100        6100        6100          10             6100       61000  1170670927      191288          6119.94
 2/ 7/2018 14:19:48        5990        5990        5990        5990          10             5990       59900  1170730827      191298          6119.93
 2/ 7/2018 14:20:12        6060        6060        6060        6060        3301             6060    20004060  1190734887      194599          6118.92
 2/ 7/2018 14:20:20        5990        5990        5990        5990           3             5990       17970  1190752857      194602          6118.91
 2/ 7/2018 14:20:26        5980        5980        5980        5980           3             5980       17940  1190770797      194605          6118.91
 2/ 7/2018 14:21:19        6000        6000        6000        6000         200             6000     1200000  1191970797      194805          6118.79
 2/ 7/2018 14:22: 9        6060        6060        6060        6060          50             6060      303000  1192273797      194855          6118.77
 2/ 7/2018 14:22:23        6000        6000        6000        6000          76             6000      456000  1192729797      194931          6118.73
 2/ 7/2018 14:26: 6        6030        6030        6030        6030          31             6030      186930  1192916727      194962          6118.71
 2/ 7/2018 14:26:11        6060        6060        6060        6060          31             6060      187860  1193104587      194993           6118.7
 2/ 7/2018 14:26:17        6070        6070        6070        6070          31             6070      188170  1193292757      195024           6118.7
 2/ 7/2018 14:26:22        6090        6090        6090        6090          31             6090      188790  1193481547      195055          6118.69
 2/ 7/2018 14:26:26        6120        6120        6120        6120          31             6120      189720  1193671267      195086          6118.69
 2/ 7/2018 14:26:31        6160        6160        6160        6160          31             6160      190960  1193862227      195117           6118.7
 2/ 7/2018 14:26:37        6200        6200        6200        6200          31             6200      192200  1194054427      195148          6118.71
 2/ 7/2018 14:26:43        6230        6230        6230        6230          31             6230      193130  1194247557      195179          6118.73
 2/ 7/2018 14:26:48        6280        6280        6280        6280          31             6280      194680  1194442237      195210          6118.76
 2/ 7/2018 14:26:54        6330        6330        6330        6330          31             6330      196230  1194638467      195241          6118.79
 2/ 7/2018 14:27: 9        6020        6020        6020        6020          31             6020      186620  1194825087      195272          6118.77
 2/ 7/2018 14:27:47        6800        6800        6800        6800         380             6800     2584000  1197409087      195652           6120.1
 2/ 7/2018 14:38:23        6150        6150        6150        6150          10             6150       61500  1197470587      195662           6120.1
 2/ 7/2018 14:38:35        5900        5900        5900        5900         100             5900      590000  1198060587      195762          6119.99
 2/ 7/2018 14:38:47        5960        5960        5960        5960        1000             5960     5960000  1204020587      196762          6119.17
 2/ 7/2018 14:40:14        5990        5990        5990        5990           1             5990        5990  1204026577      196763          6119.17
 2/ 7/2018 14:41:24        5990        5990        5990        5990         500             5990     2995000  1207021577      197263          6118.84
 2/ 7/2018 14:42: 1        5980        5980        5980        5980         247             5980     1477060  1208498637      197510          6118.67
 2/ 7/2018 14:43:57        6590        6590        6590        6590         500             6590     3295000  1211793637      198010          6119.86
 2/ 7/2018 14:44: 4        6550        6550        6550        6550         500             6550     3275000  1215068637      198510          6120.94
 2/ 7/2018 14:44:12        6490        6490        6490        6490         500             6490     3245000  1218313637      199010          6121.87
 2/ 7/2018 14:46: 4        6060        6060        6060        6060        3000             6060    18180000  1236493637      202010          6120.95
 2/ 7/2018 14:46:31        5960        5960        5960        5960         989             5960     5894440  1242388077      202999          6120.17
 2/ 7/2018 14:46:36        5970        5970        5970        5970         301             5970     1796970  1244185047      203300          6119.95
 2/ 7/2018 14:46:58        5950        5950        5950        5950          10             5950       59500  1244244547      203310          6119.94
 2/ 7/2018 14:47: 3        5980        5980        5980        5980           2             5980       11960  1244256507      203312          6119.94
 2/ 7/2018 14:47: 5        5990        6000        5990        6000           2          5996.67       11993  1244268500      203314          6119.94
 2/ 7/2018 14:47: 6        6010        6010        6010        6010           2             6010       12020  1244280520      203316          6119.93
 2/ 7/2018 14:50:25        5900        5900        5900        5900         200             5900     1180000  1245460520      203516          6119.72
 2/ 7/2018 14:52:35        5510        5510        5510        5510        3000             5510    16530000  1261990520      206516          6110.86
 2/ 7/2018 14:54: 5        5960        5960        5960        5960           1             5960        5960  1261996480      206517          6110.86
 2/ 7/2018 14:55:25        5950        5950        5950        5950        3781             5950    22496950  1284493430      210298          6107.97
 2/ 7/2018 14:55:29        5950        5950        5950        5950        1839             5950    10942050  1295435480      212137           6106.6
 2/ 7/2018 14:56:21        5940        5940        5940        5940          78             5940      463320  1295898800      212215          6106.54
 2/ 7/2018 14:56:58        5940        5940        5940        5940           5             5940       29700  1295928500      212220          6106.53
 2/ 7/2018 14:56:59        5900        5900        5900        5900          10             5900       59000  1295987500      212230          6106.52
 2/ 7/2018 14:57: 2        6020        6020        6020        6020         100             6020      602000  1296589500      212330          6106.48
 2/ 7/2018 14:58:11        5940        5940        5940        5940          65             5940      386100  1296975600      212395          6106.43
 2/ 7/2018 15: 0: 6        6000        6000        6000        6000         475             6000     2850000  1299825600      212870          6106.19
 2/ 7/2018 15: 1:21        5950        5950        5950        5950           1             5950        5950  1299831550      212871          6106.19
 2/ 7/2018 15: 3: 3        6030        6030        6030        6030          15             6030       90450  1299922000      212886          6106.19
 2/ 7/2018 15: 3: 6        5920        5920        5920        5920          40             5920      236800  1300158800      212926          6106.15
 2/ 7/2018 15: 8: 8        5940        5940        5940        5940         500             5940     2970000  1303128800      213426          6105.76
 2/ 7/2018 15: 9:57        6100        6100        6100        6100        1500             6100     9150000  1312278800      214926          6105.72
 2/ 7/2018 15:15:54        5940        5940        5940        5940         850             5940     5049000  1317327800      215776          6105.07
 2/ 7/2018 15:17:35        5930        5930        5930        5930          50             5930      296500  1317624300      215826          6105.03
 2/ 7/2018 15:17:52        5990        5990        5990        5990          59             5990      353410  1317977710      215885             6105
 2/ 7/2018 15:18: 4        6090        6090        6090        6090         100             6090      609000  1318586710      215985          6104.99
 2/ 7/2018 15:18: 5        6050        6050        6050        6050        1000             6050     6050000  1324636710      216985          6104.74
 2/ 7/2018 15:18:11        6070        6070        6070        6070         100             6070      607000  1325243710      217085          6104.72
 2/ 7/2018 15:18:17        6140        6140        6140        6140         100             6140      614000  1325857710      217185          6104.74
 2/ 7/2018 15:20:17        5920        5920        5920        5920         100             5920      592000  1326449710      217285          6104.65
 2/ 7/2018 15:24:36        5930        5930        5930        5930        1000             5930     5930000  1332379710      218285          6103.85
 2/ 7/2018 15:25:58        5980        5980        5980        5980        6000             5980    35880000  1368259710      224285          6100.54
 2/ 7/2018 15:26:34        5940        5940        5940        5940         455             5940     2702700  1370962410      224740          6100.22
 2/ 7/2018 15:27:23        5970        5970        5970        5970         750             5970     4477500  1375439910      225490          6099.78
 2/ 7/2018 15:27:24        5980        5980        5980        5980        4478             5980    26778440  1402218350      229968          6097.45
 2/ 7/2018 15:27:47        5960        5960        5960        5960         750             5960     4470000  1406688350      230718             6097
 2/ 7/2018 15:28:13        5940        5940        5940        5940        5000             5940    29700000  1436388350      235718          6093.67
 2/ 7/2018 15:28:14        5990        5990        5990        5990         500             5990     2995000  1439383350      236218          6093.45
 2/ 7/2018 15:28:17        5980        5980        5980        5980         750             5980     4485000  1443868350      236968          6093.09
 2/ 7/2018 15:28:19        5980        5980        5980        5980        4478             5980    26778440  1470646790      241446             6091
 2/ 7/2018 15:28:40        5940        5940        5940        5940        2000             5940    11880000  1482526790      243446          6089.76
 2/ 7/2018 15:28:43        5980        5980        5980        5980        4478             5980    26778440  1509305230      247924          6087.77
 2/ 7/2018 15:28:51        5970        5970        5970        5970         750             5970     4477500  1513782730      248674          6087.42
 2/ 7/2018 15:28:54        5960        5960        5960        5960         750             5960     4470000  1518252730      249424          6087.04
 2/ 7/2018 15:29:19        5950        5950        5950        5950         135             5950      803250  1519055980      249559          6086.96
 2/ 7/2018 15:29:23        5970        5970        5970        5970         750             5970     4477500  1523533480      250309          6086.61
 2/ 7/2018 15:29:39        6100        6100        6100        6100         500             6100     3050000  1526583480      250809          6086.64
 2/ 7/2018 15:29:41        5950        5950        5940        5940        2000          5943.33    11886666  1538470146      252809           6085.5
 2/ 7/2018 15:29:44        5990        5990        5990        5990        4470             5990    26775300  1565245446      257279          6083.84
 2/ 7/2018 15:29:50        5970        5970        5970        5970       13000             5970    77610000  1642855446      270279          6078.37
 2/ 7/2018 15:29:54        5960        5960        5960        5960        1800             5960    10728000  1653583446      272079          6077.59
 2/ 7/2018 15:29:58        5990        5990        5990        5990        4470             5990    26775300  1680358746      276549          6076.17
 2/ 7/2018 15:30: 5        5960        5960        5960        5960         500             5960     2980000  1683338746      277049          6075.96
 2/ 7/2018 15:30:14        5960        5960        5960        5960        1951             5960    11627960  1694966706      279000          6075.15
 2/ 7/2018 15:30:23        5930        5930        5930        5930         755             5930     4477150  1699443856      279755          6074.76
 2/ 7/2018 15:30:25        5970        5970        5970        5970        4515             5970    26954550  1726398406      284270          6073.09
 2/ 7/2018 15:30:48        5930        5930        5930        5930         245             5930     1452850  1727851256      284515          6072.97
 2/ 7/2018 15:30:50        5960        5960        5960        5960        1951             5960    11627960  1739479216      286466           6072.2
 2/ 7/2018 15:31:36        5890        5890        5890        5890        1000             5890     5890000  1745369216      287466          6071.57
 2/ 7/2018 15:32:53        5880        5880        5880        5880         355             5880     2087400  1747456616      287821          6071.33
 2/ 7/2018 15:33:45        5950        5950        5950        5950         500             5950     2975000  1750431616      288321          6071.12
 2/ 7/2018 15:33:57        5910        5910        5910        5910          10             5910       59100  1750490716      288331          6071.12
 2/ 7/2018 15:36:31        5950        5950        5950        5950        1100             5950     6545000  1757035716      289431          6070.65
 2/ 7/2018 15:40:11        5930        5930        5930        5930         140             5930      830200  1757865916      289571          6070.59
 2/ 7/2018 15:40:39        5920        5920        5920        5920         100             5920      592000  1758457916      289671          6070.53
 2/ 7/2018 15:40:47        5910        5910        5910        5910         125             5910      738750  1759196666      289796          6070.47
 2/ 7/2018 15:40:56        5900        5900        5900        5900         290             5900     1711000  1760907666      290086           6070.3
 2/ 7/2018 15:41: 8        5840        5900        5840        5900         390             5880     2293200  1763200866      290476          6070.04
 2/ 7/2018 15:41:23        5850        5910        5850        5910         380             5890     2238200  1765439066      290856           6069.8
 2/ 7/2018 15:41:33        5900        5900        5900        5900           2             5900       11800  1765450866      290858           6069.8
 2/ 7/2018 15:41:41        6210        6210        6210        6210         500             6210     3105000  1768555866      291358          6070.04
 2/ 7/2018 15:41:53        5910        5910        5860        5860         371          5876.67     2180243  1770736109      291729           6069.8
 2/ 7/2018 15:42: 6        5880        5880        5880        5880          10             5880       58800  1770794909      291739          6069.79
 2/ 7/2018 15:42:16        5900        5900        5900        5900         200             5900     1180000  1771974909      291939          6069.68
 2/ 7/2018 15:42:25        5910        5910        5910        5910         200             5910     1182000  1773156909      292139          6069.57
 2/ 7/2018 15:42:36        5890        5890        5890        5890         361             5890     2126290  1775283199      292500          6069.34
 2/ 7/2018 15:43:21        5960        5960        5960        5960        4493             5960    26778280  1802061479      296993          6067.69
 2/ 7/2018 15:43:30        5950        5950        5950        5950         750             5950     4462500  1806523979      297743          6067.39
 2/ 7/2018 15:43:38        5860        5860        5860        5860         361             5860     2115460  1808639439      298104          6067.14
 2/ 7/2018 15:43:39        5860        5860        5860        5860         364             5860     2133040  1810772479      298468          6066.89
 2/ 7/2018 15:43:55        5900        5900        5900        5900          50             5900      295000  1811067479      298518          6066.86
 2/ 7/2018 15:44:15        5900        5900        5900        5900           5             5900       29500  1811096979      298523          6066.86
 2/ 7/2018 15:45:48        5910        5910        5910        5910         750             5910     4432500  1815529479      299273          6066.47
 2/ 7/2018 15:45:54        5880        5880        5880        5880         364             5880     2140320  1817669799      299637          6066.24
 2/ 7/2018 15:47:21        5910        5910        5910        5910          10             5910       59100  1817728899      299647          6066.23
 2/ 7/2018 15:48:46        5850        5850        5850        5850          50             5850      292500  1818021399      299697           6066.2
 2/ 7/2018 15:49: 1        5940        5940        5940        5940         750             5940     4455000  1822476399      300447          6065.88
 2/ 7/2018 15:49: 3        5940        5940        5940        5940         600             5940     3564000  1826040399      301047          6065.63
 2/ 7/2018 15:49: 4        5960        5960        5960        5960        4493             5960    26778280  1852818679      305540          6064.08
 2/ 7/2018 15:49: 9        5910        5910        5910        5910         379             5910     2239890  1855058569      305919          6063.89
 2/ 7/2018 15:49:28        5920        5920        5920        5920          50             5920      296000  1855354569      305969          6063.86
 2/ 7/2018 15:49:34        5930        5930        5920        5920         380          5923.33     2250866  1857605435      306349          6063.69
 2/ 7/2018 15:49:40        5930        5930        5930        5930        2179             5930    12921470  1870526905      308528          6062.75
 2/ 7/2018 15:50:21        5890        5890        5890        5890          50             5890      294500  1870821405      308578          6062.72
 2/ 7/2018 15:50:43        5920        5920        5920        5920          84             5920      497280  1871318685      308662          6062.68
 2/ 7/2018 15:50:50        5960        5960        5960        5960        4493             5960    26778280  1898096965      313155          6061.21
 2/ 7/2018 15:52:12        5900        5900        5900        5900          10             5900       59000  1898155965      313165           6061.2
 2/ 7/2018 15:52:50        5800        5800        5800        5800          50             5800      290000  1898445965      313215          6061.16
 2/ 7/2018 15:56:42        5920        5920        5920        5920        1860             5920    11011200  1909457165      315075          6060.33
 2/ 7/2018 15:57:45        5900        5900        5900        5900         500             5900     2950000  1912407165      315575          6060.07
 2/ 7/2018 15:58: 7        5910        5910        5910        5910         380             5910     2245800  1914652965      315955          6059.89
 2/ 7/2018 15:58:35        5910        5910        5910        5910         120             5910      709200  1915362165      316075          6059.83
 2/ 7/2018 15:58:52        5900        5900        5900        5900          14             5900       82600  1915444765      316089          6059.83
 2/ 7/2018 16: 1:59        5910        5910        5910        5910       12880             5910    76120800  1991565565      328969          6053.96
 2/ 7/2018 16: 2:10        5870        5870        5870        5870         377             5870     2212990  1993778555      329346          6053.75
 2/ 7/2018 16: 2:39        5980        5980        5980        5980         500             5980     2990000  1996768555      329846          6053.64
 2/ 7/2018 16: 2:40        5970        5970        5970        5970        4485             5970    26775450  2023544005      334331          6052.52
 2/ 7/2018 16: 4: 0        5900        5900        5900        5900          70             5900      413000  2023957005      334401          6052.48
 2/ 7/2018 16: 4:13        6100        6100        6100        6100         500             6100     3050000  2027007005      334901          6052.56
 2/ 7/2018 16: 4:43        5700        5700        5700        5700          20             5700      114000  2027121005      334921          6052.53
 2/ 7/2018 16: 8:25        5840        5840        5840        5840         371             5840     2166640  2029287645      335292           6052.3
 2/ 7/2018 16: 8:33        5880        5880        5880        5880         100             5880      588000  2029875645      335392          6052.25
 2/ 7/2018 16: 9: 8        5890        5890        5890        5890           2             5890       11780  2029887425      335394          6052.25
 2/ 7/2018 16: 9:10        5980        5980        5980        5980        1000             5980     5980000  2035867425      336394          6052.03
 2/ 7/2018 16: 9:12        5970        5970        5900        5900           2          5923.33       11846  2035879271      336396          6052.03
 2/ 7/2018 16: 9:14        5910        5920        5910        5920           2          5916.67       11833  2035891104      336398          6052.03
 2/ 7/2018 16: 9:15        5920        5940        5920        5940           2          5933.33       11866  2035902970      336400          6052.03
 2/ 7/2018 16: 9:16        5950        5960        5950        5960           2          5956.67       11913  2035914883      336402          6052.03
 2/ 7/2018 16: 9:17        5960        5970        5960        5970           2          5966.67       11933  2035926816      336404          6052.03
 2/ 7/2018 16: 9:18        5980        6000        5980        6000           2          5993.33       11986  2035938802      336406          6052.03
 2/ 7/2018 16: 9:19        5990        5990        5980        5980           2          5983.33       11966  2035950768      336408          6052.03
 2/ 7/2018 16: 9:20        5970        5970        5970        5970           2             5970       11940  2035962708      336410          6052.03
 2/ 7/2018 16: 9:21        5970        5970        5960        5960           2          5963.33       11926  2035974634      336412          6052.03
 2/ 7/2018 16: 9:22        5950        5950        5940        5940           2          5943.33       11886  2035986520      336414          6052.03
 2/ 7/2018 16: 9:26        5930        5930        5930        5930           4             5930       23720  2036010240      336418          6052.03
 2/ 7/2018 16: 9:28        5920        5920        5900        5900           4          5906.67       23626  2036033866      336422          6052.02
 2/ 7/2018 16: 9:29        5890        5890        5890        5890           4             5890       23560  2036057426      336426          6052.02
 2/ 7/2018 16: 9:30        5900        5900        5900        5900           4             5900       23600  2036081026      336430          6052.02
 2/ 7/2018 16: 9:31        5910        5910        5910        5910           4             5910       23640  2036104666      336434          6052.02
 2/ 7/2018 16: 9:34        5890        5890        5890        5890         500             5890     2945000  2039049666      336934          6051.78
 2/ 7/2018 16:10:41        5880        5880        5880        5880        1000             5880     5880000  2044929666      337934          6051.27
 2/ 7/2018 16:10:55        5890        5890        5860        5860         371             5870     2177770  2047107436      338305          6051.07
 2/ 7/2018 16:11:22        5870        5870        5870        5870        1000             5870     5870000  2052977436      339305          6050.54
 2/ 7/2018 16:11:52        5890        5890        5890        5890           1             5890        5890  2052983326      339306          6050.54
 2/ 7/2018 16:12:39        5840        5840        5840        5840         358             5840     2090720  2055074046      339664          6050.31
 2/ 7/2018 16:14:25        6050        6050        6050        6050         500             6050     3025000  2058099046      340164          6050.31
 2/ 7/2018 16:18:51        5890        5890        5890        5890          50             5890      294500  2058393546      340214          6050.29
 2/ 7/2018 16:25:20        5950        5950        5950        5950        1000             5950     5950000  2064343546      341214             6050
 2/ 7/2018 16:25:54        5890        5890        5890        5890          20             5890      117800  2064461346      341234          6049.99
 2/ 7/2018 16:26:12        5860        5860        5860        5860         100             5860      586000  2065047346      341334          6049.93
 2/ 7/2018 16:26:55        6040        6040        6040        6040          17             6040      102680  2065150026      341351          6049.93
 2/ 7/2018 16:29:54        5890        5890        5890        5890         848             5890     4994720  2070144746      342199          6049.53
 2/ 7/2018 16:36: 4        5900        5900        5900        5900         791             5900     4666900  2074811646      342990          6049.19
 2/ 7/2018 16:36:12        5860        5860        5860        5860         354             5860     2074440  2076886086      343344          6048.99
 2/ 7/2018 16:39: 5        5900        5900        5900        5900         209             5900     1233100  2078119186      343553           6048.9
 2/ 7/2018 16:39:52        5900        5900        5900        5900          97             5900      572300  2078691486      343650          6048.86
 2/ 7/2018 16:40:22        5900        5900        5900        5900         200             5900     1180000  2079871486      343850          6048.78
 2/ 7/2018 16:40:40        5880        5880        5880        5880         274             5880     1611120  2081482606      344124          6048.64
 2/ 7/2018 16:40:43        5820        5820        5820        5820         354             5820     2060280  2083542886      344478          6048.41
 2/ 7/2018 16:40:47        5900        5900        5900        5900         750             5900     4425000  2087967886      345228          6048.08
 2/ 7/2018 16:40:51        5880        5880        5880        5880           6             5880       35280  2088003166      345234          6048.08
 2/ 7/2018 16:40:56        5890        5890        5890        5890         750             5890     4417500  2092420666      345984          6047.74
 2/ 7/2018 16:40:57        5900        5900        5900        5900           3             5900       17700  2092438366      345987          6047.74
 2/ 7/2018 16:40:58        5840        5840        5840        5840         371             5840     2166640  2094605006      346358          6047.51
 2/ 7/2018 16:41: 4        5890        5890        5890        5890        2376             5890    13994640  2108599646      348734          6046.44
 2/ 7/2018 16:42:27        5860        5860        5860        5860           8             5860       46880  2108646526      348742          6046.44
 2/ 7/2018 16:42:41        5840        5840        5840        5840         500             5840     2920000  2111566526      349242          6046.14
 2/ 7/2018 16:42:48        5810        5810        5810        5810         367             5810     2132270  2113698796      349609          6045.89
 2/ 7/2018 16:43:51        5860        5860        5860        5860         100             5860      586000  2114284796      349709          6045.84
 2/ 7/2018 16:44: 1        5880        5880        5880        5880         135             5880      793800  2115078596      349844          6045.78
 2/ 7/2018 16:44:28        5830        5830        5830        5830         383             5830     2232890  2117311486      350227          6045.54
 2/ 7/2018 16:44:54        5860        5870        5860        5870          20          5866.67      117333  2117428819      350247          6045.53
 2/ 7/2018 16:54:53        5880        5880        5880        5880          10             5880       58800  2117487619      350257          6045.53
 2/ 7/2018 16:54:59        5850        5850        5850        5850         366             5850     2141100  2119628719      350623          6045.32
 2/ 7/2018 16:55:33        5890        5890        5890        5890          13             5890       76570  2119705289      350636          6045.32
 2/ 7/2018 16:56:11        5840        5840        5840        5840         100             5840      584000  2120289289      350736          6045.26
 2/ 7/2018 16:57:30        5850        5850        5850        5850         100             5850      585000  2120874289      350836           6045.2
 2/ 7/2018 16:58:46        5910        5910        5910        5910         500             5910     2955000  2123829289      351336          6045.01
 2/ 7/2018 16:59: 0        5890        5890        5890        5890          16             5890       94240  2123923529      351352             6045
 2/ 7/2018 16:59: 3        5870        5870        5870        5870         100             5870      587000  2124510529      351452          6044.95
 2/ 7/2018 16:59:32        5900        5900        5900        5900         380             5900     2242000  2126752529      351832           6044.8
 2/ 7/2018 17: 4: 1        5890        5890        5890        5890         400             5890     2356000  2129108529      352232          6044.62
 2/ 7/2018 17: 4:15        5870        5870        5870        5870         372             5870     2183640  2131292169      352604          6044.44
 2/ 7/2018 17: 5:15        5890        5890        5890        5890          50             5890      294500  2131586669      352654          6044.41
 2/ 7/2018 17: 5:18        5900        5900        5900        5900         750             5900     4425000  2136011669      353404          6044.11
 2/ 7/2018 17: 7:46        6010        6010        6010        6010        2000             6010    12020000  2148031669      355404          6043.92
 2/ 7/2018 17:12:47        5890        5890        5890        5890         100             5890      589000  2148620669      355504          6043.87
 2/ 7/2018 17:16:24        5880        5880        5880        5880         990             5880     5821200  2154441869      356494          6043.42
 2/ 7/2018 17:21:22        5860        5860        5860        5860         250             5860     1465000  2155906869      356744          6043.29
 2/ 7/2018 17:21:27        5880        5880        5880        5880        1200             5880     7056000  2162962869      357944          6042.74
 2/ 7/2018 17:23:17        5870        5870        5870        5870         380             5870     2230600  2165193469      358324          6042.56
 2/ 7/2018 17:24: 5        5850        5850        5850        5850         500             5850     2925000  2168118469      358824          6042.29
 2/ 7/2018 17:24:40        5850        5850        5850        5850         500             5850     2925000  2171043469      359324          6042.02
 2/ 7/2018 17:25:15        5870        5870        5870        5870          10             5870       58700  2171102169      359334          6042.02
 2/ 7/2018 17:25:27        5860        5860        5860        5860         100             5860      586000  2171688169      359434          6041.97
 2/ 7/2018 17:26:36        5870        5870        5870        5870         455             5870     2670850  2174359019      359889          6041.75
 2/ 7/2018 17:27: 9        5870        5870        5870        5870         300             5870     1761000  2176120019      360189          6041.61
 2/ 7/2018 17:27:59        5710        5710        5710        5710         300             5710     1713000  2177833019      360489          6041.33
 2/ 7/2018 17:28:58        5870        5870        5870        5870          20             5870      117400  2177950419      360509          6041.32
 2/ 7/2018 17:30: 9        5880        5880        5880        5880        1000             5880     5880000  2183830419      361509          6040.87
 2/ 7/2018 17:30:24        5880        5880        5880        5880        1811             5880    10648680  2194479099      363320          6040.07
 2/ 7/2018 17:33: 4        5860        5860        5860        5860           1             5860        5860  2194484959      363321          6040.07
 2/ 7/2018 17:33: 6        5900        5900        5900        5900        4538             5900    26774200  2221259159      367859          6038.34
 2/ 7/2018 17:33:31        5820        5820        5820        5820          20             5820      116400  2221375559      367879          6038.33
 2/ 7/2018 17:33:41        5860        5860        5860        5860           5             5860       29300  2221404859      367884          6038.33
 2/ 7/2018 17:33:57        5860        5860        5860        5860          17             5860       99620  2221504479      367901          6038.32
 2/ 7/2018 17:35:48        5690        5690        5690        5690          95             5690      540550  2222045029      367996          6038.23
 2/ 7/2018 17:35:50        5850        5850        5850        5850       10857             5850    63513450  2285558479      378853          6032.84
 2/ 7/2018 17:35:55        5840        5840        5840        5840        2068             5840    12077120  2297635599      380921          6031.79
 2/ 7/2018 17:36: 5        5510        5510        5510        5510        3000             5510    16530000  2314165599      383921          6027.71
 2/ 7/2018 17:36: 9        5700        5700        5700        5700        2500             5700    14250000  2328415599      386421          6025.59
 2/ 7/2018 17:36:26        5710        5710        5710        5710         500             5710     2855000  2331270599      386921          6025.18
 2/ 7/2018 17:36:29        5830        5830        5830        5830           5             5830       29150  2331299749      386926          6025.18
 2/ 7/2018 17:36:55        5800        5800        5800        5800         500             5800     2900000  2334199749      387426          6024.89
 2/ 7/2018 17:37: 6        5800        5800        5800        5800         500             5800     2900000  2337099749      387926           6024.6
 2/ 7/2018 17:37:14        5830        5830        5830        5830           5             5830       29150  2337128899      387931           6024.6
 2/ 7/2018 17:37:21        5830        5830        5830        5830           4             5830       23320  2337152219      387935           6024.6
 2/ 7/2018 17:37:26        5840        5840        5840        5840           2             5840       11680  2337163899      387937           6024.6
 2/ 7/2018 17:37:28        5850        5850        5850        5850           2             5850       11700  2337175599      387939           6024.6
 2/ 7/2018 17:37:46        5830        5830        5830        5830         130             5830      757900  2337933499      388069          6024.53
 2/ 7/2018 17:37:50        5830        5830        5830        5830           6             5830       34980  2337968479      388075          6024.53
 2/ 7/2018 17:37:52        5990        5990        5990        5990         500             5990     2995000  2340963479      388575          6024.48
 2/ 7/2018 17:37:53        5970        5970        5970        5970         500             5970     2985000  2343948479      389075          6024.41
 2/ 7/2018 17:38:32        5830        5830        5830        5830         300             5830     1749000  2345697479      389375          6024.26
 2/ 7/2018 17:39:39        5820        5820        5820        5820        1000             5820     5820000  2351517479      390375          6023.74
 2/ 7/2018 17:40: 0        5830        5830        5830        5830         343             5830     1999690  2353517169      390718          6023.57
 2/ 7/2018 17:40:10        5840        5840        5840        5840         750             5840     4380000  2357897169      391468          6023.22
 2/ 7/2018 17:40:45        5840        5840        5840        5840        1570             5840     9168800  2367065969      393038          6022.49
 2/ 7/2018 17:41:29        5830        5830        5830        5830         250             5830     1457500  2368523469      393288          6022.36
 2/ 7/2018 17:41:57        5830        5830        5830        5830         100             5830      583000  2369106469      393388          6022.32
 2/ 7/2018 17:42:11        5830        5830        5830        5830         220             5830     1282600  2370389069      393608          6022.21
 2/ 7/2018 17:42:47        5830        5830        5830        5830         100             5830      583000  2370972069      393708          6022.16
 2/ 7/2018 17:42:56        5820        5820        5820        5820           5             5820       29100  2371001169      393713          6022.16
 2/ 7/2018 17:43: 9        5810        5810        5810        5810         200             5810     1162000  2372163169      393913          6022.05
 2/ 7/2018 17:43:36        5830        5840        5830        5840         390          5836.67     2276300  2374439469      394303          6021.87
 2/ 7/2018 17:43:41        5830        5830        5830        5830         100             5830      583000  2375022469      394403          6021.82
 2/ 7/2018 17:43:51        5840        5840        5840        5840         500             5840     2920000  2377942469      394903          6021.59
 2/ 7/2018 17:43:57        5830        5830        5830        5830         500             5830     2915000  2380857469      395403          6021.34
 2/ 7/2018 17:44: 3        5800        5830        5800        5830         220             5820     1280400  2382137869      395623          6021.23
 2/ 7/2018 17:44:42        6100        6100        6100        6100         500             6100     3050000  2385187869      396123          6021.33
 2/ 7/2018 17:45:21        5850        5850        5850        5850         750             5850     4387500  2389575369      396873          6021.01
 2/ 7/2018 17:45:32        5850        5850        5850        5850         521             5850     3047850  2392623219      397394          6020.78
 2/ 7/2018 17:45:41        5900        5900        5900        5900       10000             5900    59000000  2451623219      407394          6017.82
 2/ 7/2018 17:45:42        5900        5900        5900        5900        4538             5900    26774200  2478397419      411932          6016.52
 2/ 7/2018 17:45:45        5880        5880        5820        5820          40             5840      233600  2478631019      411972           6016.5
 2/ 7/2018 17:46:11        5830        5830        5830        5830          10             5830       58300  2478689319      411982           6016.5
 2/ 7/2018 17:46:29        5860        5860        5860        5860         100             5860      586000  2479275319      412082          6016.46
 2/ 7/2018 17:46:30        5850        5850        5850        5850          50             5850      292500  2479567819      412132          6016.44
 2/ 7/2018 17:46:33        5860        5860        5860        5860         521             5860     3053060  2482620879      412653          6016.24
 2/ 7/2018 17:47:31        5870        5870        5870        5870       10000             5870    58700000  2541320879      422653          6012.78
 2/ 7/2018 17:47:37        5880        5880        5880        5880        1800             5880    10584000  2551904879      424453          6012.22
 2/ 7/2018 17:47:42        5850        5850        5850        5850           6             5850       35100  2551939979      424459          6012.22
 2/ 7/2018 17:48:40        5840        5840        5840        5840         250             5840     1460000  2553399979      424709          6012.12
 2/ 7/2018 17:48:41        5840        5840        5840        5840         250             5840     1460000  2554859979      424959          6012.02
 2/ 7/2018 17:48:49        5840        5840        5840        5840          34             5840      198560  2555058539      424993             6012
 2/ 7/2018 17:48:57        5860        5860        5860        5860          34             5860      199240  2555257779      425027          6011.99
 2/ 7/2018 17:48:59        5860        5860        5860        5860          34             5860      199240  2555457019      425061          6011.98
 2/ 7/2018 17:49: 0        5860        5860        5860        5860          34             5860      199240  2555656259      425095          6011.96
 2/ 7/2018 17:49: 5        5870        5870        5870        5870          34             5870      199580  2555855839      425129          6011.95
 2/ 7/2018 17:49:17        5870        5870        5870        5870         170             5870      997900  2556853739      425299           6011.9
 2/ 7/2018 17:49:20        5910        5910        5910        5910          73             5910      431430  2557285169      425372          6011.88
 2/ 7/2018 17:49:21        5880        5880        5880        5880           2             5880       11760  2557296929      425374          6011.88
 2/ 7/2018 17:49:22        5880        5880        5880        5880           2             5880       11760  2557308689      425376          6011.88
 2/ 7/2018 17:49:28        5880        5880        5880        5880        1000             5880     5880000  2563188689      426376          6011.57
 2/ 7/2018 17:49:36        5910        5910        5910        5910        2230             5910    13179300  2576367989      428606          6011.04
 2/ 7/2018 17:50: 1        5880        5910        5880        5910          73             5900      430700  2576798689      428679          6011.02
 2/ 7/2018 17:50: 3        5880        5880        5880        5880           4             5880       23520  2576822209      428683          6011.02
 2/ 7/2018 17:50:24        5900        5900        5900        5900         750             5900     4425000  2581247209      429433          6010.83
 2/ 7/2018 17:50:33        5900        5900        5900        5900          73             5900      430700  2581677909      429506          6010.81
 2/ 7/2018 17:50:35        5890        5890        5890        5890         750             5890     4417500  2586095409      430256           6010.6
 2/ 7/2018 17:50:43        5820        5820        5820        5820          86             5820      500520  2586595929      430342          6010.56
 2/ 7/2018 17:51:28        5870        5870        5870        5870         750             5870     4402500  2590998429      431092          6010.31
 2/ 7/2018 17:51:33        5880        5880        5880        5880         100             5880      588000  2591586429      431192          6010.28
 2/ 7/2018 17:52: 6        5910        5910        5910        5910         100             5910      591000  2592177429      431292          6010.26
 2/ 7/2018 17:52:16        5850        5850        5850        5850         100             5850      585000  2592762429      431392          6010.22
 2/ 7/2018 17:52:20        5860        5860        5860        5860         100             5860      586000  2593348429      431492          6010.19
 2/ 7/2018 17:52:24        5870        5870        5870        5870         100             5870      587000  2593935429      431592          6010.16
 2/ 7/2018 17:52:28        5870        5870        5870        5870         100             5870      587000  2594522429      431692          6010.12
 2/ 7/2018 17:52:40        5890        5890        5890        5890          20             5890      117800  2594640229      431712          6010.12
 2/ 7/2018 17:52:45        5900        5900        5900        5900          20             5900      118000  2594758229      431732          6010.11
 2/ 7/2018 17:52:56        5940        5940        5940        5940         100             5940      594000  2595352229      431832           6010.1
 2/ 7/2018 17:53:31        5930        5930        5930        5930         100             5930      593000  2595945229      431932          6010.08
 2/ 7/2018 17:55:12        5830        5910        5830        5910         191          5883.33     1123716  2597068945      432123          6010.02
 2/ 7/2018 17:55:21        5880        5880        5880        5880          18             5880      105840  2597174785      432141          6010.02
 2/ 7/2018 17:55:23        5920        5920        5920        5920          73             5920      432160  2597606945      432214             6010
 2/ 7/2018 17:55:24        5910        5910        5910        5910         200             5910     1182000  2598788945      432414          6009.96
 2/ 7/2018 17:55:27        5990        5990        5990        5990          10             5990       59900  2598848845      432424          6009.96
 2/ 7/2018 17:55:28        5910        5910        5910        5910          73             5910      431430  2599280275      432497          6009.94
 2/ 7/2018 17:55:37        5900        5900        5900        5900          10             5900       59000  2599339275      432507          6009.94
 2/ 7/2018 17:55:47        5880        5880        5880        5880         100             5880      588000  2599927275      432607          6009.91
 2/ 7/2018 17:55:50        5890        5890        5890        5890         100             5890      589000  2600516275      432707          6009.88
 2/ 7/2018 17:55:56        5900        5900        5900        5900          40             5900      236000  2600752275      432747          6009.87
 2/ 7/2018 17:56: 1        5910        5910        5910        5910          73             5910      431430  2601183705      432820          6009.85
 2/ 7/2018 17:56: 7        5910        5910        5910        5910         461             5910     2724510  2603908215      433281          6009.74
 2/ 7/2018 17:56:19        5900        5900        5890        5890        2699          5893.33    15906106  2619814321      435980          6009.02
 2/ 7/2018 17:56:23        5890        5890        5890        5890          73             5890      429970  2620244291      436053             6009
 2/ 7/2018 17:56:33        5880        5880        5880        5880          10             5880       58800  2620303091      436063             6009
 2/ 7/2018 17:56:49        5880        5880        5880        5880         120             5880      705600  2621008691      436183          6008.97
 2/ 7/2018 17:57: 8        5900        5900        5900        5900         800             5900     4720000  2625728691      436983          6008.77
 2/ 7/2018 17:58: 9        6100        6100        6100        6100         500             6100     3050000  2628778691      437483          6008.87
 2/ 7/2018 17:58:10        5970        5970        5970        5970         200             5970     1194000  2629972691      437683          6008.85
 2/ 7/2018 17:58:11        5880        5880        5880        5880        4500             5880    26460000  2656432691      442183          6007.54
 2/ 7/2018 17:58:16        5900        5900        5900        5900          73             5900      430700  2656863391      442256          6007.52
 2/ 7/2018 17:58:48        5880        5880        5880        5880         189             5880     1111320  2657974711      442445          6007.47
 2/ 7/2018 17:58:51        5960        5960        5960        5960         550             5960     3278000  2661252711      442995          6007.41
 2/ 7/2018 17:58:52        5970        5970        5970        5970         550             5970     3283500  2664536211      443545          6007.36
 2/ 7/2018 17:59:15        5830        5830        5830        5830         361             5830     2104630  2666640841      443906          6007.22
 2/ 7/2018 17:59:37        5900        5900        5900        5900         325             5900     1917500  2668558341      444231          6007.14
 2/ 7/2018 17:59:39        5880        5880        5880        5880         340             5880     1999200  2670557541      444571          6007.04
 2/ 7/2018 17:59:42        5900        5900        5900        5900         325             5900     1917500  2672475041      444896          6006.97
 2/ 7/2018 18: 5: 5        7140        7140        4880        5880         112          5966.67      668266  2673143307      445008          6006.96
 2/ 7/2018 18: 8: 0        7140        7140        4880        5880         112          5966.67      668266  2673811573      445120          6006.95
