         Date              Open        High         Low       Close      Volume     Typical Price         V*P    Total VP     Total V        VWAP    Message Count
 9/ 7/2018 55: 2: 1        1050        1540        1050        1500         670           1363.33      913433      913433         670     1363.33          28
10/ 7/2018  0: 2: 0        1320        1320        1260        1270         900           1283.33     1155000     2068433        1570     1317.47           3
10/ 7/2018  0: 2: 1        1270        1440        1270        1440          40           1383.33       55333     2123766        1610     1319.11           2
10/ 7/2018  1: 2:21        1270        1270        1270        1270         455              1270      577850     2701616        2065     1308.29           1
10/ 7/2018  3: 2:55        1240        1240        1240        1240        3000              1240     3720000     6421616        5065     1267.84           1
10/ 7/2018  5: 2:38        1420        1420        1420        1420       11421              1420    16217820    22639436       16486     1373.25           1
10/ 7/2018  6: 2:58        1250        1250        1250        1250        2000              1250     2500000    25139436       18486     1359.92           1
10/ 7/2018  6: 2:59        1290        1290        1290        1290         996              1290     1284840    26424276       19482     1356.34           1
10/ 7/2018  7: 2:22        1310        1310        1310        1310           5              1310        6550    26430826       19487     1356.33           1
10/ 7/2018  8: 2: 1        1280        1280        1280        1280         520              1280      665600    27096426       20007     1354.35           1
10/ 7/2018  8: 2:49        1400        1400        1400        1400       22000              1400    30800000    57896426       42007     1378.26           1
10/ 7/2018  9: 2: 5        1260        1260        1260        1260         500              1260      630000    58526426       42507     1376.87           1
10/ 7/2018  9: 2:15        1240        1240        1240        1240         500              1240      620000    59146426       43007     1375.27           1
10/ 7/2018 23: 2:33        1470        1470        1470        1470       14000              1470    20580000    79726426       57007     1398.54           1
10/ 7/2018 23: 2:39        1270        1270        1270        1270         600              1270      762000    80488426       57607      1397.2           1
10/ 7/2018 25: 2: 7        1320        1320        1320        1320          20              1320       26400    80514826       57627     1397.17           1
10/ 7/2018 25: 2:17        1300        1300        1300        1300        1000              1300     1300000    81814826       58627     1395.51           1
10/ 7/2018 25: 2:34        1340        1340        1340        1340          30              1340       40200    81855026       58657     1395.49           1
10/ 7/2018 25: 2:40        1250        1250        1250        1250        5000              1250     6250000    88105026       63657     1384.06           1
10/ 7/2018 25: 2:44        1420        1420        1420        1420          50              1420       71000    88176026       63707     1384.09           1
10/ 7/2018 26: 2:38        1340        1340        1340        1340         500              1340      670000    88846026       64207     1383.74           1
10/ 7/2018 28: 2:11        1310        1310        1310        1310        3100              1310     4061000    92907026       67307     1380.35           1
10/ 7/2018 29: 2:47        1300        1300        1300        1300        2100              1300     2730000    95637026       69407     1377.92           1
10/ 7/2018 33: 2: 6        1280        1280        1280        1280        1500              1280     1920000    97557026       70907     1375.84           1
10/ 7/2018 33: 2:16        1260        1260        1260        1260        1500              1260     1890000    99447026       72407     1373.44           1
10/ 7/2018 33: 2:24        1240        1240        1240        1240        1500              1240     1860000   101307026       73907     1370.74           1
10/ 7/2018 36: 2:52        1260        1260        1260        1260          30              1260       37800   101344826       73937     1370.69           1
10/ 7/2018 39: 2: 7        1540        1540        1540        1540        4061              1540     6253940   107598766       77998     1379.51           1
10/ 7/2018 39: 2: 9        1290        1290        1290        1290        5000              1290     6450000   114048766       82998     1374.11           1
10/ 7/2018 45: 2:55        1390        1390        1390        1390       11421              1390    15875190   129923956       94419     1376.04           1
10/ 7/2018 50: 2:49        1280        1280        1280        1280          50              1280       64000   129987956       94469     1375.99           1
10/ 7/2018 54: 2:57        1350        1350        1350        1350          30              1350       40500   130028456       94499     1375.98           1
10/ 7/2018 55: 2: 8        1340        1340        1340        1340          20              1340       26800   130055256       94519     1375.97           1
10/ 7/2018 55: 2:43        1340        1340        1340        1340          20              1340       26800   130082056       94539     1375.96           1
10/ 7/2018 55: 2:49        1300        1300        1300        1300         900              1300     1170000   131252056       95439     1375.25           2
10/ 7/2018 55: 2:52        1520        1520        1520        1520          50              1520       76000   131328056       95489     1375.32           1
10/ 7/2018 55: 2:56        1340        1340        1340        1340          50              1340       67000   131395056       95539      1375.3           1
10/ 7/2018 56: 2: 8        1300        1300        1300        1300         400              1300      520000   131915056       95939     1374.99           1
10/ 7/2018 57: 2:23        1300        1300        1300        1300         900              1300     1170000   133085056       96839     1374.29           1
10/ 7/2018 58: 2:17        1300        1300        1300        1300        1000              1300     1300000   134385056       97839     1373.53           1
10/ 7/2018 59: 2: 1        1310        1310        1310        1310        1000              1310     1310000   135695056       98839     1372.89           1
10/ 7/2018 59: 2:56        1320        1320        1320        1320        1000              1320     1320000   137015056       99839     1372.36           1
11/ 7/2018  0: 2: 8        1340        1340        1340        1340           5              1340        6700   137021756       99844     1372.36           1
11/ 7/2018  0: 2:22        1360        1360        1360        1360         300              1360      408000   137429756      100144     1372.32           1
11/ 7/2018  0: 2:26        1270        1270        1270        1270          40              1270       50800   137480556      100184     1372.28           1
11/ 7/2018  0: 2:41        1350        1350        1350        1350          20              1350       27000   137507556      100204     1372.28           1
11/ 7/2018  1: 2: 4        1360        1360        1360        1360          20              1360       27200   137534756      100224     1372.27           1
11/ 7/2018  1: 2: 5        1350        1350        1350        1350          50              1350       67500   137602256      100274     1372.26           1
11/ 7/2018  1: 2:10        1330        1330        1330        1330        1000              1330     1330000   138932256      101274     1371.85           1
11/ 7/2018  1: 2:24        1370        1370        1370        1370          20              1370       27400   138959656      101294     1371.84           1
11/ 7/2018  1: 2:44        1380        1380        1380        1380          20              1380       27600   138987256      101314     1371.85           1
11/ 7/2018  2: 2:12        1390        1390        1390        1390          20              1390       27800   139015056      101334     1371.85           1
11/ 7/2018  2: 2:26        1420        1420        1420        1420        3235              1420     4593700   143608756      104569     1373.34           1
11/ 7/2018  2: 2:35        1350        1350        1350        1350         250              1350      337500   143946256      104819     1373.28           1
11/ 7/2018  2: 2:37        1400        1400        1400        1400          20              1400       28000   143974256      104839     1373.29           1
11/ 7/2018  2: 2:59        1410        1410        1410        1410          20              1410       28200   144002456      104859      1373.3           1
11/ 7/2018  3: 2:20        1420        1420        1420        1420          20              1420       28400   144030856      104879     1373.31           1
11/ 7/2018  3: 2:43        1430        1430        1430        1430          20              1430       28600   144059456      104899     1373.32           1
11/ 7/2018  3: 2:49        1340        1340        1340        1340           1              1340        1340   144060796      104900     1373.32           1
11/ 7/2018  4: 2:34        1470        1470        1470        1470        4000              1470     5880000   149940796      108900     1376.87           1
11/ 7/2018  5: 2:10        1280        1280        1280        1280         800              1280     1024000   150964796      109700     1376.16           1
11/ 7/2018  5: 2:30        1340        1340        1340        1340        1000              1340     1340000   152304796      110700     1375.83           1
11/ 7/2018  5: 2:37        1450        1450        1450        1450        5000              1450     7250000   159554796      115700     1379.04           1
11/ 7/2018  5: 2:42        1340        1340        1340        1340         100              1340      134000   159688796      115800     1379.01           1
11/ 7/2018  5: 2:43        1350        1350        1350        1350        1000              1350     1350000   161038796      116800     1378.76           1
11/ 7/2018  7: 2:31        1290        1290        1290        1290          30              1290       38700   161077496      116830     1378.73           1
11/ 7/2018  9: 2:10        1330        1330        1330        1330          99              1330      131670   161209166      116929     1378.69           1
11/ 7/2018  9: 2:23        1310        1310        1310        1310          40              1310       52400   161261566      116969     1378.67           1
11/ 7/2018 10: 2:24        1300        1300        1300        1300         300              1300      390000   161651566      117269     1378.47           1
11/ 7/2018 10: 2:34        1310        1310        1310        1310         300              1310      393000   162044566      117569     1378.29           1
11/ 7/2018 13: 2:28        1320        1320        1320        1320         300              1320      396000   162440566      117869     1378.14           1
11/ 7/2018 13: 2:45        1330        1330        1330        1330        1100              1330     1463000   163903566      118969      1377.7           1
11/ 7/2018 15: 2:13        1490        1490        1490        1490          40              1490       59600   163963166      119009     1377.74           1
11/ 7/2018 15: 2:32        1530        1530        1530        1530          50              1530       76500   164039666      119059      1377.8           1
11/ 7/2018 18: 2:10        1320        1320        1320        1320        1100              1320     1452000   165491666      120159     1377.27           1
11/ 7/2018 19: 2:51        1320        1320        1320        1320       14763              1320    19487160   184978826      134922     1371.01           1
11/ 7/2018 21: 2:36        1330        1330        1330        1330        1000              1330     1330000   186308826      135922      1370.7           1
11/ 7/2018 22: 2:58        1380        1380        1380        1380        5000              1380     6900000   193208826      140922     1371.03           1
11/ 7/2018 23: 2:47        1340        1340        1340        1340         900              1340     1206000   194414826      141822     1370.84           1
11/ 7/2018 24: 2:27        1330        1330        1330        1330          11              1330       14630   194429456      141833     1370.83           1
11/ 7/2018 26: 2:37        1330        1330        1330        1330         900              1330     1197000   195626456      142733     1370.58           1
11/ 7/2018 31: 2:50        1420        1420        1420        1420         116              1420      164720   195791176      142849     1370.62           1
11/ 7/2018 34: 2:31        1450        1450        1450        1450        2193              1450     3179850   198971026      145042     1371.82           1
11/ 7/2018 44: 2:23        1300        1300        1300        1300         600              1300      780000   199751026      145642     1371.52           1
12/ 7/2018 19: 2:59        1440        1440        1440        1440          30              1440       43200   199794226      145672     1371.53           1
12/ 7/2018 25: 2:54        1360        1360        1360        1360          20              1360       27200   199821426      145692     1371.53           1
12/ 7/2018 30: 2:20        1330        1330        1330        1330        2000              1330     2660000   202481426      147692     1370.97           1
12/ 7/2018 45: 2: 2        1300        1300        1300        1300       17000              1300    22100000   224581426      164692     1363.65           1
12/ 7/2018 49: 2:16        1270        1270        1270        1270         200              1270      254000   224835426      164892     1363.53           1
13/ 7/2018 55: 2:19        1050        1540        1050        1270         200           1286.67      257333   225092759      165092     1363.44          83
14/ 7/2018  0: 2: 0        1430        1430        1430        1430          20              1430       28600   225121359      165112     1363.45           1
14/ 7/2018  9: 2:28        1340        1340        1340        1340         700              1340      938000   226059359      165812     1363.35           1
14/ 7/2018  9: 2:43        1340        1340        1340        1340          70              1340       93800   226153159      165882     1363.34           1
14/ 7/2018  9: 2:54        1340        1340        1340        1340           9              1340       12060   226165219      165891     1363.34           1
14/ 7/2018 13: 2:33        1400        1400        1400        1400         200              1400      280000   226445219      166091     1363.38           1
14/ 7/2018 20: 2:10        1350        1350        1350        1350           5              1350        6750   226451969      166096     1363.38           1
14/ 7/2018 41: 2:51        1280        1280        1280        1280        3000              1280     3840000   230291969      169096      1361.9           1
14/ 7/2018 44: 2:27        1330        1330        1330        1330         103              1330      136990   230428959      169199     1361.88           1
14/ 7/2018 47: 2:11        1350        1350        1350        1350          25              1350       33750   230462709      169224     1361.88           1
14/ 7/2018 47: 2:24        1360        1360        1360        1360          25              1360       34000   230496709      169249     1361.88           1
14/ 7/2018 47: 2:35        1370        1370        1370        1370          25              1370       34250   230530959      169274     1361.88           1
14/ 7/2018 47: 2:47        1380        1380        1380        1380          50              1380       69000   230599959      169324     1361.89           1
14/ 7/2018 48: 2:18        1260        1260        1260        1260          30              1260       37800   230637759      169354     1361.87           1
14/ 7/2018 48: 2:22        1340        1340        1340        1340        1000              1340     1340000   231977759      170354     1361.74           1
14/ 7/2018 52: 2:33        1330        1330        1330        1330        1450              1330     1928500   233906259      171804     1361.47           1
14/ 7/2018 55: 2: 0        1400        1430        1390        1430        2000           1416.67     2833333   236739592      173804     1362.11           5
14/ 7/2018 59: 2:52        1200        1200        1200        1200        1000              1200     1200000   237939592      174804     1361.18           1
15/ 7/2018  0: 2: 3        1050        1050        1050        1050        2000              1050     2100000   240039592      176804     1357.66           1
15/ 7/2018  1: 2:58        1290        1290        1290        1290        1000              1290     1290000   241329592      177804     1357.28           1
15/ 7/2018  5: 2:23        1340        1340        1340        1340        2000              1340     2680000   244009592      179804     1357.09           1
15/ 7/2018  9: 2: 7        1330        1330        1330        1330          11              1330       14630   244024222      179815     1357.08           1
15/ 7/2018 11: 2:34        1340        1340        1340        1340          25              1340       33500   244057722      179840     1357.08           1
15/ 7/2018 15: 2:53        1420        1420        1420        1420         100              1420      142000   244199722      179940     1357.12           1
15/ 7/2018 16: 2:35        1330        1330        1330        1330          14              1330       18620   244218342      179954     1357.12           1
15/ 7/2018 21: 2:36        1330        1330        1330        1330         100              1330      133000   244351342      180054      1357.1           1
15/ 7/2018 23: 2:37        1330        1330        1330        1330         600              1330      798000   245149342      180654     1357.01           1
15/ 7/2018 26: 2:40        1330        1330        1330        1330         286              1330      380380   245529722      180940     1356.97           1
15/ 7/2018 28: 2:16        1330        1330        1330        1330         744              1330      989520   246519242      181684     1356.86           1
15/ 7/2018 39: 2:53        1330        1330        1330        1330           1              1330        1330   246520572      181685     1356.86           1
15/ 7/2018 57: 2:20        1400        1400        1400        1400         264              1400      369600   246890172      181949     1356.92           1
15/ 7/2018 59: 2:43        1330        1330        1330        1330        2499              1330     3323670   250213842      184448     1356.55           1
16/ 7/2018 40: 2:51        1330        1330        1330        1330         600              1330      798000   251011842      185048     1356.47           1
16/ 7/2018 48: 2:42        1310        1310        1310        1310        1000              1310     1310000   252321842      186048     1356.22           1
16/ 7/2018 48: 2:55        1320        1320        1320        1320        1000              1320     1320000   253641842      187048     1356.03           1
16/ 7/2018 59: 2: 0        1320        1320        1320        1320        1000              1320     1320000   254961842      188048     1355.83           1
17/ 7/2018  3: 2:53        1300        1300        1300        1300        1300              1300     1690000   256651842      189348     1355.45           1
17/ 7/2018 20: 2:45        1330        1330        1330        1330        2000              1330     2660000   259311842      191348     1355.18           1
17/ 7/2018 23: 2:47        1310        1310        1310        1310        1000              1310     1310000   260621842      192348     1354.95           1
17/ 7/2018 35: 2:26        1320        1320        1320        1320         300              1320      396000   261017842      192648      1354.9           1
17/ 7/2018 36: 2:43        1320        1320        1320        1320        1080              1320     1425600   262443442      193728      1354.7           1
17/ 7/2018 40: 2:43        1320        1320        1320        1320         150              1320      198000   262641442      193878     1354.67           1
18/ 7/2018  5: 2: 5        1050        1540        1050        1320         150           1303.33      195500   262836942      194028     1354.63         101
18/ 7/2018  8: 2: 0        1050        1540        1050        1320         150           1303.33      195500   263032442      194178     1354.59         101
