         Date              Open        High         Low       Close      Volume    Typical Price         V*P    Total VP     Total V            VWAP
 2/ 7/2018  9:55: 1       11420       11800       11420       10490          25          11236.7      280916      280916          25          11236.6
 2/ 7/2018 10: 0: 6       10100       10100       10100       10100         226            10100     2282600     2563516         251          10213.2
 2/ 7/2018 10: 1:17        9960        9960        9960        9960         365             9960     3635400     6198916         616          10063.2
 2/ 7/2018 10: 1:23        9520        9520        9520        9520         157             9520     1494640     7693556         773          9952.85
 2/ 7/2018 10: 1:41       11700       11700       11700       11700         937            11700    10962900    18656456        1710          10910.2
 2/ 7/2018 10: 1:44        9950        9950        9950        9950           5             9950       49750    18706206        1715          10907.4
 2/ 7/2018 10: 2: 3        9940        9940        9940        9940         371             9940     3687740    22393946        2086          10735.4
 2/ 7/2018 10: 2:25        9930        9930        9930        9930         365             9930     3624450    26018396        2451          10615.4
 2/ 7/2018 10: 2:45        9830        9830        9830        9830           5             9830       49150    26067546        2456          10613.8
 2/ 7/2018 10: 2:58        9930        9930        9930        9930         125             9930     1241250    27308796        2581          10580.7
 2/ 7/2018 10: 3:21        9930        9930        9930        9930          78             9930      774540    28083336        2659          10561.6
 2/ 7/2018 10: 4:37        9930        9930        9930        9930           8             9930       79440    28162776        2667          10559.7
 2/ 7/2018 10: 5:41        9980        9980        9980        9980         371             9980     3702580    31865356        3038          10488.9
 2/ 7/2018 10: 5:47       10100       10100       10100       10100         100            10100     1010000    32875356        3138          10476.5
 2/ 7/2018 10: 7:45        9930        9930        9930        9930           7             9930       69510    32944866        3145          10475.3
 2/ 7/2018 10: 7:51        9800        9800        9800        9800        1000             9800     9800000    42744866        4145          10312.4
 2/ 7/2018 10: 7:55        9920        9920        9920        9920         863             9920     8560960    51305826        5008          10244.8
 2/ 7/2018 10: 8:22        9920        9920        9920        9920           8             9920       79360    51385186        5016          10244.3
 2/ 7/2018 10: 9: 7        9930        9930        9930        9930          90             9930      893700    52278886        5106          10238.7
 2/ 7/2018 10: 9:15        9920        9920        9920        9920          90             9920      892800    53171686        5196          10233.2
 2/ 7/2018 10: 9:34        9980        9980        9980        9980           1             9980        9980    53181666        5197          10233.1
 2/ 7/2018 10:10:38        9850        9850        9850        9850         300             9850     2955000    56136666        5497          10212.2
 2/ 7/2018 10:10:50        9780        9780        9780        9780           5             9780       48900    56185566        5502          10211.8
 2/ 7/2018 10:12: 0        9870        9870        9870        9870         200             9870     1974000    58159566        5702          10199.9
 2/ 7/2018 10:12: 7       10000       10000       10000       10000         500            10000     5000000    63159566        6202          10183.7
 2/ 7/2018 10:12:22       10040       10040       10040       10040         500            10040     5020000    68179566        6702            10173
 2/ 7/2018 10:13:24        9920        9920        9920        9920         100             9920      992000    69171566        6802          10169.3
 2/ 7/2018 10:13:27        9910        9910        9910        9910         863             9910     8552330    77723896        7665          10140.1
 2/ 7/2018 10:14: 3        9870        9870        9870        9870         100             9870      987000    78710896        7765          10136.6
 2/ 7/2018 10:14: 4        9910        9910        9910        9910           5             9910       49550    78760446        7770          10136.5
 2/ 7/2018 10:14: 5       10030       10030       10030       10030          53            10030      531590    79292036        7823          10135.8
 2/ 7/2018 10:14:13        9970        9970        9970        9970         100             9970      997000    80289036        7923          10133.7
 2/ 7/2018 10:14:17       10400       10400       10400       10400         250            10400     2600000    82889036        8173          10141.8
 2/ 7/2018 10:14:32       10500       10500       10500       10500         250            10500     2625000    85514036        8423          10152.4
 2/ 7/2018 10:14:36        9850        9850        9850        9850        1000             9850     9850000    95364036        9423          10120.3
 2/ 7/2018 10:14:51        9870        9870        9870        9870         200             9870     1974000    97338036        9623          10115.1
 2/ 7/2018 10:14:55       10340       10340       10340       10340         250            10340     2585000    99923036        9873          10120.8
 2/ 7/2018 10:15: 1        9880        9880        9880        9880        1000             9880     9880000   109803036       10873          10098.7
 2/ 7/2018 10:15: 9       10320       10320       10320       10320         250            10320     2580000   112383036       11123          10103.7
 2/ 7/2018 10:15:28        9910        9910        9910        9910         995             9910     9860450   122243486       12118          10087.8
 2/ 7/2018 10:15:41        9910        9910        9910        9910         308             9910     3052280   125295766       12426          10083.4
 2/ 7/2018 10:15:44        9900        9900        9900        9900         861             9900     8523900   133819666       13287          10071.5
 2/ 7/2018 10:16: 4        9970        9970        9970        9970        1000             9970     9970000   143789666       14287          10064.4
 2/ 7/2018 10:16: 6        9410        9410        9410        9410         500             9410     4705000   148494666       14787          10042.2
 2/ 7/2018 10:16:19        9870        9870        9870        9870         250             9870     2467500   150962166       15037          10039.4
 2/ 7/2018 10:16:48        9930        9930        9930        9930          10             9930       99300   151061466       15047          10039.3
 2/ 7/2018 10:17:15        9930        9930        9930        9930          10             9930       99300   151160766       15057          10039.2
 2/ 7/2018 10:17:27       10900       10900       10900       10900         300            10900     3270000   154430766       15357          10056.1
 2/ 7/2018 10:17:53        9950        9950        9950        9950         250             9950     2487500   156918266       15607          10054.4
 2/ 7/2018 10:17:56        9940        9940        9940        9940         250             9940     2485000   159403266       15857          10052.5
 2/ 7/2018 10:17:57        9910        9910        9910        9910         100             9910      991000   160394266       15957          10051.7
 2/ 7/2018 10:17:59        9930        9930        9930        9930         250             9930     2482500   162876766       16207          10049.8
 2/ 7/2018 10:18: 4        9930        9930        9930        9930         730             9930     7248900   170125666       16937          10044.6
 2/ 7/2018 10:18:10        9960        9960        9960        9960         250             9960     2490000   172615666       17187          10043.4
 2/ 7/2018 10:18:30        9920        9920        9920        9920           8             9920       79360   172695026       17195          10043.3
 2/ 7/2018 10:19:14        9950        9950        9950        9950        1000             9950     9950000   182645026       18195          10038.2
 2/ 7/2018 10:19:37       10280       10280       10280       10280         200            10280     2056000   184701026       18395          10040.8
 2/ 7/2018 10:20:10        9830        9830        9830        9830          66             9830      648780   185349806       18461          10040.1
 2/ 7/2018 10:20:14        9870        9870        9870        9870         351             9870     3464370   188814176       18812          10036.9
 2/ 7/2018 10:20:43        9870        9870        9870        9870           5             9870       49350   188863526       18817          10036.9
 2/ 7/2018 10:21: 1        9810        9810        9810        9810           5             9810       49050   188912576       18822          10036.8
 2/ 7/2018 10:21: 9        9820        9820        9820        9820           6             9820       58920   188971496       18828          10036.7
 2/ 7/2018 10:21:18        9770        9770        9770        9770           6             9770       58620   189030116       18834          10036.6
 2/ 7/2018 10:22: 5        9930        9930        9930        9930          20             9930      198600   189228716       18854          10036.5
 2/ 7/2018 10:22:41       10000       10000       10000       10000          20            10000      200000   189428716       18874          10036.5
 2/ 7/2018 10:23:48       10100       10100       10100       10100          20            10100      202000   189630716       18894          10036.6
 2/ 7/2018 10:25: 0       10220       10220       10220       10220          53            10220      541660   190172376       18947          10037.1
 2/ 7/2018 10:25: 3        9870        9870        9870        9870          45             9870      444150   190616526       18992          10036.7
 2/ 7/2018 10:26:14        9870        9870        9870        9870          10             9870       98700   190715226       19002          10036.6
 2/ 7/2018 10:27:42       11700       11700       11700       11700        1171            11700    13700700   204415926       20173          10133.1
 2/ 7/2018 10:30: 3       11000       11000       11000       11000          66            11000      726000   205141926       20239            10136
 2/ 7/2018 10:33:22        9980        9980        9980        9980         100             9980      998000   206139926       20339          10135.2
 2/ 7/2018 10:33:46       10700       10700       10700       10700         873            10700     9341100   215481026       21212          10158.4
 2/ 7/2018 10:38:50        9910        9910        9910        9910           5             9910       49550   215530576       21217          10158.4
 2/ 7/2018 10:39: 0        9910        9910        9910        9910          53             9910      525230   216055806       21270          10157.8
 2/ 7/2018 10:39: 6        9890        9890        9890        9890         100             9890      989000   217044806       21370          10156.5
 2/ 7/2018 10:39:13        9990        9990        9990        9990         100             9990      999000   218043806       21470          10155.7
 2/ 7/2018 10:39:22        9920        9920        9920        9920         306             9920     3035520   221079326       21776          10152.4
 2/ 7/2018 10:39:31        9980        9980        9980        9980           1             9980        9980   221089306       21777          10152.4
 2/ 7/2018 10:39:57       10980       10980       10980       10980         450            10980     4941000   226030306       22227          10169.2
 2/ 7/2018 10:41:11        9890        9890        9890        9890         100             9890      989000   227019306       22327          10167.9
 2/ 7/2018 10:41:51        9840        9840        9840        9840          77             9840      757680   227776986       22404          10166.8
 2/ 7/2018 10:42:43        9920        9920        9920        9920         150             9920     1488000   229264986       22554          10165.2
 2/ 7/2018 10:42:56        9900        9900        9900        9900         100             9900      990000   230254986       22654            10164
 2/ 7/2018 10:43: 0        9910        9910        9910        9910         100             9910      991000   231245986       22754          10162.9
 2/ 7/2018 10:44:33        9910        9910        9910        9910         100             9910      991000   232236986       22854          10161.8
 2/ 7/2018 10:44:55       10300       10300       10300       10300         100            10300     1030000   233266986       22954          10162.4
 2/ 7/2018 10:47: 1        9910        9910        9910        9910         430             9910     4261300   237528286       23384          10157.7
 2/ 7/2018 10:47:11        9900        9900        9900        9900         400             9900     3960000   241488286       23784          10153.4
 2/ 7/2018 10:47:46        9920        9920        9920        9920         450             9920     4464000   245952286       24234          10149.1
 2/ 7/2018 10:47:54        9910        9910        9910        9910         500             9910     4955000   250907286       24734          10144.2
 2/ 7/2018 10:48: 7        9920        9920        9920        9920         250             9920     2480000   253387286       24984            10142
 2/ 7/2018 10:48:18        9900        9900        9900        9900           7             9900       69300   253456586       24991          10141.9
 2/ 7/2018 10:48:24        9680        9680        9680        9680         102             9680      987360   254443946       25093            10140
 2/ 7/2018 10:48:27        9910        9910        9910        9910          23             9910      227930   254671876       25116          10139.8
 2/ 7/2018 10:48:30        9910        9910        9910        9910         477             9910     4727070   259398946       25593          10135.5
 2/ 7/2018 10:48:33        9900        9900        9900        9900         500             9900     4950000   264348946       26093            10131
 2/ 7/2018 10:48:36        9910        9910        9910        9910          15             9910      148650   264497596       26108          10130.9
 2/ 7/2018 10:48:43        9890        9890        9890        9890          97             9890      959330   265456926       26205            10130
 2/ 7/2018 10:48:44        9920        9920        9920        9920         250             9920     2480000   267936926       26455            10128
 2/ 7/2018 10:48:45        9890        9890        9890        9890         100             9890      989000   268925926       26555          10127.1
 2/ 7/2018 10:49: 8        9870        9870        9870        9870         306             9870     3020220   271946146       26861          10124.2
 2/ 7/2018 10:49:15        9870        9870        9870        9870           1             9870        9870   271956016       26862          10124.2
 2/ 7/2018 10:51:39        9920        9920        9920        9920        1000             9920     9920000   281876016       27862          10116.9
 2/ 7/2018 10:51:43        9890        9890        9890        9890        1092             9890    10799880   292675896       28954          10108.3
 2/ 7/2018 10:52: 2        9880        9880        9880        9880         200             9880     1976000   294651896       29154          10106.7
 2/ 7/2018 10:54: 8        9880        9880        9880        9880        1000             9880     9880000   304531896       30154          10099.2
 2/ 7/2018 10:54:37        9870        9870        9870        9870         156             9870     1539720   306071616       30310            10098
 2/ 7/2018 10:54:47        9870        9870        9870        9870         100             9870      987000   307058616       30410          10097.3
 2/ 7/2018 10:54:51        9860        9860        9860        9860         100             9860      986000   308044616       30510          10096.5
 2/ 7/2018 10:54:57        9850        9850        9850        9850          90             9850      886500   308931116       30600          10095.8
 2/ 7/2018 10:56: 3        9840        9840        9840        9840           7             9840       68880   308999996       30607          10095.7
 2/ 7/2018 10:56:22        9840        9840        9840        9840          10             9840       98400   309098396       30617          10095.6
 2/ 7/2018 10:56:32        9840        9840        9840        9840           1             9840        9840   309108236       30618          10095.6
 2/ 7/2018 10:57:20        9900        9900        9900        9900        1000             9900     9900000   319008236       31618          10089.5
 2/ 7/2018 10:57:53        9960        9960        9960        9960           1             9960        9960   319018196       31619          10089.4
 2/ 7/2018 10:58:10       10190       10190       10190       10190           1            10190       10190   319028386       31620          10089.4
 2/ 7/2018 10:58:17        9650        9650        9650        9650        1000             9650     9650000   328678386       32620            10076
 2/ 7/2018 10:58:24       10390       10390        9380        9380        1000          9716.67     9716666   338395052       33620          10065.3
 2/ 7/2018 10:58:28        9260        9260        9260        9260        1000             9260     9260000   347655052       34620            10042
 2/ 7/2018 10:58:34        9170        9170        9170        9170        1000             9170     9170000   356825052       35620          10017.5
 2/ 7/2018 10:58:35        9810        9810        9810        9810           3             9810       29430   356854482       35623          10017.5
 2/ 7/2018 10:58:37        8840        8840        8840        8840        1000             8840     8840000   365694482       36623          9985.38
 2/ 7/2018 10:58:40       10580       10580        9790        9790           3          10053.3       30160   365724642       36626          9985.38
 2/ 7/2018 10:58:41        8720        8720        8720        8720        1000             8720     8720000   374444642       37626          9951.75
 2/ 7/2018 10:58:44        8630        8630        8630        8630        1000             8630     8630000   383074642       38626          9917.53
 2/ 7/2018 10:58:47        8540        9730        8540        9730           5          9333.33       46666   383121308       38631          9917.46
 2/ 7/2018 10:58:54        9840        9840        9840        9840          39             9840      383760   383505068       38670          9917.38
 2/ 7/2018 10:58:56       10920       10920       10920       10920           1            10920       10920   383515988       38671          9917.41
 2/ 7/2018 11: 1:21        9850        9850        9850        9850          59             9850      581150   384097138       38730           9917.3
 2/ 7/2018 11: 1:37        9850        9850        9850        9850         300             9850     2955000   387052138       39030          9916.79
 2/ 7/2018 11:11:22       10200       10200       10200       10200         100            10200     1020000   388072138       39130          9917.51
 2/ 7/2018 11:11:24        9840        9840        9840        9840         968             9840     9525120   397597258       40098          9915.64
 2/ 7/2018 11:13:49        9890        9890        9890        9890           5             9890       49450   397646708       40103          9915.63
 2/ 7/2018 11:17:50        9810        9810        9810        9810         200             9810     1962000   399608708       40303          9915.11
 2/ 7/2018 11:18:33        9820        9820        9820        9820         250             9820     2455000   402063708       40553          9914.52
 2/ 7/2018 11:18:49        9820        9820        9820        9820         300             9820     2946000   405009708       40853          9913.83
 2/ 7/2018 11:19:59        9860        9860        9860        9860          10             9860       98600   405108308       40863          9913.82
 2/ 7/2018 11:20: 7        9870        9870        9870        9870          10             9870       98700   405207008       40873          9913.81
 2/ 7/2018 11:20:14        9880        9880        9880        9880          10             9880       98800   405305808       40883           9913.8
 2/ 7/2018 11:27:29        9860        9860        9860        9860         200             9860     1972000   407277808       41083          9913.54
 2/ 7/2018 11:27:30       10000       10000       10000       10000         209            10000     2090000   409367808       41292          9913.97
 2/ 7/2018 11:28:45        9860        9860        9860        9860          10             9860       98600   409466408       41302          9913.96
 2/ 7/2018 11:29:53       11800       11800       11800       11800        2000            11800    23600000   433066408       43302          10001.1
 2/ 7/2018 11:32: 8       10500       10500       10500       10500         700            10500     7350000   440416408       44002            10009
 2/ 7/2018 11:32:21       10500       10500       10500       10500         130            10500     1365000   441781408       44132          10010.5
 2/ 7/2018 11:34:45        9860        9860        9860        9860         140             9860     1380400   443161808       44272            10010
 2/ 7/2018 11:36:11       10350       10350       10350       10350         250            10350     2587500   445749308       44522          10011.9
 2/ 7/2018 11:37:56        9860        9860        9860        9860         108             9860     1064880   446814188       44630          10011.5
 2/ 7/2018 11:38:32        9860        9860        9860        9860         150             9860     1479000   448293188       44780            10011
 2/ 7/2018 11:40:37        9880        9880        9880        9880           5             9880       49400   448342588       44785            10011
 2/ 7/2018 11:41:48        9880        9880        9880        9880         463             9880     4574440   452917028       45248          10009.7
 2/ 7/2018 11:44:35        9820        9820        9820        9820        1500             9820    14730000   467647028       46748          10003.6
 2/ 7/2018 11:50:42        9880        9880        9880        9880          32             9880      316160   467963188       46780          10003.5
 2/ 7/2018 11:51:29        9880        9880        9880        9880           1             9880        9880   467973068       46781          10003.5
 2/ 7/2018 11:55: 3        9830        9830        9830        9830           5             9830       49150   468022218       46786          10003.5
 2/ 7/2018 11:55:37       10370       10370       10370       10370         468            10370     4853160   472875378       47254          10007.1
 2/ 7/2018 11:55:39        9870        9870        9870        9870         430             9870     4244100   477119478       47684          10005.9
 2/ 7/2018 11:55:52        9890        9890        9890        9890           5             9890       49450   477168928       47689          10005.8
 2/ 7/2018 11:58:26        9890        9890        9890        9890         691             9890     6833990   484002918       48380          10004.2
 2/ 7/2018 11:58:33        9880        9880        9880        9880        4276             9880    42246880   526249798       52656          9994.11
 2/ 7/2018 11:58:55        9760        9760        9760        9760          50             9760      488000   526737798       52706          9993.89
 2/ 7/2018 11:58:57       10150       10150       10150       10150         300            10150     3045000   529782798       53006          9994.77
 2/ 7/2018 11:58:58        9870        9870        9870        9870           5             9870       49350   529832148       53011          9994.76
 2/ 7/2018 11:58:59        9860        9860        9860        9860        1000             9860     9860000   539692148       54011          9992.26
 2/ 7/2018 11:59:34        9880        9880        9880        9880          20             9880      197600   539889748       54031          9992.22
 2/ 7/2018 11:59:37        9800        9800        9800        9800           5             9800       49000   539938748       54036           9992.2
 2/ 7/2018 11:59:40       10270       10270       10270       10270         970            10270     9961900   549900648       55006           9997.1
 2/ 7/2018 12: 0:11        9830        9830        9830        9830        1000             9830     9830000   559730648       56006          9994.12
 2/ 7/2018 12: 2:57        9800        9800        9800        9800        3000             9800    29400000   589130648       59006          9984.25
 2/ 7/2018 12: 4:51        9860        9860        9860        9860        1000             9860     9860000   598990648       60006          9982.18
 2/ 7/2018 12: 5: 2        9880        9880        9880        9880         100             9880      988000   599978648       60106          9982.01
 2/ 7/2018 12:12: 5        9880        9880        9880        9880          50             9880      494000   600472648       60156          9981.92
 2/ 7/2018 12:13:38        9880        9880        9880        9880           5             9880       49400   600522048       60161          9981.92
 2/ 7/2018 12:14:50        9860        9860        9860        9860         100             9860      986000   601508048       60261          9981.71
 2/ 7/2018 12:15: 6        9880        9880        9880        9880           9             9880       88920   601596968       60270           9981.7
 2/ 7/2018 12:17:44        9880        9880        9880        9880         220             9880     2173600   603770568       60490          9981.33
 2/ 7/2018 12:18:34        9900        9900        9900        9900          17             9900      168300   603938868       60507          9981.31
 2/ 7/2018 12:18:36        9900        9900        9900        9900           1             9900        9900   603948768       60508           9981.3
 2/ 7/2018 12:18:43        9900        9900        9900        9900         132             9900     1306800   605255568       60640          9981.13
 2/ 7/2018 12:18:58       10190       10190       10190       10190          25            10190      254750   605510318       60665          9981.21
 2/ 7/2018 12:19:27        9920        9920        9920        9920          74             9920      734080   606244398       60739          9981.14
 2/ 7/2018 12:19:43        9900        9900        9900        9900         473             9900     4682700   610927098       61212          9980.51
 2/ 7/2018 12:20:19        9920        9920        9920        9920          50             9920      496000   611423098       61262          9980.46
 2/ 7/2018 12:21: 4        9900        9900        9900        9900         283             9900     2801700   614224798       61545          9980.09
 2/ 7/2018 12:23:22        9800        9800        9800        9800          50             9800      490000   614714798       61595          9979.95
 2/ 7/2018 12:26: 4        9880        9880        9880        9880         698             9880     6896240   621611038       62293          9978.83
 2/ 7/2018 12:27:36        9900        9900        9900        9900         596             9900     5900400   627511438       62889          9978.08
 2/ 7/2018 12:28:37        9920        9920        9920        9920          20             9920      198400   627709838       62909          9978.06
 2/ 7/2018 12:28:48       10010       10010       10010       10010         110            10010     1101100   628810938       63019          9978.12
 2/ 7/2018 12:29: 5        9920        9920        9920        9920          10             9920       99200   628910138       63029          9978.11
 2/ 7/2018 12:30:33        9860        9860        9860        9860         968             9860     9544480   638454618       63997          9976.32
 2/ 7/2018 12:32:16        9920        9920        9920        9920         500             9920     4960000   643414618       64497          9975.88
 2/ 7/2018 12:33:28        9900        9900        9900        9900         131             9900     1296900   644711518       64628          9975.73
 2/ 7/2018 12:37:56        9920        9920        9920        9920          10             9920       99200   644810718       64638          9975.72
 2/ 7/2018 12:37:57       10140       10140       10140       10140         974            10140     9876360   654687078       65612          9978.16
 2/ 7/2018 12:38:26        9920        9920        9920        9920         150             9920     1488000   656175078       65762          9978.03
 2/ 7/2018 12:39:18        9920        9920        9920        9920         300             9920     2976000   659151078       66062          9977.76
 2/ 7/2018 12:39:36        9900        9900        9900        9900          19             9900      188100   659339178       66081          9977.74
 2/ 7/2018 12:42:15        9920        9920        9920        9920         179             9920     1775680   661114858       66260          9977.59
 2/ 7/2018 12:43:13        9930        9930        9930        9930           1             9930        9930   661124788       66261          9977.59
 2/ 7/2018 12:43:31        9930        9930        9930        9930         300             9930     2979000   664103788       66561          9977.37
 2/ 7/2018 12:44:45       10000       10000       10000       10000        2315            10000    23150000   687253788       68876          9978.13
 2/ 7/2018 12:44:59       10040       10040       10040       10040          99            10040      993960   688247748       68975          9978.22
 2/ 7/2018 12:45:12       10040       10040       10040       10040         409            10040     4106360   692354108       69384          9978.58
 2/ 7/2018 12:45:18       10040       10040       10040       10040         391            10040     3925640   696279748       69775          9978.93
 2/ 7/2018 12:45:28       10150       10150       10150       10150          49            10150      497350   696777098       69824          9979.05
 2/ 7/2018 12:45:29       10070       10070       10070       10070         210            10070     2114700   698891798       70034          9979.32
 2/ 7/2018 12:45:31       10850       10850       10850       10850         370            10850     4014500   702906298       70404           9983.9
 2/ 7/2018 12:45:32       10080       10080       10070       10070         500          10073.3     5036666   707942964       70904          9984.53
 2/ 7/2018 12:45:35       10100       10100       10100       10100         393            10100     3969300   711912264       71297          9985.16
 2/ 7/2018 12:45:37       10110       10110       10110       10110         250            10110     2527500   714439764       71547           9985.6
 2/ 7/2018 12:45:38       10210       10210       10210       10210         476            10210     4859960   719299724       72023          9987.08
 2/ 7/2018 12:45:39       10140       10150       10140       10150         151          10146.7     1532146   720831870       72174          9987.42
 2/ 7/2018 12:45:40       10150       10150       10150       10150         750            10150     7612500   728444370       72924          9989.09
 2/ 7/2018 12:45:53       10230       10230       10230       10230         200            10230     2046000   730490370       73124          9989.75
 2/ 7/2018 12:45:57       10200       10200       10200       10200        1183            10200    12066600   742556970       74307           9993.1
 2/ 7/2018 12:45:58       10260       10260       10260       10260        2610            10260    26778600   769335570       76917          10002.2
 2/ 7/2018 12:45:59       10200       10200       10200       10200         334            10200     3406800   772742370       77251            10003
 2/ 7/2018 12:46: 1       10240       10240       10240       10240        2859            10240    29276160   802018530       80110          10011.5
 2/ 7/2018 12:46: 3       10250       10250       10250       10250         250            10250     2562500   804581030       80360          10012.2
 2/ 7/2018 12:46: 4       10250       10350       10250       10350        1000          10316.7    10316666   814897696       81360            10016
 2/ 7/2018 12:46: 6       10750       10750       10750       10750         370            10750     3977500   818875196       81730          10019.3
 2/ 7/2018 12:46: 9       10270       10270       10270       10270         500            10270     5135000   824010196       82230          10020.8
 2/ 7/2018 12:46:11       10150       10240        9930        9930         809          10033.3     8116966   832127162       83039          10020.9
 2/ 7/2018 12:46:14       10450       10450       10230       10230         467          10303.3     4811656   836938818       83506          10022.5
 2/ 7/2018 12:46:17       10300       10300       10300       10300         500            10300     5150000   842088818       84006          10024.2
 2/ 7/2018 12:46:20       10150       10150       10150       10150         750            10150     7612500   849701318       84756          10025.3
 2/ 7/2018 12:46:21        9940        9940        9940        9940         928             9940     9224320   858925638       85684          10024.3
 2/ 7/2018 12:46:23        9950        9950        9950        9950         807             9950     8029650   866955288       86491          10023.6
 2/ 7/2018 12:46:24       10220       10220       10220       10220         800            10220     8176000   875131288       87291          10025.4
 2/ 7/2018 12:46:25        9940        9940        9940        9940         300             9940     2982000   878113288       87591          10025.2
 2/ 7/2018 12:46:26       10210       10210       10210       10210        2622            10210    26770620   904883908       90213          10030.5
 2/ 7/2018 12:46:28        9970        9970        9970        9970         300             9970     2991000   907874908       90513          10030.3
 2/ 7/2018 12:46:29       10190       10190       10150       10150         349          10163.3     3547003   911421911       90862          10030.8
 2/ 7/2018 12:46:30        9980        9980        9980        9980         804             9980     8023920   919445831       91666          10030.4
 2/ 7/2018 12:46:34       10200       10200        9950       10180         800            10110     8088000   927533831       92466          10031.1
 2/ 7/2018 12:46:36       10170       10170       10170       10170        2633            10170    26777610   954311441       95099          10034.9
 2/ 7/2018 12:46:39       10230       10230       10230       10230           5            10230       51150   954362591       95104          10034.9
 2/ 7/2018 12:46:40        9980       10130        9980       10130         460            10080     4636800   958999391       95564          10035.2
 2/ 7/2018 12:46:48       10120       10220       10120       10220          59          10186.7      601013   959600404       95623          10035.2
 2/ 7/2018 12:46:51       10350       10350       10230       10230          33            10270      338910   959939314       95656          10035.3
 2/ 7/2018 12:46:52       10160       10160       10160       10160         500            10160     5080000   965019314       96156            10036
 2/ 7/2018 12:46:53       10100       10230       10100       10230         130          10186.7     1324266   966343580       96286          10036.2
 2/ 7/2018 12:46:54       10040       10040       10040       10040         700            10040     7028000   973371580       96986          10036.2
 2/ 7/2018 12:46:57       10140       10140       10140       10140          59            10140      598260   973969840       97045          10036.3
 2/ 7/2018 12:47: 0       10150       10150       10150       10150        1321            10150    13408150   987377990       98366          10037.8
 2/ 7/2018 12:47: 3       10570       10570       10120       10250         517          10313.3     5331993   992709983       98883          10039.2
 2/ 7/2018 12:47: 7       10050       10120       10050       10120          14          10096.7      141353   992851336       98897          10039.2
 2/ 7/2018 12:47: 9       10140       10140       10140       10140         500            10140     5070000   997921336       99397          10039.8
 2/ 7/2018 12:47:11       10050       10050       10050       10050         600            10050     6030000  1003951336       99997          10039.8
 2/ 7/2018 12:47:12       10110       10110       10110       10110         460            10110     4650600  1008601936      100457          10040.1
 2/ 7/2018 12:47:16        9940        9940        9940        9940           5             9940       49700  1008651636      100462          10040.1
 2/ 7/2018 12:47:17       10290       10290       10240       10240          25          10256.7      256416  1008908052      100487          10040.2
 2/ 7/2018 12:47:18       10530       10530       10530       10530         250            10530     2632500  1011540552      100737          10041.4
 2/ 7/2018 12:47:21        9960        9960        9960        9960         806             9960     8027760  1019568312      101543          10040.8
 2/ 7/2018 12:47:22       10100       10100       10100       10100          59            10100      595900  1020164212      101602          10040.8
 2/ 7/2018 12:47:23       10060       10060       10060       10060          90            10060      905400  1021069612      101692          10040.8
 2/ 7/2018 12:47:26       10060       10060       10060       10060          20            10060      201200  1021270812      101712          10040.8
 2/ 7/2018 12:47:31       10090       10090       10090       10090           3            10090       30270  1021301082      101715          10040.8
 2/ 7/2018 12:47:33       10120       10120       10120       10120         307            10120     3106840  1024407922      102022            10041
 2/ 7/2018 12:47:34       10100       10100       10100       10100         179            10100     1807900  1026215822      102201          10041.2
 2/ 7/2018 12:47:35        9890        9890        9890        9890         200             9890     1978000  1028193822      102401          10040.9
 2/ 7/2018 12:47:45       10100       10100       10100       10100         318            10100     3211800  1031405622      102719            10041
 2/ 7/2018 12:47:49       10100       10100       10100       10100        1003            10100    10130300  1041535922      103722          10041.6
 2/ 7/2018 12:47:50       10100       10100       10100       10100         236            10100     2383600  1043919522      103958          10041.7
 2/ 7/2018 12:47:52       10090       10090       10090       10090         863            10090     8707670  1052627192      104821          10042.1
 2/ 7/2018 12:47:54       10110       10110       10110       10110        1003            10110    10140330  1062767522      105824          10042.8
 2/ 7/2018 12:47:55       10100       10100       10100       10100        1400            10100    14140000  1076907522      107224          10043.5
 2/ 7/2018 12:48: 2       10100       10100       10100       10100         300            10100     3030000  1079937522      107524          10043.7
 2/ 7/2018 12:48: 6       10100       10100       10100       10100          50            10100      505000  1080442522      107574          10043.7
 2/ 7/2018 12:48:10       10090       10090       10090       10090          70            10090      706300  1081148822      107644          10043.7
 2/ 7/2018 12:48:16       10300       10300       10300       10300         307            10300     3162100  1084310922      107951          10044.5
 2/ 7/2018 12:48:40        9900        9900        9900        9900         500             9900     4950000  1089260922      108451          10043.8
 2/ 7/2018 12:48:50        9820        9820        9820        9820          80             9820      785600  1090046522      108531          10043.6
 2/ 7/2018 12:48:51       10090       10090       10090       10090          87            10090      877830  1090924352      108618          10043.7
 2/ 7/2018 12:48:56       10200       10200       10200       10200          50            10200      510000  1091434352      108668          10043.8
 2/ 7/2018 12:49: 3       10220       10220       10220       10220          18            10220      183960  1091618312      108686          10043.8
 2/ 7/2018 12:49:20       10020       10020       10020       10020           1            10020       10020  1091628332      108687          10043.8
 2/ 7/2018 12:49:36       10090       10250       10090       10250         500          10196.7     5098333  1096726665      109187          10044.5
 2/ 7/2018 12:49:39       10000       10000       10000       10000           8            10000       80000  1096806665      109195          10044.5
 2/ 7/2018 12:49:41        9930        9930        9930        9930         809             9930     8033370  1104840035      110004          10043.6
 2/ 7/2018 12:49:43        9940        9940        9940        9940         928             9940     9224320  1114064355      110932          10042.8
 2/ 7/2018 12:49:45        9950        9950        9950        9950         807             9950     8029650  1122094005      111739          10042.1
 2/ 7/2018 12:49:49        9960        9960        9960        9960        1400             9960    13944000  1136038005      113139          10041.1
 2/ 7/2018 12:49:51        9970        9970        9970        9970         805             9970     8025850  1144063855      113944          10040.6
 2/ 7/2018 12:49:59        9960        9980        9960        9980         928          9973.33     9255253  1153319108      114872            10040
 2/ 7/2018 12:50: 0       10100       10100       10100       10100         370            10100     3737000  1157056108      115242          10040.2
 2/ 7/2018 12:50: 2        9980        9980        9980        9980         804             9980     8023920  1165080028      116046          10039.8
 2/ 7/2018 12:50: 3       10090       10090       10090       10090          50            10090      504500  1165584528      116096          10039.8
 2/ 7/2018 12:50: 6       10230       10230       10230       10230           1            10230       10230  1165594758      116097          10039.8
 2/ 7/2018 12:50:21       10750       10750       10750       10750         370            10750     3977500  1169572258      116467          10042.1
 2/ 7/2018 12:50:22       10000       10000       10000       10000           1            10000       10000  1169582258      116468          10042.1
 2/ 7/2018 12:50:25       10000       10000       10000       10000         928            10000     9280000  1178862258      117396          10041.8
 2/ 7/2018 12:50:28        9960        9960        9720        9720           9             9800       88200  1178950458      117405          10041.7
 2/ 7/2018 12:50:29        9950       10000        9950       10000         110          9983.33     1098166  1180048624      117515          10041.7
 2/ 7/2018 12:50:45       10200       10200       10200       10200         250            10200     2550000  1182598624      117765            10042
 2/ 7/2018 12:51: 0       10210       10210       10210       10210         250            10210     2552500  1185151124      118015          10042.4
 2/ 7/2018 12:51: 6       10010       10010       10010       10010           1            10010       10010  1185161134      118016          10042.4
 2/ 7/2018 12:51: 8       10010       10010       10010       10010         912            10010     9129120  1194290254      118928          10042.1
 2/ 7/2018 12:51:16       10000       10000       10000       10000           1            10000       10000  1194300254      118929          10042.1
 2/ 7/2018 12:51:21       10000       10000       10000       10000           5            10000       50000  1194350254      118934          10042.1
 2/ 7/2018 12:51:53       10350       10350       10350       10350          33            10350      341550  1194691804      118967          10042.2
 2/ 7/2018 12:51:54       10050       10050       10050       10050           1            10050       10050  1194701854      118968          10042.2
 2/ 7/2018 12:52: 4       10010       10200       10010       10200        6900          10136.7    69943000  1264644854      125868          10047.4
 2/ 7/2018 12:52:13       10040       10040       10040       10040          14            10040      140560  1264785414      125882          10047.4
 2/ 7/2018 12:52:21       10020       10020       10020       10020         200            10020     2004000  1266789414      126082          10047.3
 2/ 7/2018 12:52:31       10020       10020       10020       10020          25            10020      250500  1267039914      126107          10047.3
 2/ 7/2018 12:52:36       10000       10000       10000       10000        1000            10000    10000000  1277039914      127107            10047
 2/ 7/2018 12:53:15       10030       10030       10030       10030         200            10030     2006000  1279045914      127307          10046.9
 2/ 7/2018 12:53:47       10030       10030       10030       10030         370            10030     3711100  1282757014      127677          10046.9
 2/ 7/2018 12:54:24        9960        9960        9960        9960          25             9960      249000  1283006014      127702          10046.9
 2/ 7/2018 12:54:25        9960        9960        9960        9960           1             9960        9960  1283015974      127703          10046.9
 2/ 7/2018 12:54:30       10010       10010       10010       10010         100            10010     1001000  1284016974      127803          10046.8
 2/ 7/2018 12:54:39        9970        9970        9970        9970         564             9970     5623080  1289640054      128367          10046.5
 2/ 7/2018 12:54:49        9470        9470        9470        9470         100             9470      947000  1290587054      128467          10046.1
 2/ 7/2018 12:54:56        9970        9970        9970        9970         805             9970     8025850  1298612904      129272          10045.6
 2/ 7/2018 12:55:12        9980        9980        9980        9980        1237             9980    12345260  1310958164      130509            10045
 2/ 7/2018 12:55:13        9980        9980        9980        9980         179             9980     1786420  1312744584      130688          10044.9
 2/ 7/2018 12:55:14        9920        9920        9920        9920         500             9920     4960000  1317704584      131188          10044.4
 2/ 7/2018 12:55:15        9980        9980        9980        9980         804             9980     8023920  1325728504      131992            10044
 2/ 7/2018 12:55:28        9980        9980        9980        9980         253             9980     2524940  1328253444      132245          10043.9
 2/ 7/2018 12:55:33        9990        9990        9990        9990         179             9990     1788210  1330041654      132424          10043.8
 2/ 7/2018 12:56:48        9970        9970        9970        9970           5             9970       49850  1330091504      132429          10043.8
 2/ 7/2018 12:56:50        9980        9980        9980        9980         804             9980     8023920  1338115424      133233          10043.4
 2/ 7/2018 12:57:56       10010       10010       10010       10010         111            10010     1111110  1339226534      133344          10043.4
 2/ 7/2018 12:58: 7        9990        9990        9990        9990         500             9990     4995000  1344221534      133844          10043.2
 2/ 7/2018 12:58:27        9960        9960        9960        9960         500             9960     4980000  1349201534      134344          10042.9
 2/ 7/2018 12:58:58        9820        9820        9820        9820        3000             9820    29460000  1378661534      137344            10038
 2/ 7/2018 12:59: 7        9990        9990        9990        9990         804             9990     8031960  1386693494      138148          10037.7
 2/ 7/2018 12:59:42       10080       10080       10080       10080         400            10080     4032000  1390725494      138548          10037.9
 2/ 7/2018 12:59:43        9960        9960        9960        9960         806             9960     8027760  1398753254      139354          10037.4
 2/ 7/2018 12:59:44       10090       10090       10090       10090         435            10090     4389150  1403142404      139789          10037.6
 2/ 7/2018 12:59:45        9990        9990        9990        9990         804             9990     8031960  1411174364      140593          10037.3
 2/ 7/2018 13:55:19       11420       11800       11420       10100         494          11106.7     5486693  1416661057      141087            10041
 2/ 7/2018 14: 0: 2        9980       10340        9980        9990           1          10103.3       10103  1416671160      141088            10041
 2/ 7/2018 14: 0:13       10100       10100       10100       10100           1            10100       10100  1416681260      141089            10041
 2/ 7/2018 14: 1:47       10200       10200       10200       10200          45            10200      459000  1417140260      141134          10041.1
 2/ 7/2018 14: 1:56       10200       10200       10200       10200          97            10200      989400  1418129660      141231          10041.2
 2/ 7/2018 14: 2:22       10200       10200       10200       10200         153            10200     1560600  1419690260      141384          10041.4
 2/ 7/2018 14: 2:25       10210       10210       10210       10210         157            10210     1602970  1421293230      141541          10041.6
 2/ 7/2018 14: 2:30       10200       10200       10200       10200        1301            10200    13270200  1434563430      142842            10043
 2/ 7/2018 14: 2:58       10210       10210       10210       10210          20            10210      204200  1434767630      142862            10043
 2/ 7/2018 14: 3:12       10200       10200       10200       10200           6            10200       61200  1434828830      142868            10043
 2/ 7/2018 14: 3:18       10190       10190       10190       10190          50            10190      509500  1435338330      142918          10043.1
 2/ 7/2018 14: 4:18       10190       10190       10190       10190          50            10190      509500  1435847830      142968          10043.1
 2/ 7/2018 14: 4:29       10200       10200       10200       10200         250            10200     2550000  1438397830      143218          10043.4
 2/ 7/2018 14: 4:40       10100       10100       10100       10100          36            10100      363600  1438761430      143254          10043.4
 2/ 7/2018 14: 4:55       10200       10200       10200       10200         100            10200     1020000  1439781430      143354          10043.5
 2/ 7/2018 14: 5: 9       10190       10190       10190       10190         500            10190     5095000  1444876430      143854            10044
 2/ 7/2018 14: 5:42       10150       10150       10150       10150          44            10150      446600  1445323030      143898          10044.1
 2/ 7/2018 14: 6:33       10190       10190       10190       10190         100            10190     1019000  1446342030      143998          10044.2
 2/ 7/2018 14: 6:44       10150       10150       10150       10150         110            10150     1116500  1447458530      144108          10044.3
 2/ 7/2018 14: 6:57       10200       10200       10200       10200         468            10200     4773600  1452232130      144576          10044.8
 2/ 7/2018 14: 7:52       10200       10200       10200       10200         100            10200     1020000  1453252130      144676          10044.9
 2/ 7/2018 14: 8: 6       10090       10090       10090       10090          10            10090      100900  1453353030      144686          10044.9
 2/ 7/2018 14: 8:35       10080       10080       10080       10080         300            10080     3024000  1456377030      144986          10044.9
 2/ 7/2018 14: 8:46       10070       10070       10070       10070         300            10070     3021000  1459398030      145286            10045
 2/ 7/2018 14: 8:56       10120       10120       10120       10120         100            10120     1012000  1460410030      145386          10045.1
 2/ 7/2018 14: 8:59       10060       10060       10060       10060         200            10060     2012000  1462422030      145586          10045.1
 2/ 7/2018 14: 9:23       10000       10000       10000       10000         523            10000     5230000  1467652030      146109          10044.9
 2/ 7/2018 14:10:26       10090       10090       10090       10090          50            10090      504500  1468156530      146159          10044.9
 2/ 7/2018 14:11:39       10090       10090       10090       10090           1            10090       10090  1468166620      146160          10044.9
 2/ 7/2018 14:13:11        9880        9880        9880        9880          50             9880      494000  1468660620      146210          10044.9
 2/ 7/2018 14:14:22       10120       10120       10120       10120          51            10120      516120  1469176740      146261          10044.9
 2/ 7/2018 14:14:23       10090       10090       10090       10090          50            10090      504500  1469681240      146311          10044.9
 2/ 7/2018 14:15:16       10160       10160       10160       10160           4            10160       40640  1469721880      146315          10044.9
 2/ 7/2018 14:15:18       10180       10180       10180       10180           4            10180       40720  1469762600      146319          10044.9
 2/ 7/2018 14:15:51       10180       10180       10180       10180          18            10180      183240  1469945840      146337          10044.9
 2/ 7/2018 14:16: 2       10080       10080       10080       10080         178            10080     1794240  1471740080      146515            10045
 2/ 7/2018 14:16: 6       10180       10180       10180       10180          82            10180      834760  1472574840      146597          10045.1
 2/ 7/2018 14:17: 0       10180       10180       10180       10180         118            10180     1201240  1473776080      146715          10045.2
 2/ 7/2018 14:17: 5       10180       10180       10180       10180           8            10180       81440  1473857520      146723          10045.2
 2/ 7/2018 14:18:38       10180       10180       10180       10180         200            10180     2036000  1475893520      146923          10045.4
 2/ 7/2018 14:19:17       10090       10090       10090       10090         523            10090     5277070  1481170590      147446          10045.5
 2/ 7/2018 14:20: 6       10180       10180       10180       10180         300            10180     3054000  1484224590      147746          10045.8
 2/ 7/2018 14:20:14       10170       10170       10170       10170         100            10170     1017000  1485241590      147846          10045.9
 2/ 7/2018 14:22:11       10150       10150       10150       10150           1            10150       10150  1485251740      147847          10045.9
 2/ 7/2018 14:23: 5       10800       10800       10800       10800          11            10800      118800  1485370540      147858          10045.9
 2/ 7/2018 14:23:19       10090       10090       10090       10090           5            10090       50450  1485420990      147863          10045.9
 2/ 7/2018 14:23:50       10100       10100       10100       10100         250            10100     2525000  1487945990      148113            10046
 2/ 7/2018 14:24:15       10170       10170       10170       10170          18            10170      183060  1488129050      148131            10046
 2/ 7/2018 14:24:25       10170       10170       10170       10170         133            10170     1352610  1489481660      148264          10046.1
 2/ 7/2018 14:24:34       10170       10170       10170       10170         912            10170     9275040  1498756700      149176          10046.9
 2/ 7/2018 14:24:37       10370       10370       10370       10370         912            10370     9457440  1508214140      150088          10048.9
 2/ 7/2018 14:25: 7       10750       10750       10750       10750        1000            10750    10750000  1518964140      151088          10053.5
 2/ 7/2018 14:26:43        9990        9990        9990        9990         500             9990     4995000  1523959140      151588          10053.3
 2/ 7/2018 14:27:56       10180       10180       10180       10180         300            10180     3054000  1527013140      151888          10053.5
 2/ 7/2018 14:29:46       10090       10090       10090       10090         261            10090     2633490  1529646630      152149          10053.6
 2/ 7/2018 14:30:21       10160       10160       10160       10160           5            10160       50800  1529697430      152154          10053.6
 2/ 7/2018 14:30:49       10170       10170       10170       10170         150            10170     1525500  1531222930      152304          10053.7
 2/ 7/2018 14:31: 4       10000       10000       10000       10000         800            10000     8000000  1539222930      153104          10053.4
 2/ 7/2018 14:31:10       10080       10080       10080       10080          65            10080      655200  1539878130      153169          10053.5
 2/ 7/2018 14:31:18       10240       10240       10240       10240         970            10240     9932800  1549810930      154139          10054.6
 2/ 7/2018 14:32:27       10240       10240       10240       10240         100            10240     1024000  1550834930      154239          10054.8
 2/ 7/2018 14:34:43       10130       10130       10130       10130           1            10130       10130  1550845060      154240          10054.8
 2/ 7/2018 14:36:16       10010       10010       10010       10010         100            10010     1001000  1551846060      154340          10054.7
 2/ 7/2018 14:36:40       10630       10630       10630       10630          51            10630      542130  1552388190      154391          10054.9
 2/ 7/2018 14:37:49       10130       10130       10130       10130          13            10130      131690  1552519880      154404          10054.9
 2/ 7/2018 14:38:21       10130       10130       10130       10130         187            10130     1894310  1554414190      154591            10055
 2/ 7/2018 14:38:42       10050       10050       10050       10050           5            10050       50250  1554464440      154596            10055
 2/ 7/2018 14:40: 4       10160       10160       10160       10160         250            10160     2540000  1557004440      154846          10055.2
 2/ 7/2018 14:40:13       10130       10130       10130       10130         249            10130     2522370  1559526810      155095          10055.3
 2/ 7/2018 14:44:36       10050       10050       10050       10050         100            10050     1005000  1560531810      155195          10055.3
 2/ 7/2018 14:44:41        9990        9990        9990        9990         100             9990      999000  1561530810      155295          10055.3
 2/ 7/2018 14:44:46        9970        9970        9970        9970         100             9970      997000  1562527810      155395          10055.2
 2/ 7/2018 14:44:47        9610        9610        9610        9610         500             9610     4805000  1567332810      155895          10053.8
 2/ 7/2018 14:44:49        9960        9960        9960        9960         100             9960      996000  1568328810      155995          10053.7
 2/ 7/2018 14:45:35       10200       10200       10200       10200         296            10200     3019200  1571348010      156291            10054
 2/ 7/2018 14:47:26       10080       10080       10080       10080          15            10080      151200  1571499210      156306            10054
 2/ 7/2018 14:47:36       10590       10590       10590       10590          50            10590      529500  1572028710      156356          10054.2
 2/ 7/2018 14:49: 4        9900        9900        9900        9900          50             9900      495000  1572523710      156406          10054.1
 2/ 7/2018 14:50: 8       10120       10120       10120       10120         370            10120     3744400  1576268110      156776          10054.3
 2/ 7/2018 14:50:55       10080       10080       10080       10080         268            10080     2701440  1578969550      157044          10054.3
 2/ 7/2018 14:51:11       10200       10200       10200       10200         300            10200     3060000  1582029550      157344          10054.6
 2/ 7/2018 14:51:24       10050       10050       10050       10050          50            10050      502500  1582532050      157394          10054.6
 2/ 7/2018 14:52:55       10130       10130       10130       10130        1202            10130    12176260  1594708310      158596          10055.2
 2/ 7/2018 14:52:57       10060       10060       10060       10060         798            10060     8027880  1602736190      159394          10055.2
 2/ 7/2018 14:53:18       10130       10130       10130       10130          56            10130      567280  1603303470      159450          10055.2
 2/ 7/2018 14:53:22       10150       10150       10150       10150          56            10150      568400  1603871870      159506          10055.2
 2/ 7/2018 14:53:24       10080       10080       10080       10080           5            10080       50400  1603922270      159511          10055.2
 2/ 7/2018 14:53:27       10120       10120       10120       10120         100            10120     1012000  1604934270      159611          10055.3
 2/ 7/2018 14:56:27       10100       10100       10100       10100          33            10100      333300  1605267570      159644          10055.3
 2/ 7/2018 14:56:37       10080       10080       10080       10080          28            10080      282240  1605549810      159672          10055.3
 2/ 7/2018 14:57:44       10150       10150       10150       10150         300            10150     3045000  1608594810      159972          10055.5
 2/ 7/2018 14:58:13       10090       10090       10090       10090         250            10090     2522500  1611117310      160222          10055.5
 2/ 7/2018 14:58:55       10070       10070       10070       10070         473            10070     4763110  1615880420      160695          10055.6
 2/ 7/2018 14:59:31       10060       10060       10060       10060          78            10060      784680  1616665100      160773          10055.6
 2/ 7/2018 14:59:41       10130       10130       10130       10130         300            10130     3039000  1619704100      161073          10055.7
 2/ 7/2018 15: 1:21       10050       10050       10050       10050           8            10050       80400  1619784500      161081          10055.7
 2/ 7/2018 15: 1:35       10060       10060       10060       10060        1922            10060    19335320  1639119820      163003          10055.8
 2/ 7/2018 15: 1:54       10070       10070       10070       10070        1000            10070    10070000  1649189820      164003          10055.9
 2/ 7/2018 15: 1:57       10100       10100       10100       10100         399            10100     4029900  1653219720      164402            10056
 2/ 7/2018 15: 2:22       10010       10010       10010       10010         802            10010     8028020  1661247740      165204          10055.7
 2/ 7/2018 15: 3:52       10070       10070       10070       10070         300            10070     3021000  1664268740      165504          10055.8
 2/ 7/2018 15: 4:40       10200       10200       10200       10200           1            10200       10200  1664278940      165505          10055.8
 2/ 7/2018 15: 5: 0       10100       10100       10100       10100         130            10100     1313000  1665591940      165635          10055.8
 2/ 7/2018 15: 5:25       10110       10110       10110       10110         166            10110     1678260  1667270200      165801          10055.9
 2/ 7/2018 15: 5:33       10110       10110       10110       10110         130            10110     1314300  1668584500      165931          10055.9
 2/ 7/2018 15: 5:41       10090       10090       10090       10090        4452            10090    44920680  1713505180      170383          10056.8
 2/ 7/2018 15: 6:18       10030       10030       10030       10030        4290            10030    43028700  1756533880      174673          10056.1
 2/ 7/2018 15: 7:56       10000       10000       10000       10000        2988            10000    29880000  1786413880      177661          10055.2
 2/ 7/2018 15: 7:58       10130       10130       10130       10130        2677            10130    27118010  1813531890      180338          10056.3
 2/ 7/2018 15: 8:28        9990        9990        9990        9990          50             9990      499500  1814031390      180388          10056.3
 2/ 7/2018 15: 8:42        9990        9990        9990        9990         487             9990     4865130  1818896520      180875          10056.1
 2/ 7/2018 15: 8:43        9900        9900        9900        9900         500             9900     4950000  1823846520      181375          10055.7
 2/ 7/2018 15: 8:49        9990        9990        9990        9990           1             9990        9990  1823856510      181376          10055.7
 2/ 7/2018 15: 9:20        9940        9940        9940        9940         100             9940      994000  1824850510      181476          10055.6
 2/ 7/2018 15: 9:26        9930        9930        9930        9930         100             9930      993000  1825843510      181576          10055.5
 2/ 7/2018 15: 9:28        9920        9920        9920        9920         100             9920      992000  1826835510      181676          10055.5
 2/ 7/2018 15: 9:31       10000       10000        9940        9940         600             9960     5976000  1832811510      182276          10055.1
 2/ 7/2018 15: 9:32        9900        9900        9900        9900         100             9900      990000  1833801510      182376          10055.1
 2/ 7/2018 15: 9:33       10000       10000        9910        9910         100             9940      994000  1834795510      182476            10055
 2/ 7/2018 15: 9:45       10110       10110       10110       10110          25            10110      252750  1835048260      182501            10055
 2/ 7/2018 15: 9:47       10010       10010       10010       10010         750            10010     7507500  1842555760      183251          10054.8
 2/ 7/2018 15: 9:49       10010       10010       10010       10010         802            10010     8028020  1850583780      184053          10054.6
 2/ 7/2018 15: 9:50       10100       10100       10100       10100          50            10100      505000  1851088780      184103          10054.6
 2/ 7/2018 15: 9:54       10090       10090       10090       10090          75            10090      756750  1851845530      184178          10054.7
 2/ 7/2018 15: 9:56        9990        9990        9990        9990         804             9990     8031960  1859877490      184982          10054.4
 2/ 7/2018 15: 9:59       10080       10080       10080       10080          75            10080      756000  1860633490      185057          10054.4
 2/ 7/2018 15:10: 4       10070       10070       10070       10070         100            10070     1007000  1861640490      185157          10054.4
 2/ 7/2018 15:10: 9       10000       10000       10000       10000         100            10000     1000000  1862640490      185257          10054.4
 2/ 7/2018 15:10:19       10110       10110       10110       10110         300            10110     3033000  1865673490      185557          10054.4
 2/ 7/2018 15:10:20       10060       10060       10060       10060          60            10060      603600  1866277090      185617          10054.5
 2/ 7/2018 15:10:23        9980        9980        9980        9980         250             9980     2495000  1868772090      185867          10054.4
 2/ 7/2018 15:10:25        9980        9980        9980        9980         100             9980      998000  1869770090      185967          10054.3
 2/ 7/2018 15:10:28        9990        9990        9990        9990         250             9990     2497500  1872267590      186217          10054.2
 2/ 7/2018 15:10:29        9990        9990        9990        9990         250             9990     2497500  1874765090      186467          10054.1
 2/ 7/2018 15:10:52       10010       10010       10010       10010           5            10010       50050  1874815140      186472          10054.1
 2/ 7/2018 15:10:58       10050       10050       10050       10050          60            10050      603000  1875418140      186532          10054.1
 2/ 7/2018 15:11: 3       10040       10040       10040       10040          85            10040      853400  1876271540      186617          10054.1
 2/ 7/2018 15:11: 8       10030       10030       10030       10030          55            10030      551650  1876823190      186672          10054.1
 2/ 7/2018 15:11:18       10020       10020       10020       10020          55            10020      551100  1877374290      186727          10054.1
 2/ 7/2018 15:11:50        9910        9910        9910        9910         100             9910      991000  1878365290      186827            10054
 2/ 7/2018 15:12: 4       10010       10010       10010       10010           6            10010       60060  1878425350      186833            10054
 2/ 7/2018 15:12: 7       10010       10010       10010       10010          44            10010      440440  1878865790      186877            10054
 2/ 7/2018 15:14:13       10060       10060       10060       10060           5            10060       50300  1878916090      186882            10054
 2/ 7/2018 15:14:20       10000       10000       10000       10000         872            10000     8720000  1887636090      187754          10053.8
 2/ 7/2018 15:15:15        9990        9990        9990        9990         400             9990     3996000  1891632090      188154          10053.6
 2/ 7/2018 15:16:56       10000       10000       10000       10000         500            10000     5000000  1896632090      188654          10053.5
 2/ 7/2018 15:17: 7       10010       10010       10010       10010          50            10010      500500  1897132590      188704          10053.5
 2/ 7/2018 15:17:26        9980        9980        9980        9980           1             9980        9980  1897142570      188705          10053.5
 2/ 7/2018 15:17:31       10010       10010       10010       10010         250            10010     2502500  1899645070      188955          10053.4
 2/ 7/2018 15:17:41       10020       10020       10020       10020          50            10020      501000  1900146070      189005          10053.4
 2/ 7/2018 15:17:42        9940        9940        9940        9940           1             9940        9940  1900156010      189006          10053.4
 2/ 7/2018 15:17:46       10020       10020       10020       10020          75            10020      751500  1900907510      189081          10053.4
 2/ 7/2018 15:17:52       10020       10020       10010       10010        1267          10013.3    12686893  1913594403      190348          10053.1
 2/ 7/2018 15:17:58        9900        9900        9900        9900           2             9900       19800  1913614203      190350          10053.1
 2/ 7/2018 15:18: 0       10020       10020       10020       10020         250            10020     2505000  1916119203      190600          10053.1
 2/ 7/2018 15:18: 5        9850       10030        9850       10030          50             9970      498500  1916617703      190650          10053.1
 2/ 7/2018 15:18:16        9800        9800        9800        9800           2             9800       19600  1916637303      190652          10053.1
 2/ 7/2018 15:18:24        9750        9750        9750        9750           2             9750       19500  1916656803      190654          10053.1
 2/ 7/2018 15:19:25       10600       10600       10600       10600         250            10600     2650000  1919306803      190904          10053.8
 2/ 7/2018 15:19:38       10190       10190       10190       10190         800            10190     8152000  1927458803      191704          10054.3
 2/ 7/2018 15:19:57       10090       10090       10090       10090          35            10090      353150  1927811953      191739          10054.4
 2/ 7/2018 15:20: 4       10020       10020       10020       10020          98            10020      981960  1928793913      191837          10054.3
 2/ 7/2018 15:20: 6       10030       10030       10030       10030          97            10030      972910  1929766823      191934          10054.3
 2/ 7/2018 15:20:20       10030       10030       10030       10030           3            10030       30090  1929796913      191937          10054.3
 2/ 7/2018 15:20:44       10030       10030       10030       10030          50            10030      501500  1930298413      191987          10054.3
 2/ 7/2018 15:21:22       10020       10020       10020       10020         100            10020     1002000  1931300413      192087          10054.3
 2/ 7/2018 15:21:44       10010       10010       10010       10010         208            10010     2082080  1933382493      192295          10054.3
 2/ 7/2018 15:22:40        9990        9990        9990        9990         500             9990     4995000  1938377493      192795          10054.1
 2/ 7/2018 15:23: 2       10000       10000       10000       10000         208            10000     2080000  1940457493      193003            10054
 2/ 7/2018 15:23:34       10010       10010       10010       10010         208            10010     2082080  1942539573      193211            10054
 2/ 7/2018 15:23:38       10000       10000       10000       10000         208            10000     2080000  1944619573      193419          10053.9
 2/ 7/2018 15:23:42       10000       10000       10000       10000         208            10000     2080000  1946699573      193627          10053.9
 2/ 7/2018 15:23:50       10000       10000       10000       10000         300            10000     3000000  1949699573      193927          10053.8
 2/ 7/2018 15:23:54       10000       10000       10000       10000         970            10000     9700000  1959399573      194897          10053.5
 2/ 7/2018 15:24: 7       10000       10000       10000       10000         100            10000     1000000  1960399573      194997          10053.5
 2/ 7/2018 15:24:21       10000       10000       10000       10000         500            10000     5000000  1965399573      195497          10053.3
 2/ 7/2018 15:26: 4        9900        9900        9900        9900         100             9900      990000  1966389573      195597          10053.3
 2/ 7/2018 15:29:20       10000       10000       10000       10000          15            10000      150000  1966539573      195612          10053.3
 2/ 7/2018 15:33:19       10850       10850       10850       10850         450            10850     4882500  1971422073      196062          10055.1
 2/ 7/2018 15:38:51       10010       10010       10010       10010          50            10010      500500  1971922573      196112          10055.1
 2/ 7/2018 15:38:52       10010       10010       10010       10010         100            10010     1001000  1972923573      196212          10055.1
 2/ 7/2018 15:47:48       10000       10000       10000       10000         100            10000     1000000  1973923573      196312            10055
 2/ 7/2018 15:48:40        9990        9990        9990        9990         300             9990     2997000  1976920573      196612          10054.9
 2/ 7/2018 15:48:46       10000       10000       10000       10000          50            10000      500000  1977420573      196662          10054.9
 2/ 7/2018 15:51: 1       10010       10010       10010       10010          50            10010      500500  1977921073      196712          10054.9
 2/ 7/2018 15:54:45       10440       10440       10440       10440        1263            10440    13185720  1991106793      197975          10057.4
 2/ 7/2018 15:56:22       10000       10000       10000       10000         500            10000     5000000  1996106793      198475          10057.2
 2/ 7/2018 15:56:31       10000       10000       10000       10000         500            10000     5000000  2001106793      198975          10057.1
 2/ 7/2018 15:56:34       10000       10000       10000       10000        1500            10000    15000000  2016106793      200475          10056.6
 2/ 7/2018 15:56:42        9990        9990        9990        9990         500             9990     4995000  2021101793      200975          10056.5
 2/ 7/2018 15:56:47       10000       10000       10000       10000        1000            10000    10000000  2031101793      201975          10056.2
 2/ 7/2018 15:56:50       10010       10010       10010       10010         500            10010     5005000  2036106793      202475          10056.1
 2/ 7/2018 15:56:58       10060       10060       10060       10060         500            10060     5030000  2041136793      202975          10056.1
 2/ 7/2018 15:57: 1       10040       10040       10040       10040          50            10040      502000  2041638793      203025          10056.1
 2/ 7/2018 15:57:52       10010       10010       10010       10010         500            10010     5005000  2046643793      203525            10056
 2/ 7/2018 15:58:15       10010       10010       10010       10010         350            10010     3503500  2050147293      203875          10055.9
 2/ 7/2018 15:58:22       10010       10010       10010       10010         150            10010     1501500  2051648793      204025          10055.9
 2/ 7/2018 15:58:25       10010       10010       10010       10010         350            10010     3503500  2055152293      204375          10055.8
 2/ 7/2018 15:58:31       10010       10010       10010       10010         150            10010     1501500  2056653793      204525          10055.8
 2/ 7/2018 15:58:42       10010       10010       10010       10010         200            10010     2002000  2058655793      204725          10055.7
 2/ 7/2018 15:59: 2       10010       10010       10010       10010         200            10010     2002000  2060657793      204925          10055.7
 2/ 7/2018 15:59:32       10010       10010       10010       10010         500            10010     5005000  2065662793      205425          10055.6
 2/ 7/2018 15:59:41       10010       10010       10010       10010         117            10010     1171170  2066833963      205542          10055.5
 2/ 7/2018 16: 5:16        9950        9950        9950        9950         968             9950     9631600  2076465563      206510            10055
 2/ 7/2018 16: 5:41       10010       10010       10010       10010         383            10010     3833830  2080299393      206893            10055
 2/ 7/2018 16: 8:27       10060       10060       10060       10060          10            10060      100600  2080399993      206903            10055
 2/ 7/2018 16: 9:22       10050       10050       10050       10050           5            10050       50250  2080450243      206908            10055
 2/ 7/2018 16:16: 3       10490       10490       10490       10490         500            10490     5245000  2085695243      207408            10056
 2/ 7/2018 16:17:17       10040       10040       10040       10040         488            10040     4899520  2090594763      207896            10056
 2/ 7/2018 16:23:22        9940        9940        9940        9940        1000             9940     9940000  2100534763      208896          10055.4
 2/ 7/2018 16:23:29        9930        9930        9930        9930        1000             9930     9930000  2110464763      209896          10054.8
 2/ 7/2018 16:23:37       10000       10000       10000       10000         613            10000     6130000  2116594763      210509          10054.7
 2/ 7/2018 16:23:47        9990        9990        9990        9990         250             9990     2497500  2119092263      210759          10054.6
 2/ 7/2018 16:25:41        9950        9950        9950        9950         250             9950     2487500  2121579763      211009          10054.5
 2/ 7/2018 16:25:46        9960        9960        9960        9960         250             9960     2490000  2124069763      211259          10054.3
 2/ 7/2018 16:33:31       10000       10000       10000       10000         408            10000     4080000  2128149763      211667          10054.2
 2/ 7/2018 16:34:20        9990        9990        9990        9990         200             9990     1998000  2130147763      211867          10054.2
 2/ 7/2018 16:34:21        9990        9990        9990        9990          50             9990      499500  2130647263      211917          10054.2
 2/ 7/2018 16:34:51        9990        9990        9990        9990          84             9990      839160  2131486423      212001          10054.1
 2/ 7/2018 16:35: 1        9980        9980        9980        9980         100             9980      998000  2132484423      212101          10054.1
 2/ 7/2018 16:35: 6        9970        9990        9970        9990          16          9983.33      159733  2132644156      212117          10054.1
 2/ 7/2018 16:35:18       10000       10000       10000       10000          84            10000      840000  2133484156      212201          10054.1
 2/ 7/2018 16:35:37        9990        9990        9990        9990          10             9990       99900  2133584056      212211          10054.1
 2/ 7/2018 16:35:55        9990        9990        9990        9990         274             9990     2737260  2136321316      212485            10054
 2/ 7/2018 16:36: 4        9980        9980        9980        9980         300             9980     2994000  2139315316      212785          10053.9
 2/ 7/2018 16:36: 8        9990        9990        9990        9990          26             9990      259740  2139575056      212811          10053.9
 2/ 7/2018 16:36:20       10000       10000       10000       10000         290            10000     2900000  2142475056      213101          10053.8
 2/ 7/2018 16:36:25        9990        9990        9990        9990         474             9990     4735260  2147210316      213575          10053.7
 2/ 7/2018 16:36:32        9970        9970        9970        9970         500             9970     4985000  2152195316      214075          10053.5
 2/ 7/2018 16:36:47        9990        9990        9990        9990         350             9990     3496500  2155691816      214425          10053.4
 2/ 7/2018 16:36:53        9990        9990        9990        9990         750             9990     7492500  2163184316      215175          10053.1
 2/ 7/2018 16:37: 2        9990        9990        9990        9990          83             9990      829170  2164013486      215258          10053.1
 2/ 7/2018 16:37:11        9990        9990        9990        9990         878             9990     8771220  2172784706      216136          10052.9
 2/ 7/2018 16:37:19        9980        9980        9980        9980         250             9980     2495000  2175279706      216386          10052.8
 2/ 7/2018 16:37:23        9970        9970        9970        9970         250             9970     2492500  2177772206      216636          10052.7
 2/ 7/2018 16:37:24        9990        9990        9990        9990         122             9990     1218780  2178990986      216758          10052.6
 2/ 7/2018 16:37:32        9980        9980        9980        9980         100             9980      998000  2179988986      216858          10052.6
 2/ 7/2018 16:37:35        9970        9970        9970        9970         100             9970      997000  2180985986      216958          10052.6
 2/ 7/2018 16:38:35        9990        9990        9990        9990         500             9990     4995000  2185980986      217458          10052.4
 2/ 7/2018 16:38:36        9990        9990        9990        9990         500             9990     4995000  2190975986      217958          10052.3
 2/ 7/2018 16:38:52       10020       10020       10020       10020         250            10020     2505000  2193480986      218208          10052.2
 2/ 7/2018 16:38:54       10030       10030       10030       10030         250            10030     2507500  2195988486      218458          10052.2
 2/ 7/2018 16:39: 3        9990        9990        9990        9990           2             9990       19980  2196008466      218460          10052.2
 2/ 7/2018 16:43:17        9960        9960        9960        9960         500             9960     4980000  2200988466      218960            10052
 2/ 7/2018 16:44:49        9910        9910        9910        9910          21             9910      208110  2201196576      218981            10052
 2/ 7/2018 16:51:34       10000       10000       10000       10000        1000            10000    10000000  2211196576      219981          10051.8
 2/ 7/2018 16:52:16        9990        9990        9990        9990         500             9990     4995000  2216191576      220481          10051.6
 2/ 7/2018 16:52:17        9990        9990        9990        9990         500             9990     4995000  2221186576      220981          10051.5
 2/ 7/2018 16:52:25        9990       10000        9990       10000         500          9996.67     4998333  2226184909      221481          10051.4
 2/ 7/2018 16:52:30       10030       10030       10030       10030         150            10030     1504500  2227689409      221631          10051.3
 2/ 7/2018 16:52:39       10000       10000       10000       10000         500            10000     5000000  2232689409      222131          10051.2
 2/ 7/2018 16:52:40       10000       10000       10000       10000         500            10000     5000000  2237689409      222631          10051.1
 2/ 7/2018 16:52:41       10000       10000       10000       10000         500            10000     5000000  2242689409      223131            10051
 2/ 7/2018 16:52:48        9990        9990        9990        9990         500             9990     4995000  2247684409      223631          10050.9
 2/ 7/2018 16:52:54        9990        9990        9990        9990         500             9990     4995000  2252679409      224131          10050.7
 2/ 7/2018 16:52:55        9990        9990        9990        9990         500             9990     4995000  2257674409      224631          10050.6
 2/ 7/2018 16:53:39       10000       10000       10000       10000         918            10000     9180000  2266854409      225549          10050.4
 2/ 7/2018 16:53:51        9980        9980        9980        9980         500             9980     4990000  2271844409      226049          10050.2
 2/ 7/2018 16:53:58        9980        9980        9980        9980         500             9980     4990000  2276834409      226549          10050.1
 2/ 7/2018 16:54: 5       10750       10750       10750       10750         487            10750     5235250  2282069659      227036          10051.6
 2/ 7/2018 16:54: 8        9980        9980        9980        9980         500             9980     4990000  2287059659      227536          10051.4
 2/ 7/2018 16:54:17        9980        9980        9980        9980         500             9980     4990000  2292049659      228036          10051.3
 2/ 7/2018 16:57:13        9990        9990        9990        9990         918             9990     9170820  2301220479      228954            10051
 2/ 7/2018 16:57:41        9990        9990        9990        9990         866             9990     8651340  2309871819      229820          10050.8
 2/ 7/2018 16:59:15       10140       10140       10140       10140         600            10140     6084000  2315955819      230420            10051
 2/ 7/2018 16:59:42       10030       10030       10030       10030           7            10030       70210  2316026029      230427            10051
 2/ 7/2018 17: 0:46       10020       10020       10020       10020         598            10020     5991960  2322017989      231025          10050.9
 2/ 7/2018 17: 4:11        9990        9990        9990        9990         200             9990     1998000  2324015989      231225          10050.9
 2/ 7/2018 17: 6:33       10020       10020       10020       10020          20            10020      200400  2324216389      231245          10050.9
 2/ 7/2018 17:15:24       10000       10000       10000       10000         150            10000     1500000  2325716389      231395          10050.8
 2/ 7/2018 17:21: 7       10020       10020       10020       10020        3000            10020    30060000  2355776389      234395          10050.5
 2/ 7/2018 17:21:23       10010       10010       10010       10010        3000            10010    30030000  2385806389      237395          10049.9
 2/ 7/2018 17:21:40       10000       10000       10000       10000        3000            10000    30000000  2415806389      240395          10049.3
 2/ 7/2018 17:21:57       10030       10030       10030       10030        3000            10030    30090000  2445896389      243395          10049.1
 2/ 7/2018 17:22: 7       10000       10000       10000       10000         150            10000     1500000  2447396389      243545          10049.1
 2/ 7/2018 17:22:30       10020       10020       10020       10020        1900            10020    19038000  2466434389      245445          10048.8
 2/ 7/2018 17:22:34       10000       10000       10000       10000         701            10000     7010000  2473444389      246146          10048.7
 2/ 7/2018 17:22:38       10010       10010       10010       10010        3000            10010    30030000  2503474389      249146          10048.2
 2/ 7/2018 17:22:56       10020       10020       10020       10020        3000            10020    30060000  2533534389      252146          10047.9
 2/ 7/2018 17:24: 5       10010       10010       10010       10010         595            10010     5955950  2539490339      252741          10047.8
 2/ 7/2018 17:26:31        9810        9810        9810        9810         500             9810     4905000  2544395339      253241          10047.3
 2/ 7/2018 17:31:31        9990        9990        9990        9990         595             9990     5944050  2550339389      253836          10047.2
 2/ 7/2018 17:31:45       10010       10010       10010       10010        3000            10010    30030000  2580369389      256836          10046.8
 2/ 7/2018 17:32:50       10000       10000       10000       10000        3000            10000    30000000  2610369389      259836          10046.2
 2/ 7/2018 17:33:52       10000       10000       10000       10000           5            10000       50000  2610419389      259841          10046.2
 2/ 7/2018 17:34: 2       10050       10050       10050       10050        3000            10050    30150000  2640569389      262841          10046.3
 2/ 7/2018 17:35:23       10020       10020       10020       10020        3000            10020    30060000  2670629389      265841            10046
 2/ 7/2018 17:37:50       10100       10100       10100       10100        3000            10100    30300000  2700929389      268841          10046.6
 2/ 7/2018 17:38:31       10000       10000       10000       10000         248            10000     2480000  2703409389      269089          10046.5
 2/ 7/2018 17:44: 3       10000       10000       10000       10000          32            10000      320000  2703729389      269121          10046.5
 2/ 7/2018 17:44:37        9970        9970        9970        9970           1             9970        9970  2703739359      269122          10046.5
 2/ 7/2018 17:44:56        9980        9980        9980        9980           1             9980        9980  2703749339      269123          10046.5
 2/ 7/2018 17:45:44       10000       10000       10000       10000        3000            10000    30000000  2733749339      272123            10046
 2/ 7/2018 17:46:18       10000       10000       10000       10000         468            10000     4680000  2738429339      272591          10045.9
 2/ 7/2018 17:47:11        9990        9990        9990        9990          32             9990      319680  2738749019      272623          10045.9
 2/ 7/2018 17:47:36        9990        9990        9990        9990         468             9990     4675320  2743424339      273091          10045.8
 2/ 7/2018 17:48:27        9990        9990        9990        9990           6             9990       59940  2743484279      273097          10045.8
 2/ 7/2018 17:48:35        9970        9970        9970        9970         500             9970     4985000  2748469279      273597          10045.7
 2/ 7/2018 17:52:58       10500       10500       10500       10500          11            10500      115500  2748584779      273608          10045.7
 2/ 7/2018 17:53:30        9980        9980        9980        9980        1849             9980    18453020  2767037799      275457          10045.3
 2/ 7/2018 17:54:22        9990        9990        9990        9990         794             9990     7932060  2774969859      276251          10045.1
 2/ 7/2018 17:54:39        9980        9980        9980        9980        1000             9980     9980000  2784949859      277251          10044.9
 2/ 7/2018 17:55: 9        9850        9850        9850        9850        1000             9850     9850000  2794799859      278251          10044.2
 2/ 7/2018 17:55:22        9970        9970        9970        9970          30             9970      299100  2795098959      278281          10044.2
 2/ 7/2018 17:55:42        9950        9950        9950        9950         500             9950     4975000  2800073959      278781            10044
 2/ 7/2018 17:55:45        9940        9940        9940        9940         500             9940     4970000  2805043959      279281          10043.8
 2/ 7/2018 17:56:26        9980        9980        9980        9980         105             9980     1047900  2806091859      279386          10043.8
 2/ 7/2018 17:57: 3        9830        9830        9830        9830         750             9830     7372500  2813464359      280136          10043.2
 2/ 7/2018 17:57:11        9980        9980        9980        9980           3             9980       29940  2813494299      280139          10043.2
 2/ 7/2018 17:57:41        9950        9950        9950        9950          21             9950      208950  2813703249      280160          10043.2
 2/ 7/2018 17:57:49        9920        9920        9920        9920         500             9920     4960000  2818663249      280660            10043
 2/ 7/2018 17:57:52        9930        9930        9930        9930         500             9930     4965000  2823628249      281160          10042.8
 2/ 7/2018 17:58:19        9960        9960        9960        9960           1             9960        9960  2823638209      281161          10042.8
 2/ 7/2018 17:59:17        9950        9950        9950        9950          20             9950      199000  2823837209      281181          10042.8
 2/ 7/2018 17:59:39        9960        9960        9960        9960          21             9960      209160  2824046369      281202          10042.8
 2/ 7/2018 18: 5: 5       11420       11800       11420        9950         100          11056.7     1105666  2825152035      281302          10043.1
 2/ 7/2018 18: 8: 0       11420       11800       11420        9950         100          11056.7     1105666  2826257701      281402          10043.5
