         Date              Open        High         Low       Close      Volume     Typical Price         V*P    Total VP     Total V        VWAP    Message Count
 9/ 7/2018 55: 2: 1        5200        6720        5200        5530         100           5816.67      581666      581666         100     5816.66          38
10/ 7/2018  0: 2: 1        5640        6180        5640        6180         250              6000     1500000     2081666         350     5947.62           2
10/ 7/2018  0: 2:46        5630        5630        5630        5630         250              5630     1407500     3489166         600     5815.28           1
10/ 7/2018  2: 2:22        5640        5640        5640        5640         778              5640     4387920     7877086        1378     5716.32           1
10/ 7/2018  2: 2:25        5620        5620        5620        5620           3              5620       16860     7893946        1381     5716.11           1
10/ 7/2018  2: 2:42        5680        5680        5680        5680         600              5680     3408000    11301946        1981     5705.17           1
10/ 7/2018  3: 2: 1        5620        5620        5620        5620         147              5620      826140    12128086        2128     5699.29           1
10/ 7/2018  5: 2: 1        5560        5560        5560        5560           1              5560        5560    12133646        2129     5699.22           1
10/ 7/2018  6: 2:20        5560        5560        5560        5560        3319              5560    18453640    30587286        5448     5614.41           1
10/ 7/2018  7: 2:16        5310        5310        5310        5310        1000              5310     5310000    35897286        6448      5567.2           1
10/ 7/2018 11: 2:51        5330        5330        5330        5330         950              5330     5063500    40960786        7398     5536.74           1
10/ 7/2018 13: 2:55        5530        5530        5530        5530         250              5530     1382500    42343286        7648     5536.52           1
10/ 7/2018 14: 2: 9        5550        5550        5550        5550        1385              5550     7686750    50030036        9033     5538.58           1
10/ 7/2018 14: 2:33        5550        5550        5550        5550         106              5550      588300    50618336        9139     5538.72           1
10/ 7/2018 14: 2:34        5530        5530        5530        5530          30              5530      165900    50784236        9169     5538.69           1
10/ 7/2018 14: 2:35        5540        5540        5540        5540          30              5540      166200    50950436        9199     5538.69           1
10/ 7/2018 14: 2:39        5550        5550        5550        5550         174              5550      965700    51916136        9373      5538.9           1
10/ 7/2018 14: 2:40        5560        5560        5560        5560          10              5560       55600    51971736        9383     5538.93           1
10/ 7/2018 14: 2:41        5570        5580        5570        5580          10           5576.67       55766    52027502        9393     5538.97           2
10/ 7/2018 15: 2: 5        5100        5100        5100        5100        2000              5100    10200000    62227502       11393     5461.91           1
10/ 7/2018 15: 2:27        5630        5630        5630        5630          50              5630      281500    62509002       11443     5462.64           1
10/ 7/2018 15: 2:40        5620        5620        5620        5620          20              5620      112400    62621402       11463     5462.92           1
10/ 7/2018 16: 2:10        5560        5560        5560        5560           2              5560       11120    62632522       11465     5462.93           1
10/ 7/2018 16: 2:11        5560        5560        5560        5560           2              5560       11120    62643642       11467     5462.95           1
10/ 7/2018 16: 2:12        5570        5570        5570        5570           2              5570       11140    62654782       11469     5462.97           1
10/ 7/2018 17: 2:12        5640        5640        5640        5640         375              5640     2115000    64769782       11844     5468.57           1
10/ 7/2018 17: 2:14        5500        5500        5500        5500          25              5500      137500    64907282       11869     5468.64           1
10/ 7/2018 17: 2:48        5170        5170        5170        5170        1500              5170     7755000    72662282       13369     5435.13           1
10/ 7/2018 18: 2:43        5550        5550        5550        5550         100              5550      555000    73217282       13469     5435.99           1
10/ 7/2018 19: 2:14        5150        5150        5150        5150         300              5150     1545000    74762282       13769     5429.75           1
10/ 7/2018 19: 2:26        5550        5550        5550        5550         200              5550     1110000    75872282       13969     5431.48           1
10/ 7/2018 20: 2:46        5800        5800        5800        5800          25              5800      145000    76017282       13994     5432.13           1
10/ 7/2018 20: 2:47        5850        5950        5850        5950          25           5916.67      147916    76165198       14019        5433           3
10/ 7/2018 20: 2:48        6000        6100        6000        6100          25           6066.67      151666    76316864       14044     5434.13           3
10/ 7/2018 20: 2:49        6150        6250        6150        6250          25           6216.67      155416    76472280       14069     5435.52           3
10/ 7/2018 20: 2:50        6300        6400        6300        6400          25           6366.67      159166    76631446       14094     5437.17           3
10/ 7/2018 20: 2:51        6450        6600        6450        6600          25              6550      163750    76795196       14119     5439.14           4
10/ 7/2018 20: 2:52        6650        6700        6650        6700          25           6683.33      167083    76962279       14144     5441.34           2
10/ 7/2018 21: 2: 2        5550        5550        5550        5550         154              5550      854700    77816979       14298     5442.51           1
10/ 7/2018 21: 2:10        5560        5560        5560        5560         180              5560     1000800    78817779       14478     5443.97           1
10/ 7/2018 26: 2:54        5540        5540        5540        5540         124              5540      686960    79504739       14602     5444.78           1
10/ 7/2018 27: 2: 4        5540        5540        5540        5540          76              5540      421040    79925779       14678     5445.28           1
10/ 7/2018 27: 2:19        5550        5550        5550        5550         124              5550      688200    80613979       14802     5446.15           1
10/ 7/2018 27: 2:28        5550        5550        5550        5550           3              5550       16650    80630629       14805     5446.18           1
10/ 7/2018 27: 2:29        5560        5570        5560        5570           3           5566.67       16700    80647329       14808      5446.2           3
10/ 7/2018 27: 2:30        5580        5590        5580        5590           3           5586.67       16760    80664089       14811     5446.23           2
10/ 7/2018 27: 2:31        5600        5610        5550        5610           3              5590       16770    80680859       14814     5446.26           4
10/ 7/2018 27: 2:32        5620        5620        5620        5620           3              5620       16860    80697719       14817     5446.29           1
10/ 7/2018 27: 2:38        5540        5540        5540        5540         500              5540     2770000    83467719       15317     5449.35           1
10/ 7/2018 28: 2: 4        5560        5560        5560        5560           3              5560       16680    83484399       15320     5449.37           1
10/ 7/2018 28: 2:13        5560        5560        5560        5560          47              5560      261320    83745719       15367     5449.71           1
10/ 7/2018 30: 2:17        5550        5550        5550        5550          50              5550      277500    84023219       15417     5450.04           1
10/ 7/2018 30: 2:31        5570        5570        5570        5570           5              5570       27850    84051069       15422     5450.08           1
10/ 7/2018 30: 2:38        5580        5580        5580        5580           2              5580       11160    84062229       15424     5450.09           1
10/ 7/2018 30: 2:53        5580        5580        5580        5580          18              5580      100440    84162669       15442     5450.24           1
10/ 7/2018 31: 2:44        5300        5300        5300        5300         222              5300     1176600    85339269       15664     5448.11           1
10/ 7/2018 31: 2:45        5580        5580        5580        5580          54              5580      301320    85640589       15718     5448.57           1
10/ 7/2018 34: 2:41        5850        5850        5850        5850         100              5850      585000    86225589       15818     5451.11           1
10/ 7/2018 39: 2: 9        5590        5590        5590        5590          13              5590       72670    86298259       15831     5451.22           1
10/ 7/2018 39: 2:17        5600        5600        5600        5600           4              5600       22400    86320659       15835     5451.26           1
10/ 7/2018 39: 2:24        5610        5610        5610        5610           7              5610       39270    86359929       15842     5451.33           1
10/ 7/2018 39: 2:31        5620        5620        5620        5620          12              5620       67440    86427369       15854     5451.46           1
10/ 7/2018 39: 2:48        5640        5640        5640        5640          10              5640       56400    86483769       15864     5451.57           1
10/ 7/2018 42: 2:10        5600        5600        5600        5600         100              5600      560000    87043769       15964      5452.5           1
10/ 7/2018 42: 2:15        6080        6080        6080        6080        5500              6080    33440000   120483769       21464      5613.3           1
10/ 7/2018 44: 2:35        5580        5580        5580        5580        1040              5580     5803200   126286969       22504     5611.76           1
10/ 7/2018 44: 2:47        5560        5560        5560        5560         100              5560      556000   126842969       22604     5611.53           1
10/ 7/2018 44: 2:50        5310        5310        5310        5310        1000              5310     5310000   132152969       23604     5598.75           1
10/ 7/2018 45: 2:12        5320        5320        5320        5320        1000              5320     5320000   137472969       24604     5587.42           1
10/ 7/2018 47: 2:24        5530        5530        5530        5530         100              5530      553000   138025969       24704     5587.19           1
10/ 7/2018 50: 2:45        5890        5890        5890        5890        1000              5890     5890000   143915969       25704     5598.97           1
10/ 7/2018 51: 2:20        6150        6150        6150        6150           4              6150       24600   143940569       25708     5599.06           1
10/ 7/2018 51: 2:44        6410        6410        6410        6410           6              6410       38460   143979029       25714     5599.25           1
10/ 7/2018 52: 2: 4        6690        6690        6690        6690           9              6690       60210   144039239       25723     5599.63           1
10/ 7/2018 52: 2:28        5860        5860        5860        5860           4              5860       23440   144062679       25727     5599.67           1
10/ 7/2018 57: 2:59        5570        5570        5570        5570         250              5570     1392500   145455179       25977     5599.38           1
10/ 7/2018 58: 2: 9        5580        5580        5580        5580           1              5580        5580   145460759       25978     5599.38           1
10/ 7/2018 58: 2:50        5630        5630        5630        5630          50              5630      281500   145742259       26028     5599.44           1
11/ 7/2018  0: 2:42        5640        5640        5640        5640         775              5640     4371000   150113259       26803     5600.61           1
11/ 7/2018  3: 2: 8        5600        5600        5600        5600         101              5600      565600   150678859       26904     5600.61           1
11/ 7/2018  3: 2:51        5690        5690        5690        5690          50              5690      284500   150963359       26954     5600.78           1
11/ 7/2018  6: 2:43        6720        6720        6720        6720         700              6720     4704000   155667359       27654     5629.11           1
11/ 7/2018  8: 2: 7        5640        5640        5640        5640          48              5640      270720   155938079       27702     5629.13           1
11/ 7/2018  8: 2:36        5640        5640        5640        5640           3              5640       16920   155954999       27705     5629.13           1
11/ 7/2018  9: 2: 7        5640        5640        5640        5640           5              5640       28200   155983199       27710     5629.13           1
11/ 7/2018 20: 2:41        5870        5870        5580        5580         202           5676.67     1146686   157129885       27912     5629.47           2
11/ 7/2018 29: 2:19        5630        5630        5630        5630         100              5630      563000   157692885       28012     5629.48           1
11/ 7/2018 32: 2:54        5590        5590        5590        5590          10              5590       55900   157748785       28022     5629.46           1
11/ 7/2018 33: 2: 3        5600        5600        5600        5600          15              5600       84000   157832785       28037     5629.45           1
11/ 7/2018 33: 2:13        5610        5610        5610        5610           3              5610       16830   157849615       28040     5629.44           1
11/ 7/2018 33: 2:20        5620        5620        5620        5620           7              5620       39340   157888955       28047     5629.44           1
11/ 7/2018 33: 2:32        5630        5630        5630        5630         375              5630     2111250   160000205       28422     5629.45           1
11/ 7/2018 34: 2:11        5630        5630        5630        5630          25              5630      140750   160140955       28447     5629.45           1
11/ 7/2018 34: 2:14        5630        5630        5630        5630         100              5630      563000   160703955       28547     5629.45           1
11/ 7/2018 35: 2:34        5630        5630        5630        5630          32              5630      180160   160884115       28579     5629.45           1
11/ 7/2018 36: 2: 0        5630        5630        5630        5630         100              5630      563000   161447115       28679     5629.45           1
11/ 7/2018 36: 2:23        5650        5650        5650        5650         100              5650      565000   162012115       28779     5629.53           1
11/ 7/2018 36: 2:25        5630        5630        5630        5630          50              5630      281500   162293615       28829     5629.53           1
11/ 7/2018 36: 2:33        5630        5630        5630        5630          77              5630      433510   162727125       28906     5629.53           1
11/ 7/2018 36: 2:42        5690        5690        5690        5690         100              5690      569000   163296125       29006     5629.74           1
11/ 7/2018 37: 2:58        5620        5620        5620        5620           3              5620       16860   163312985       29009     5629.74           1
11/ 7/2018 38: 2: 9        5620        5620        5620        5620          10              5620       56200   163369185       29019     5629.73           1
11/ 7/2018 38: 2:27        5610        5610        5610        5610           7              5610       39270   163408455       29026     5629.73           1
11/ 7/2018 39: 2:24        5630        5630        5630        5630          39              5630      219570   163628025       29065     5629.73           1
11/ 7/2018 51: 2:35        5590        5590        5590        5590         375              5590     2096250   165724275       29440     5629.22           1
11/ 7/2018 54: 2:22        5620        5620        5620        5620         110              5620      618200   166342475       29550     5629.19           1
12/ 7/2018  2: 2:14        5630        5630        5630        5630          19              5630      106970   166449445       29569     5629.19           1
12/ 7/2018  2: 2:27        5630        5630        5630        5630         163              5630      917690   167367135       29732     5629.19           1
12/ 7/2018  3: 2:12        5620        5620        5620        5620         110              5620      618200   167985335       29842     5629.16           1
12/ 7/2018  3: 2:29        5650        5650        5650        5650          15              5650       84750   168070085       29857     5629.17           1
12/ 7/2018  3: 2:42        5690        5690        5690        5690         150              5690      853500   168923585       30007     5629.47           1
12/ 7/2018  3: 2:57        6000        6000        6000        6000         200              6000     1200000   170123585       30207     5631.93           1
12/ 7/2018  4: 2:12        5950        5950        5950        5950         200              5950     1190000   171313585       30407     5634.02           1
12/ 7/2018  7: 2:12        5540        5540        5540        5540          73              5540      404420   171718005       30480     5633.79           1
12/ 7/2018  8: 2:26        5580        5580        5580        5580          50              5580      279000   171997005       30530      5633.7           1
12/ 7/2018  8: 2:45        5630        5630        5630        5630         549              5630     3090870   175087875       31079     5633.64           1
12/ 7/2018  9: 2:45        5580        5580        5580        5580          50              5580      279000   175366875       31129     5633.55           1
12/ 7/2018 10: 2:14        5580        5580        5580        5580         100              5580      558000   175924875       31229     5633.38           1
12/ 7/2018 11: 2:20        5550        5550        5550        5550         300              5550     1665000   177589875       31529     5632.59           1
12/ 7/2018 13: 2:21        5650        5650        5650        5650          45              5650      254250   177844125       31574     5632.61           1
12/ 7/2018 14: 2:18        5880        5880        5880        5880        1000              5880     5880000   183724125       32574     5640.21           1
12/ 7/2018 14: 2:29        6030        6030        6030        6030        1224              6030     7380720   191104845       33798     5654.32           1
12/ 7/2018 14: 2:51        5340        5340        5340        5340          71              5340      379140   191483985       33869     5653.67           1
12/ 7/2018 19: 2:17        6040        6040        6040        6040        1000              6040     6040000   197523985       34869     5664.74           1
12/ 7/2018 23: 2: 9        5600        5600        5600        5600         700              5600     3920000   201443985       35569     5663.47           1
12/ 7/2018 44: 2: 0        6500        6500        6500        6500         810              6500     5265000   206708985       36379      5682.1           1
12/ 7/2018 45: 2:58        5630        5630        5630        5630          10              5630       56300   206765285       36389     5682.08           1
13/ 7/2018 55: 2:19        5100        6720        5100        6500         810           6106.67     4946400   211711685       37199     5691.33          96
14/ 7/2018  3: 2:47        5590        5590        5590        5590        1790              5590    10006100   221717785       38989     5686.68           1
14/ 7/2018 13: 2:20        5600        5600        5600        5600          30              5600      168000   221885785       39019     5686.61           1
14/ 7/2018 18: 2:52        5610        5610        5610        5610         348              5610     1952280   223838065       39367     5685.93           1
14/ 7/2018 21: 2:26        5600        5600        5600        5600        1000              5600     5600000   229438065       40367      5683.8           1
14/ 7/2018 21: 2:40        5610        5610        5610        5610         250              5610     1402500   230840565       40617     5683.35           1
14/ 7/2018 21: 2:42        5610        5610        5610        5610         250              5610     1402500   232243065       40867      5682.9           1
14/ 7/2018 21: 2:43        5610        5610        5610        5610         250              5610     1402500   233645565       41117     5682.46           1
14/ 7/2018 21: 2:44        5610        5610        5610        5610         250              5610     1402500   235048065       41367     5682.02           1
14/ 7/2018 27: 2:16        5630        5630        5630        5630         627              5630     3530010   238578075       41994     5681.24           1
14/ 7/2018 27: 2:31        5620        5620        5620        5620         375              5620     2107500   240685575       42369      5680.7           1
14/ 7/2018 34: 2: 8        5620        5620        5620        5620         135              5620      758700   241444275       42504     5680.51           1
14/ 7/2018 37: 2:24        5630        5630        5630        5630         873              5630     4914990   246359265       43377     5679.49           1
14/ 7/2018 38: 2:24        5600        5600        5600        5600         583              5600     3264800   249624065       43960     5678.44           1
14/ 7/2018 42: 2:12        5640        5640        5640        5640          89              5640      501960   250126025       44049     5678.36           1
14/ 7/2018 42: 2:23        5650        5650        5650        5650           5              5650       28250   250154275       44054     5678.36           1
14/ 7/2018 43: 2: 1        5670        5670        5670        5670         100              5670      567000   250721275       44154     5678.34           1
14/ 7/2018 44: 2:16        5650        5650        5650        5650         217              5650     1226050   251947325       44371      5678.2           1
14/ 7/2018 44: 2:50        5640        5640        5640        5640           6              5640       33840   251981165       44377     5678.19           1
14/ 7/2018 45: 2: 8        5610        5610        5610        5610         125              5610      701250   252682415       44502        5678           1
14/ 7/2018 45: 2:14        5650        5650        5650        5650        1000              5650     5650000   258332415       45502     5677.39           1
14/ 7/2018 45: 2:15        5620        5620        5620        5620          50              5620      281000   258613415       45552     5677.32           1
14/ 7/2018 45: 2:35        5640        5640        5600        5600        1268           5613.33     7117706   265731121       46820     5675.59           2
14/ 7/2018 45: 2:38        5940        5940        5940        5940         968              5940     5749920   271481041       47788     5680.95           1
14/ 7/2018 45: 2:41        5650        5650        5650        5650         100              5650      565000   272046041       47888     5680.88           1
14/ 7/2018 45: 2:52        5650        5650        5650        5650          25              5650      141250   272187291       47913     5680.87           1
14/ 7/2018 46: 2:16        5860        5860        5860        5860         200              5860     1172000   273359291       48113     5681.61           1
14/ 7/2018 46: 2:19        5870        5870        5870        5870         500              5870     2935000   276294291       48613     5683.55           1
14/ 7/2018 46: 2:24        5650        5650        5650        5650         700              5650     3955000   280249291       49313     5683.07           1
14/ 7/2018 46: 2:38        5830        5830        5830        5830         100              5830      583000   280832291       49413     5683.37           1
14/ 7/2018 46: 2:41        5850        5850        5850        5850         308              5850     1801800   282634091       49721      5684.4           1
14/ 7/2018 46: 2:50        5730        5730        5730        5730         532              5730     3048360   285682451       50253     5684.88           1
14/ 7/2018 46: 2:54        5800        5800        5800        5800         250              5800     1450000   287132451       50503     5685.45           1
14/ 7/2018 47: 2: 0        5660        5660        5660        5660         100              5660      566000   287698451       50603      5685.4           1
14/ 7/2018 47: 2:17        5850        5850        5850        5850         100              5850      585000   288283451       50703     5685.73           1
14/ 7/2018 47: 2:18        6070        6070        6070        6070         325              6070     1972750   290256201       51028     5688.18           1
14/ 7/2018 47: 2:35        5820        5820        5820        5820         100              5820      582000   290838201       51128     5688.43           1
14/ 7/2018 47: 2:37        5790        5790        5790        5790          50              5790      289500   291127701       51178     5688.53           1
14/ 7/2018 47: 2:40        5900        5900        5900        5900         800              5900     4720000   295847701       51978     5691.79           1
14/ 7/2018 47: 2:48        5890        5890        5890        5890         100              5890      589000   296436701       52078     5692.17           1
14/ 7/2018 47: 2:51        5700        5700        5700        5700         318              5700     1812600   298249301       52396     5692.22           1
14/ 7/2018 47: 2:59        5780        5780        5780        5780         100              5780      578000   298827301       52496     5692.38           1
14/ 7/2018 49: 2:15        5730        5730        5730        5730         100              5730      573000   299400301       52596     5692.45           1
14/ 7/2018 49: 2:18        5560        5560        5560        5560          71              5560      394760   299795061       52667     5692.28           1
14/ 7/2018 49: 2:52        6000        6000        6000        6000          10              6000       60000   299855061       52677     5692.33           1
14/ 7/2018 50: 2: 0        5400        5400        5400        5400          71              5400      383400   300238461       52748     5691.94           1
14/ 7/2018 50: 2:17        5610        5610        5610        5610         500              5610     2805000   303043461       53248     5691.17           1
14/ 7/2018 50: 2:55        5700        5700        5700        5700           5              5700       28500   303071961       53253     5691.17           1
14/ 7/2018 52: 2:52        5690        5690        5690        5690          20              5690      113800   303185761       53273     5691.17           1
14/ 7/2018 53: 2: 2        5750        5750        5750        5750          10              5750       57500   303243261       53283     5691.18           1
14/ 7/2018 53: 2:11        5670        5670        5670        5670          25              5670      141750   303385011       53308     5691.17           1
14/ 7/2018 53: 2:21        5680        5680        5680        5680          10              5680       56800   303441811       53318     5691.17           1
14/ 7/2018 53: 2:29        5690        5690        5690        5690          15              5690       85350   303527161       53333     5691.17           1
14/ 7/2018 53: 2:40        5700        5700        5700        5700           1              5700        5700   303532861       53334     5691.17           1
14/ 7/2018 54: 2:29        5690        5690        5690        5690          85              5690      483650   304016511       53419     5691.17           1
14/ 7/2018 54: 2:44        5690        5690        5690        5690          15              5690       85350   304101861       53434     5691.17           1
14/ 7/2018 54: 2:45        5690        5690        5690        5690        1070              5690     6088300   310190161       54504     5691.14           1
14/ 7/2018 54: 2:57        5900        5900        5900        5900        6955              5900    41034500   351224661       61459     5714.78           1
14/ 7/2018 55: 2: 8        5700        5700        5700        5700         881              5700     5021700   356246361       62340     5714.57           1
14/ 7/2018 55: 2:33        5720        5720        5720        5720         881              5720     5039320   361285681       63221     5714.65           1
14/ 7/2018 56: 2:17        5730        5730        5730        5730         250              5730     1432500   362718181       63471     5714.71           1
14/ 7/2018 56: 2:19        5700        5700        5700        5700           1              5700        5700   362723881       63472     5714.71           1
14/ 7/2018 56: 2:35        5840        5840        5840        5840        1000              5840     5840000   368563881       64472     5716.65           1
14/ 7/2018 56: 2:49        5940        5940        5940        5940        1070              5940     6355800   374919681       65542      5720.3           1
14/ 7/2018 56: 2:54        5920        5920        5920        5920         500              5920     2960000   377879681       66042     5721.81           1
14/ 7/2018 56: 2:55        5730        5730        5730        5730           5              5730       28650   377908331       66047     5721.81           1
14/ 7/2018 57: 2:31        6080        6080        6080        6080          25              6080      152000   378060331       66072     5721.94           1
14/ 7/2018 58: 2:38        5750        5750        5750        5750           5              5750       28750   378089081       66077     5721.95           1
15/ 7/2018  1: 2: 3        5840        5840        5840        5840         270              5840     1576800   379665881       66347     5722.43           1
15/ 7/2018  2: 2:10        5710        5710        5710        5710        2500              5710    14275000   393940881       68847     5721.98           1
15/ 7/2018  2: 2:21        5730        5730        5730        5730         166              5730      951180   394892061       69013        5722           1
15/ 7/2018  2: 2:32        5750        5750        5750        5750          11              5750       63250   394955311       69024        5722           1
15/ 7/2018  2: 2:45        5730        5730        5730        5730        2500              5730    14325000   409280311       71524     5722.28           1
15/ 7/2018  2: 2:50        5770        5770        5770        5770          25              5770      144250   409424561       71549      5722.3           1
15/ 7/2018  2: 2:58        5780        5780        5780        5780          25              5780      144500   409569061       71574     5722.32           1
15/ 7/2018  3: 2:15        5790        5790        5790        5790           5              5790       28950   409598011       71579     5722.32           1
15/ 7/2018  3: 2:25        5780        5780        5780        5780          75              5780      433500   410031511       71654     5722.38           1
15/ 7/2018  3: 2:27        5780        5780        5780        5780         250              5780     1445000   411476511       71904     5722.58           1
15/ 7/2018  3: 2:30        5880        5880        5880        5880           5              5880       29400   411505911       71909     5722.59           1
15/ 7/2018  3: 2:34        5770        5770        5770        5770         225              5770     1298250   412804161       72134     5722.74           1
15/ 7/2018  3: 2:36        5730        5730        5730        5730         246              5730     1409580   414213741       72380     5722.77           1
15/ 7/2018  4: 2: 5        5710        5710        5710        5710          65              5710      371150   414584891       72445     5722.75           1
15/ 7/2018  5: 2:16        5880        5880        5880        5880         300              5880     1764000   416348891       72745      5723.4           1
15/ 7/2018  6: 2: 7        6020        6020        6020        6020        2899              6020    17451980   433800871       75644     5734.77           1
15/ 7/2018  6: 2:58        5730        5730        5730        5730         209              5730     1197570   434998441       75853     5734.76           1
15/ 7/2018  7: 2:19        5730        5730        5730        5730          16              5730       91680   435090121       75869     5734.75           1
15/ 7/2018  8: 2:15        5730        5730        5730        5730         100              5730      573000   435663121       75969     5734.75           1
15/ 7/2018  8: 2:21        5730        5730        5730        5730          22              5730      126060   435789181       75991     5734.75           1
15/ 7/2018  8: 2:46        5800        5800        5800        5800         250              5800     1450000   437239181       76241     5734.96           1
15/ 7/2018  9: 2: 3        5760        5760        5760        5760         250              5760     1440000   438679181       76491     5735.04           1
15/ 7/2018  9: 2:26        5830        5830        5830        5830         778              5830     4535740   443214921       77269        5736           1
15/ 7/2018  9: 2:34        5940        5940        5940        5940        1097              5940     6516180   449731101       78366     5738.85           1
15/ 7/2018 10: 2:20        5750        5750        5750        5750         151              5750      868250   450599351       78517     5738.88           1
15/ 7/2018 10: 2:52        5750        5750        5750        5750         203              5750     1167250   451766601       78720      5738.9           1
15/ 7/2018 11: 2:25        5730        5730        5730        5730         178              5730     1019940   452786541       78898     5738.88           1
15/ 7/2018 12: 2:31        5710        5710        5710        5710         185              5710     1056350   453842891       79083     5738.82           1
15/ 7/2018 13: 2:12        5710        5710        5710        5710          10              5710       57100   453899991       79093     5738.81           1
15/ 7/2018 13: 2:40        5700        5700        5700        5700          44              5700      250800   454150791       79137     5738.79           1
15/ 7/2018 13: 2:46        5730        5730        5730        5730         983              5730     5632590   459783381       80120     5738.68           1
15/ 7/2018 14: 2:18        5640        5640        5640        5640         656              5640     3699840   463483221       80776     5737.88           1
15/ 7/2018 14: 2:23        5700        5700        5700        5700         983              5700     5603100   469086321       81759     5737.43           1
15/ 7/2018 15: 2: 0        5640        5640        5640        5640         225              5640     1269000   470355321       81984     5737.16           1
15/ 7/2018 16: 2: 1        5820        5820        5820        5820          50              5820      291000   470646321       82034     5737.21           1
15/ 7/2018 16: 2: 7        5630        5630        5630        5630         218              5630     1227340   471873661       82252     5736.93           1
15/ 7/2018 16: 2:11        5700        5700        5700        5700          10              5700       57000   471930661       82262     5736.92           1
15/ 7/2018 16: 2:17        5600        5600        5600        5600          25              5600      140000   472070661       82287     5736.88           1
15/ 7/2018 16: 2:18        5890        5890        5890        5890          50              5890      294500   472365161       82337     5736.97           1
15/ 7/2018 16: 2:32        5940        5940        5940        5940          50              5940      297000   472662161       82387      5737.1           1
15/ 7/2018 16: 2:48        5990        5990        5990        5990          50              5990      299500   472961661       82437     5737.25           1
15/ 7/2018 17: 2:35        5540        5540        5540        5540         500              5540     2770000   475731661       82937     5736.06           1
15/ 7/2018 18: 2:10        5850        5850        5850        5850        6955              5850    40686750   516418411       89892     5744.88           1
15/ 7/2018 19: 2:53        5630        5630        5630        5630         194              5630     1092220   517510631       90086     5744.63           1
15/ 7/2018 21: 2: 8        5630        5630        5630        5630         150              5630      844500   518355131       90236     5744.44           1
15/ 7/2018 21: 2:17        5620        5620        5620        5620         500              5620     2810000   521165131       90736     5743.75           1
15/ 7/2018 21: 2:24        5610        5610        5610        5610         444              5610     2490840   523655971       91180      5743.1           1
15/ 7/2018 21: 2:50        5730        5730        5730        5730         700              5730     4011000   527666971       91880        5743           1
15/ 7/2018 22: 2:21        5600        5600        5600        5600          58              5600      324800   527991771       91938     5742.91           1
15/ 7/2018 22: 2:29        5590        5590        5590        5590         500              5590     2795000   530786771       92438     5742.08           1
15/ 7/2018 23: 2:25        5500        5500        5500        5500        1000              5500     5500000   536286771       93438     5739.49           1
15/ 7/2018 24: 2:56        5330        5330        5330        5330         900              5330     4797000   541083771       94338     5735.59           1
15/ 7/2018 25: 2:12        5610        5610        5610        5610          64              5610      359040   541442811       94402      5735.5           1
15/ 7/2018 25: 2:30        5540        5540        5540        5540          49              5540      271460   541714271       94451      5735.4           1
15/ 7/2018 26: 2:40        5610        5610        5610        5610         100              5610      561000   542275271       94551     5735.27           1
15/ 7/2018 27: 2:46        5530        5530        5530        5530         100              5530      553000   542828271       94651     5735.05           1
15/ 7/2018 27: 2:52        5550        5550        5550        5550         950              5550     5272500   548100771       95601     5733.21           1
15/ 7/2018 29: 2:25        5620        5620        5620        5620         510              5620     2866200   550966971       96111     5732.61           1
15/ 7/2018 30: 2:17        5630        5630        5630        5630         850              5630     4785500   555752471       96961     5731.71           1
15/ 7/2018 31: 2:16        5680        5680        5680        5680           5              5680       28400   555780871       96966     5731.71           1
15/ 7/2018 31: 2:17        5630        5630        5630        5630         800              5630     4504000   560284871       97766     5730.88           1
15/ 7/2018 34: 2: 1        5550        5550        5550        5550          25              5550      138750   560423621       97791     5730.83           1
15/ 7/2018 35: 2:41        5690        5690        5690        5690         500              5690     2845000   563268621       98291     5730.62           1
15/ 7/2018 36: 2:20        5550        5550        5550        5550         100              5550      555000   563823621       98391     5730.44           1
15/ 7/2018 44: 2:14        5680        5680        5680        5680         250              5680     1420000   565243621       98641     5730.31           1
15/ 7/2018 44: 2:35        5680        5680        5680        5680         250              5680     1420000   566663621       98891     5730.18           1
15/ 7/2018 46: 2:46        5980        5980        5980        5980         583              5980     3486340   570149961       99474     5731.65           1
15/ 7/2018 48: 2: 4        5690        5690        5690        5690        1070              5690     6088300   576238261      100544      5731.2           1
15/ 7/2018 48: 2: 9        5630        5630        5630        5630         500              5630     2815000   579053261      101044      5730.7           1
15/ 7/2018 57: 2: 0        5660        5660        5660        5660          15              5660       84900   579138161      101059     5730.69           1
15/ 7/2018 57: 2:59        5640        5640        5640        5640         100              5640      564000   579702161      101159      5730.6           1
15/ 7/2018 59: 2:39        5880        5880        5880        5880         280              5880     1646400   581348561      101439     5731.02           1
16/ 7/2018  1: 2:40        5840        5840        5840        5840        1000              5840     5840000   587188561      102439     5732.08           1
16/ 7/2018  2: 2:19        5690        5690        5690        5690         490              5690     2788100   589976661      102929     5731.88           1
16/ 7/2018 10: 2:30        5660        5660        5660        5660         999              5660     5654340   595631001      103928     5731.19           1
16/ 7/2018 13: 2:34        5680        5680        5680        5680        1070              5680     6077600   601708601      104998     5730.67           1
16/ 7/2018 13: 2:46        5660        5660        5660        5660         561              5660     3175260   604883861      105559     5730.29           1
16/ 7/2018 14: 2:21        5630        5630        5630        5630         478              5630     2691140   607575001      106037     5729.84           1
16/ 7/2018 15: 2:15        5610        5610        5610        5610         414              5610     2322540   609897541      106451     5729.37           1
16/ 7/2018 16: 2: 2        5600        5600        5600        5600         100              5600      560000   610457541      106551     5729.25           1
16/ 7/2018 18: 2: 9        5670        5670        5670        5670           1              5670        5670   610463211      106552     5729.25           1
16/ 7/2018 20: 2: 0        5500        5500        5500        5500         442              5500     2431000   612894211      106994      5728.3           1
16/ 7/2018 20: 2:45        5680        5680        5600        5600          10           5626.67       56266   612950477      107004     5728.29           2
16/ 7/2018 21: 2:13        5710        5710        5710        5710         100              5710      571000   613521477      107104     5728.28           1
16/ 7/2018 21: 2:43        5750        5750        5750        5750         250              5750     1437500   614958977      107354     5728.33           1
16/ 7/2018 21: 2:50        5670        5670        5670        5670         131              5670      742770   615701747      107485     5728.26           1
16/ 7/2018 22: 2:16        5800        5800        5800        5800         250              5800     1450000   617151747      107735     5728.42           1
16/ 7/2018 23: 2: 3        5490        5490        5490        5490          78              5490      428220   617579967      107813     5728.25           1
16/ 7/2018 34: 2:47        5600        5600        5600        5600         190              5600     1064000   618643967      108003     5728.03           1
16/ 7/2018 35: 2:26        5610        5610        5610        5610         190              5610     1065900   619709867      108193     5727.82           1
16/ 7/2018 37: 2:40        5620        5620        5620        5620         100              5620      562000   620271867      108293     5727.72           1
16/ 7/2018 42: 2:17        5640        5640        5640        5640          58              5640      327120   620598987      108351     5727.67           1
16/ 7/2018 42: 2:19        5550        5550        5550        5550          71              5550      394050   620993037      108422     5727.56           1
16/ 7/2018 45: 2: 8        5630        5630        5630        5630         200              5630     1126000   622119037      108622     5727.38           1
16/ 7/2018 51: 2:59        5620        5620        5620        5620          10              5620       56200   622175237      108632     5727.37           1
16/ 7/2018 52: 2: 6        5630        5630        5630        5630          10              5630       56300   622231537      108642     5727.36           1
16/ 7/2018 58: 2:18        5690        5690        5690        5690         500              5690     2845000   625076537      109142     5727.19           1
17/ 7/2018  3: 2:37        5630        5630        5630        5630           8              5630       45040   625121577      109150     5727.18           1
17/ 7/2018  5: 2: 4        5550        5550        5550        5550         100              5550      555000   625676577      109250     5727.02           1
17/ 7/2018  5: 2:51        5670        5670        5670        5670         600              5670     3402000   629078577      109850     5726.71           1
17/ 7/2018  6: 2:17        5670        5670        5670        5670         100              5670      567000   629645577      109950     5726.65           1
17/ 7/2018  6: 2:56        5700        5700        5700        5700         140              5700      798000   630443577      110090     5726.62           1
17/ 7/2018  7: 2:24        5670        5670        5670        5670          24              5670      136080   630579657      110114     5726.61           1
17/ 7/2018  8: 2:23        5810        5810        5810        5810        2000              5810    11620000   642199657      112114      5728.1           1
17/ 7/2018  8: 2:42        5670        5670        5670        5670          76              5670      430920   642630577      112190     5728.06           1
17/ 7/2018  9: 2:35        5670        5670        5670        5670         500              5670     2835000   645465577      112690      5727.8           1
17/ 7/2018  9: 2:50        5640        5640        5640        5640          20              5640      112800   645578377      112710     5727.78           1
17/ 7/2018 10: 2:20        5650        5650        5650        5650         100              5650      565000   646143377      112810     5727.71           1
17/ 7/2018 10: 2:26        5640        5640        5640        5640         100              5640      564000   646707377      112910     5727.64           1
17/ 7/2018 25: 2: 8        5510        5510        5510        5510        1000              5510     5510000   652217377      113910     5725.73           1
17/ 7/2018 26: 2:57        5660        5660        5660        5660         100              5660      566000   652783377      114010     5725.67           1
17/ 7/2018 31: 2:59        5650        5650        5650        5650          50              5650      282500   653065877      114060     5725.63           1
17/ 7/2018 33: 2:26        5640        5640        5640        5640         599              5640     3378360   656444237      114659     5725.19           1
17/ 7/2018 33: 2:37        5630        5630        5630        5630         389              5630     2190070   658634307      115048     5724.87           1
17/ 7/2018 33: 2:43        5610        5610        5610        5610         148              5610      830280   659464587      115196     5724.72           1
17/ 7/2018 33: 2:55        5590        5590        5590        5590           5              5590       27950   659492537      115201     5724.71           1
17/ 7/2018 34: 2: 1        5560        5560        5560        5560          10              5560       55600   659548137      115211      5724.7           1
17/ 7/2018 34: 2: 8        5710        5710        5710        5710         185              5710     1056350   660604487      115396     5724.67           1
17/ 7/2018 34: 2: 9        5590        5590        5530        5530          15              5550       83250   660687737      115411     5724.65           2
17/ 7/2018 34: 2:15        5600        5600        5600        5600           5              5600       28000   660715737      115416     5724.65           1
17/ 7/2018 34: 2:41        5560        5560        5560        5560         500              5560     2780000   663495737      115916     5723.94           1
17/ 7/2018 34: 2:58        5600        5600        5600        5600          80              5600      448000   663943737      115996     5723.85           1
17/ 7/2018 36: 2:14        5680        5680        5680        5680         250              5680     1420000   665363737      116246     5723.76           1
17/ 7/2018 36: 2:31        5750        5750        5750        5750         250              5750     1437500   666801237      116496     5723.81           1
17/ 7/2018 37: 2:17        5610        5610        5610        5610         100              5610      561000   667362237      116596     5723.71           1
17/ 7/2018 43: 2: 9        5610        5610        5610        5610         103              5610      577830   667940067      116699     5723.61           1
17/ 7/2018 46: 2:10        5640        5640        5640        5640         250              5640     1410000   669350067      116949     5723.44           1
17/ 7/2018 51: 2:57        5620        5620        5620        5620          25              5620      140500   669490567      116974     5723.41           1
17/ 7/2018 56: 2: 7        5660        5660        5660        5660           1              5660        5660   669496227      116975     5723.41           1
17/ 7/2018 58: 2:59        5610        5610        5610        5610          15              5610       84150   669580377      116990      5723.4           1
18/ 7/2018  5: 2: 5        5100        6720        5100        5660           1           5826.67        5826   669586203      116991      5723.4         113
18/ 7/2018  8: 2: 0        5100        6720        5100        5660           1           5826.67        5826   669592029      116992      5723.4         113
