         Date              Open        High         Low       Close      Volume    Typical Price         V*P    Total VP     Total V            VWAP
 2/ 7/2018  9:55: 1        2590        3150        2590        2780         750             2840     2130000     2130000         750             2840
 2/ 7/2018 10: 0: 0        2630        2850        2570        2850        3000          2756.67     8270000    10400000        3750          2773.33
 2/ 7/2018 10: 0: 1        2650        2650        2530        2530        1000             2570     2570000    12970000        4750          2730.53
 2/ 7/2018 10: 0: 3        2580        2600        2580        2600       10000          2593.33    25933333    38903333       14750          2637.51
 2/ 7/2018 10: 0: 4        2630        2650        2630        2650         500          2643.33     1321666    40224999       15250           2637.7
 2/ 7/2018 10: 0:13        2610        2610        2610        2610        2904             2610     7579440    47804439       18154          2633.27
 2/ 7/2018 10: 1:16        2550        2550        2550        2550         900             2550     2295000    50099439       19054          2629.34
 2/ 7/2018 10: 2:45        2610        2610        2610        2610         300             2610      783000    50882439       19354          2629.04
 2/ 7/2018 10: 2:47        2600        2600        2600        2600          50             2600      130000    51012439       19404          2628.97
 2/ 7/2018 10: 2:55        2750        2750        2750        2750        1000             2750     2750000    53762439       20404           2634.9
 2/ 7/2018 10: 3:30        2630        2650        2630        2650         224          2643.33      592106    54354545       20628          2634.99
 2/ 7/2018 10: 3:31        2610        2610        2610        2610         500             2610     1305000    55659545       21128           2634.4
 2/ 7/2018 10: 3:54        2630        2630        2630        2630         158             2630      415540    56075085       21286          2634.36
 2/ 7/2018 10: 3:55        2620        2640        2620        2640         175          2633.33      460833    56535918       21461          2634.36
 2/ 7/2018 10: 3:56        2620        2620        2620        2620          50             2620      131000    56666918       21511          2634.32
 2/ 7/2018 10: 3:58        2620        2620        2620        2620          50             2620      131000    56797918       21561          2634.29
 2/ 7/2018 10: 4: 1        2620        2620        2620        2620          50             2620      131000    56928918       21611          2634.26
 2/ 7/2018 10: 4: 2        2620        2620        2620        2620          50             2620      131000    57059918       21661          2634.22
 2/ 7/2018 10: 4: 3        2620        2620        2620        2620          50             2620      131000    57190918       21711          2634.19
 2/ 7/2018 10: 4: 5        2740        2740        2740        2740         326             2740      893240    58084158       22037          2635.76
 2/ 7/2018 10: 4: 6        2630        2630        2630        2630         842             2630     2214460    60298618       22879          2635.54
 2/ 7/2018 10: 4:37        2700        2700        2700        2700        3000             2700     8100000    68398618       25879          2643.02
 2/ 7/2018 10: 4:43        2610        2610        2610        2610          40             2610      104400    68503018       25919          2642.97
 2/ 7/2018 10: 5:22        2640        2640        2640        2640          22             2640       58080    68561098       25941          2642.96
 2/ 7/2018 10: 5:36        2640        2640        2640        2640          50             2640      132000    68693098       25991          2642.96
 2/ 7/2018 10: 5:38        2640        2640        2640        2640          50             2640      132000    68825098       26041          2642.95
 2/ 7/2018 10: 5:39        2640        2640        2640        2640          50             2640      132000    68957098       26091          2642.95
 2/ 7/2018 10: 5:41        2640        2640        2640        2640          50             2640      132000    69089098       26141          2642.94
 2/ 7/2018 10: 5:42        2640        2640        2640        2640          50             2640      132000    69221098       26191          2642.93
 2/ 7/2018 10: 5:43        2620        2640        2620        2640         500          2633.33     1316666    70537764       26691          2642.75
 2/ 7/2018 10: 5:58        2630        2630        2630        2630         100             2630      263000    70800764       26791          2642.71
 2/ 7/2018 10: 6:18        2640        2650        2640        2650         235          2646.67      621966    71422730       27026          2642.74
 2/ 7/2018 10: 7: 8        2640        2640        2640        2640        1000             2640     2640000    74062730       28026          2642.64
 2/ 7/2018 10: 7:21        2660        2660        2660        2660          70             2660      186200    74248930       28096          2642.69
 2/ 7/2018 10: 7:23        2640        2640        2640        2640         100             2640      264000    74512930       28196          2642.68
 2/ 7/2018 10: 8: 0        2680        2680        2680        2680         130             2680      348400    74861330       28326          2642.85
 2/ 7/2018 10: 8:12        2640        2640        2640        2640        3500             2640     9240000    84101330       31826          2642.54
 2/ 7/2018 10: 8:28        2650        2650        2650        2650         150             2650      397500    84498830       31976          2642.57
 2/ 7/2018 10: 8:34        2680        2680        2680        2680         250             2680      670000    85168830       32226          2642.86
 2/ 7/2018 10: 8:41        2670        2670        2670        2670          80             2670      213600    85382430       32306          2642.93
 2/ 7/2018 10: 9:29        2650        2650        2650        2650           5             2650       13250    85395680       32311          2642.93
 2/ 7/2018 10: 9:33        2660        2660        2660        2660          20             2660       53200    85448880       32331          2642.94
 2/ 7/2018 10:10:34        2650        2650        2650        2650         400             2650     1060000    86508880       32731          2643.03
 2/ 7/2018 10:10:42        2840        2840        2840        2840        1000             2840     2840000    89348880       33731          2648.87
 2/ 7/2018 10:10:45        2580        2580        2580        2580        5000             2580    12900000   102248880       38731          2639.98
 2/ 7/2018 10:10:50        2930        2930        2930        2930         600             2930     1758000   104006880       39331           2644.4
 2/ 7/2018 10:11: 3        2580        2580        2580        2580        5000             2580    12900000   116906880       44331          2637.14
 2/ 7/2018 10:11:24        2580        2580        2580        2580        5000             2580    12900000   129806880       49331          2631.34
 2/ 7/2018 10:11:35        2680        2680        2680        2680         300             2680      804000   130610880       49631          2631.64
 2/ 7/2018 10:11:43        2650        2650        2650        2650          13             2650       34450   130645330       49644          2631.64
 2/ 7/2018 10:15:51        2610        2610        2610        2610        1000             2610     2610000   133255330       50644          2631.22
 2/ 7/2018 10:16:18        2660        2660        2660        2660         460             2660     1223600   134478930       51104          2631.48
 2/ 7/2018 10:16:40        2650        2650        2650        2650         100             2650      265000   134743930       51204          2631.51
 2/ 7/2018 10:16:50        2790        2790        2790        2790           1             2790        2790   134746720       51205          2631.51
 2/ 7/2018 10:17: 6        2640        2640        2640        2640         654             2640     1726560   136473280       51859          2631.62
 2/ 7/2018 10:17:34        2630        2640        2630        2640         233          2636.67      614343   137087623       52092          2631.64
 2/ 7/2018 10:18:22        2640        2640        2640        2640         100             2640      264000   137351623       52192          2631.66
 2/ 7/2018 10:18:36        2610        2610        2610        2610        1000             2610     2610000   139961623       53192          2631.25
 2/ 7/2018 10:19:56        2630        2630        2630        2630         999             2630     2627370   142588993       54191          2631.23
 2/ 7/2018 10:20: 2        2540        2540        2540        2540        1000             2540     2540000   145128993       55191          2629.58
 2/ 7/2018 10:21:18        2750        2750        2750        2750        1000             2750     2750000   147878993       56191          2631.72
 2/ 7/2018 10:21:26        2620        2620        2620        2620         699             2620     1831380   149710373       56890          2631.58
 2/ 7/2018 10:21:28        2610        2610        2610        2610        2559             2610     6678990   156389363       59449          2630.65
 2/ 7/2018 10:21:43        2620        2630        2620        2630         245          2626.67      643533   157032896       59694          2630.63
 2/ 7/2018 10:21:44        2620        2620        2620        2620        2559             2620     6704580   163737476       62253          2630.19
 2/ 7/2018 10:22: 9        2640        2640        2640        2640         100             2640      264000   164001476       62353          2630.21
 2/ 7/2018 10:22:10        2640        2640        2640        2640         100             2640      264000   164265476       62453          2630.23
 2/ 7/2018 10:22:27        2630        2630        2630        2630         100             2630      263000   164528476       62553          2630.23
 2/ 7/2018 10:22:38        2620        2620        2620        2620         300             2620      786000   165314476       62853          2630.18
 2/ 7/2018 10:22:51        2610        2610        2610        2610         500             2610     1305000   166619476       63353          2630.02
 2/ 7/2018 10:22:55        2610        2610        2610        2610         500             2610     1305000   167924476       63853          2629.86
 2/ 7/2018 10:23: 2        2640        2640        2640        2640         100             2640      264000   168188476       63953          2629.88
 2/ 7/2018 10:23: 3        2640        2640        2640        2640         100             2640      264000   168452476       64053          2629.89
 2/ 7/2018 10:25:24        2620        2620        2620        2620         131             2620      343220   168795696       64184          2629.87
 2/ 7/2018 10:25:48        2610        2610        2610        2610         400             2610     1044000   169839696       64584          2629.75
 2/ 7/2018 10:28:17        2620        2640        2620        2620         490          2626.67     1287066   171126762       65074          2629.73
 2/ 7/2018 10:28:42        2610        2610        2610        2610         300             2610      783000   171909762       65374          2629.64
 2/ 7/2018 10:28:44        2610        2610        2610        2610         300             2610      783000   172692762       65674          2629.55
 2/ 7/2018 10:29:53        2610        2610        2610        2610        1000             2610     2610000   175302762       66674          2629.25
 2/ 7/2018 10:30:40        2750        2750        2750        2750         100             2750      275000   175577762       66774          2629.43
 2/ 7/2018 10:30:50        2610        2610        2610        2610         219             2610      571590   176149352       66993          2629.37
 2/ 7/2018 10:31: 8        2620        2750        2590        2590         200          2643.33      528666   176678018       67193          2629.41
 2/ 7/2018 10:31:13        2620        2630        2620        2630         250          2626.67      656666   177334684       67443           2629.4
 2/ 7/2018 10:31:56        2950        2950        2950        2950         200             2950      590000   177924684       67643          2630.35
 2/ 7/2018 10:32: 3        2620        2620        2620        2620          77             2620      201740   178126424       67720          2630.34
 2/ 7/2018 10:32: 8        2610        2610        2610        2610         250             2610      652500   178778924       67970          2630.26
 2/ 7/2018 10:32:55        2610        2610        2610        2610          23             2610       60030   178838954       67993          2630.26
 2/ 7/2018 10:34:25        2620        2620        2620        2620        6923             2620    18138260   196977214       74916          2629.31
 2/ 7/2018 10:35:16        2600        2610        2600        2610          50          2606.67      130333   197107547       74966          2629.29
 2/ 7/2018 10:35:58        2610        2610        2610        2610         150             2610      391500   197499047       75116          2629.25
 2/ 7/2018 10:36: 2        2610        2620        2610        2620         235          2616.67      614916   198113963       75351          2629.21
 2/ 7/2018 10:36: 3        2610        2610        2610        2610         580             2610     1513800   199627763       75931          2629.07
 2/ 7/2018 10:36: 9        2610        2610        2610        2610         261             2610      681210   200308973       76192             2629
 2/ 7/2018 10:36:10        2610        2610        2610        2610         150             2610      391500   200700473       76342          2628.97
 2/ 7/2018 10:36:11        2610        2610        2610        2610        1000             2610     2610000   203310473       77342          2628.72
 2/ 7/2018 10:36:12        2610        2610        2610        2610         150             2610      391500   203701973       77492          2628.68
 2/ 7/2018 10:36:13        2610        2610        2610        2610         150             2610      391500   204093473       77642          2628.65
 2/ 7/2018 10:36:24        2620        2620        2620        2620         150             2620      393000   204486473       77792          2628.63
 2/ 7/2018 10:36:29        2620        2620        2620        2620         150             2620      393000   204879473       77942          2628.61
 2/ 7/2018 10:36:36        2610        2620        2610        2620         330          2616.67      863500   205742973       78272          2628.56
 2/ 7/2018 10:36:40        2610        2610        2610        2610         570             2610     1487700   207230673       78842          2628.43
 2/ 7/2018 10:36:43        2590        2590        2590        2590          55             2590      142450   207373123       78897           2628.4
 2/ 7/2018 10:36:50        2600        2600        2600        2600          55             2600      143000   207516123       78952          2628.38
 2/ 7/2018 10:37: 0        2620        2620        2620        2620         100             2620      262000   207778123       79052          2628.37
 2/ 7/2018 10:37: 1        2620        2620        2620        2620         100             2620      262000   208040123       79152          2628.36
 2/ 7/2018 10:37: 9        2850        2850        2850        2850         300             2850      855000   208895123       79452           2629.2
 2/ 7/2018 10:37:14        2600        2600        2600        2600          50             2600      130000   209025123       79502          2629.18
 2/ 7/2018 10:37:36        2600        2600        2600        2600           1             2600        2600   209027723       79503          2629.18
 2/ 7/2018 10:38:30        2630        2630        2630        2630         225             2630      591750   209619473       79728          2629.18
 2/ 7/2018 10:38:35        2600        2600        2600        2600         385             2600     1001000   210620473       80113          2629.04
 2/ 7/2018 10:38:42        2570        2600        2570        2600          50             2590      129500   210749973       80163          2629.02
 2/ 7/2018 10:38:53        2600        2600        2600        2600        5000             2600    13000000   223749973       85163          2627.31
 2/ 7/2018 10:38:58        2610        2610        2610        2610         370             2610      965700   224715673       85533          2627.24
 2/ 7/2018 10:39: 6        2620        2620        2620        2620          77             2620      201740   224917413       85610          2627.23
 2/ 7/2018 10:39: 7        2620        2620        2620        2620          77             2620      201740   225119153       85687          2627.23
 2/ 7/2018 10:39:10        2620        2620        2620        2620          77             2620      201740   225320893       85764          2627.22
 2/ 7/2018 10:39:11        2620        2620        2620        2620          77             2620      201740   225522633       85841          2627.21
 2/ 7/2018 10:39:30        2620        2620        2620        2620         250             2620      655000   226177633       86091          2627.19
 2/ 7/2018 10:39:49        2650        2650        2650        2650         500             2650     1325000   227502633       86591          2627.32
 2/ 7/2018 10:39:54        2600        2600        2600        2600          50             2600      130000   227632633       86641          2627.31
 2/ 7/2018 10:40: 9        2660        2660        2660        2660         500             2660     1330000   228962633       87141           2627.5
 2/ 7/2018 10:41:13        2610        2610        2610        2610         240             2610      626400   229589033       87381          2627.45
 2/ 7/2018 10:41:16        2610        2610        2610        2610        5000             2610    13050000   242639033       92381           2626.5
 2/ 7/2018 10:41:19        2610        2610        2610        2610        1000             2610     2610000   245249033       93381          2626.33
 2/ 7/2018 10:41:24        2610        2610        2610        2610         200             2610      522000   245771033       93581          2626.29
 2/ 7/2018 10:41:28        2600        2600        2600        2600        1000             2600     2600000   248371033       94581          2626.01
 2/ 7/2018 10:41:34        2610        2610        2610        2610         100             2610      261000   248632033       94681             2626
 2/ 7/2018 10:41:38        2640        2640        2640        2640         305             2640      805200   249437233       94986          2626.04
 2/ 7/2018 10:41:43        2620        2620        2620        2620         500             2620     1310000   250747233       95486          2626.01
 2/ 7/2018 10:41:53        2630        2630        2630        2630         300             2630      789000   251536233       95786          2626.02
 2/ 7/2018 10:41:54        2630        2630        2630        2630         300             2630      789000   252325233       96086          2626.04
 2/ 7/2018 10:42: 2        2610        2610        2610        2610          50             2610      130500   252455733       96136          2626.03
 2/ 7/2018 10:42:17        2610        2610        2610        2610         198             2610      516780   252972513       96334          2625.99
 2/ 7/2018 10:42:19        2800        2800        2800        2800        1000             2800     2800000   255772513       97334          2627.78
 2/ 7/2018 10:42:35        2610        2610        2610        2610        2000             2610     5220000   260992513       99334          2627.42
 2/ 7/2018 10:42:40        2610        2610        2610        2610         270             2610      704700   261697213       99604          2627.38
 2/ 7/2018 10:42:48        2790        2790        2790        2790        1000             2790     2790000   264487213      100604          2628.99
 2/ 7/2018 10:43:33        2620        2620        2620        2620         317             2620      830540   265317753      100921          2628.96
 2/ 7/2018 10:43:40        2760        2760        2760        2760        1000             2760     2760000   268077753      101921          2630.25
 2/ 7/2018 10:44:23        3100        3100        3100        3100         550             3100     1705000   269782753      102471          2632.77
 2/ 7/2018 10:44:37        2760        2760        2760        2760         500             2760     1380000   271162753      102971          2633.39
 2/ 7/2018 10:45: 8        2780        2780        2780        2780         500             2780     1390000   272552753      103471           2634.1
 2/ 7/2018 10:45:27        2790        2790        2790        2790         500             2790     1395000   273947753      103971          2634.85
 2/ 7/2018 10:45:46        2800        2800        2800        2800         500             2800     1400000   275347753      104471          2635.64
 2/ 7/2018 10:45:52        2580        2580        2580        2580          50             2580      129000   275476753      104521          2635.61
 2/ 7/2018 10:46:32        2950        2950        2950        2950        1000             2950     2950000   278426753      105521          2638.59
 2/ 7/2018 10:46:36        2740        2740        2740        2740        3000             2740     8220000   286646753      108521          2641.39
 2/ 7/2018 10:46:42        2970        2970        2970        2970         200             2970      594000   287240753      108721             2642
 2/ 7/2018 10:46:57        3100        3100        3100        3100        2000             3100     6200000   293440753      110721          2650.27
 2/ 7/2018 10:47: 5        2610        2610        2610        2610          50             2610      130500   293571253      110771          2650.25
 2/ 7/2018 10:47:10        2970        2970        2970        2970        1900             2970     5643000   299214253      112671          2655.65
 2/ 7/2018 10:47:21        2620        2620        2620        2620          22             2620       57640   299271893      112693          2655.64
 2/ 7/2018 10:47:28        2630        2630        2630        2630          22             2630       57860   299329753      112715          2655.63
 2/ 7/2018 10:47:34        2640        2640        2640        2640          22             2640       58080   299387833      112737          2655.63
 2/ 7/2018 10:47:40        2650        2650        2650        2650          22             2650       58300   299446133      112759          2655.63
 2/ 7/2018 10:47:46        2660        2660        2660        2660          23             2660       61180   299507313      112782          2655.63
 2/ 7/2018 10:48:43        2690        2690        2690        2690        1000             2690     2690000   302197313      113782          2655.93
 2/ 7/2018 10:49: 8        2590        2590        2590        2590         200             2590      518000   302715313      113982          2655.82
 2/ 7/2018 10:49:33        2630        2630        2630        2630         171             2630      449730   303165043      114153          2655.78
 2/ 7/2018 10:49:54        2620        2620        2620        2620         100             2620      262000   303427043      114253          2655.75
 2/ 7/2018 10:49:56        2620        2620        2620        2620         100             2620      262000   303689043      114353          2655.72
 2/ 7/2018 10:50:43        2610        2610        2600        2600          35          2603.33       91116   303780159      114388           2655.7
 2/ 7/2018 10:50:44        2590        2590        2590        2590          45             2590      116550   303896709      114433          2655.67
 2/ 7/2018 10:51:48        2560        2560        2560        2560         244             2560      624640   304521349      114677          2655.47
 2/ 7/2018 10:52:30        2630        2650        2630        2650         340          2643.33      898733   305420082      115017          2655.43
 2/ 7/2018 10:52:34        2870        2870        2870        2870          20             2870       57400   305477482      115037          2655.47
 2/ 7/2018 10:52:38        2620        2620        2620        2620        1000             2620     2620000   308097482      116037          2655.17
 2/ 7/2018 10:52:40        3000        3000        3000        3000          30             3000       90000   308187482      116067          2655.25
 2/ 7/2018 10:52:57        2810        2810        2810        2810         500             2810     1405000   309592482      116567          2655.92
 2/ 7/2018 10:53: 6        2630        2630        2630        2630         570             2630     1499100   311091582      117137          2655.79
 2/ 7/2018 10:53:45        2630        2630        2630        2630         250             2630      657500   311749082      117387          2655.74
 2/ 7/2018 10:54: 3        2570        2570        2570        2570          20             2570       51400   311800482      117407          2655.72
 2/ 7/2018 10:54:23        2800        2800        2800        2800        1500             2800     4200000   316000482      118907          2657.54
 2/ 7/2018 10:54:46        2620        2620        2620        2620         500             2620     1310000   317310482      119407          2657.39
 2/ 7/2018 10:55: 3        2790        2790        2790        2790         500             2790     1395000   318705482      119907          2657.94
 2/ 7/2018 10:55:25        2590        2590        2590        2590          49             2590      126910   318832392      119956          2657.91
 2/ 7/2018 10:55:27        2780        2780        2780        2780       12204             2780    33927120   352759512      132160          2669.19
 2/ 7/2018 10:55:58        2780        2780        2780        2780        1000             2780     2780000   355539512      133160          2670.02
 2/ 7/2018 10:58:19        2630        2630        2630        2630          47             2630      123610   355663122      133207             2670
 2/ 7/2018 10:58:27        2630        2630        2630        2630         360             2630      946800   356609922      133567           2669.9
 2/ 7/2018 10:58:56        2630        2650        2630        2650         464          2643.33     1226506   357836428      134031           2669.8
 2/ 7/2018 10:59: 4        2640        2640        2640        2640         153             2640      403920   358240348      134184          2669.77
 2/ 7/2018 10:59:25        2620        2620        2620        2620         100             2620      262000   358502348      134284          2669.73
 2/ 7/2018 10:59:26        2630        2630        2630        2630        3900             2630    10257000   368759348      138184          2668.61
 2/ 7/2018 10:59:32        2820        2820        2820        2820        1550             2820     4371000   373130348      139734          2670.29
 2/ 7/2018 10:59:36        2640        2640        2640        2640         500             2640     1320000   374450348      140234          2670.18
 2/ 7/2018 10:59:56        2640        2640        2640        2640        2020             2640     5332800   379783148      142254          2669.75
 2/ 7/2018 10:59:58        2830        2830        2830        2830        1000             2830     2830000   382613148      143254          2670.87
 2/ 7/2018 11: 0: 9        2650        2650        2650        2650         100             2650      265000   382878148      143354          2670.86
 2/ 7/2018 11: 0:10        2650        2650        2650        2650         100             2650      265000   383143148      143454          2670.84
 2/ 7/2018 11: 0:23        2650        2650        2650        2650         100             2650      265000   383408148      143554          2670.83
 2/ 7/2018 11: 0:33        2640        2640        2640        2640        3000             2640     7920000   391328148      146554           2670.2
 2/ 7/2018 11: 1:13        2640        2640        2640        2640         185             2640      488400   391816548      146739          2670.16
 2/ 7/2018 11: 1:17        2650        2680        2650        2680         390             2670     1041300   392857848      147129          2670.16
 2/ 7/2018 11: 1:19        2750        2750        2750        2750        1000             2750     2750000   395607848      148129           2670.7
 2/ 7/2018 11: 1:21        2660        2660        2630        2660         100             2650      265000   395872848      148229          2670.68
 2/ 7/2018 11: 1:22        2660        2660        2660        2660         100             2660      266000   396138848      148329          2670.68
 2/ 7/2018 11: 1:24        2660        2660        2660        2660         100             2660      266000   396404848      148429          2670.67
 2/ 7/2018 11: 1:25        2660        2660        2660        2660         100             2660      266000   396670848      148529          2670.66
 2/ 7/2018 11: 1:56        2660        2660        2660        2660        6474             2660    17220840   413891688      155003          2670.22
 2/ 7/2018 11: 2: 9        2670        2670        2670        2670         100             2670      267000   414158688      155103          2670.22
 2/ 7/2018 11: 2:10        2670        2670        2650        2670         100          2663.33      266333   414425021      155203          2670.21
 2/ 7/2018 11: 2:11        2670        2670        2670        2670         100             2670      267000   414692021      155303          2670.21
 2/ 7/2018 11: 2:57        2670        2670        2670        2670         350             2670      934500   415626521      155653          2670.21
 2/ 7/2018 11: 2:58        2670        2670        2670        2670         250             2670      667500   416294021      155903          2670.21
 2/ 7/2018 11: 3: 3        2690        2690        2690        2690         570             2690     1533300   417827321      156473          2670.28
 2/ 7/2018 11: 3: 7        2790        2790        2790        2790        1000             2790     2790000   420617321      157473          2671.04
 2/ 7/2018 11: 3:10        2660        2660        2660        2660         185             2660      492100   421109421      157658          2671.03
 2/ 7/2018 11: 3:12        2670        2670        2380        2380        2000          2476.67     4953333   426062754      159658           2668.6
 2/ 7/2018 11: 3:18        2670        2670        2670        2670        3513             2670     9379710   435442464      163171          2668.63
 2/ 7/2018 11: 3:26        2700        2700        2700        2700         120             2700      324000   435766464      163291          2668.65
 2/ 7/2018 11: 3:31        2670        2670        2670        2670         500             2670     1335000   437101464      163791          2668.65
 2/ 7/2018 11: 4: 1        2670        2670        2670        2670         150             2670      400500   437501964      163941          2668.65
 2/ 7/2018 11: 4:20        2560        2560        2560        2560         240             2560      614400   438116364      164181           2668.5
 2/ 7/2018 11: 4:23        2670        2670        2670        2670        1836             2670     4902120   443018484      166017          2668.51
 2/ 7/2018 11: 4:43        2680        2680        2680        2680        1000             2680     2680000   445698484      167017          2668.58
 2/ 7/2018 11: 4:46        2720        2720        2720        2720         150             2720      408000   446106484      167167          2668.63
 2/ 7/2018 11: 5: 7        2680        2680        2680        2680         250             2680      670000   446776484      167417          2668.64
 2/ 7/2018 11: 5:27        2710        2710        2710        2710          75             2710      203250   446979734      167492          2668.66
 2/ 7/2018 11: 5:45        2670        2670        2670        2670         470             2670     1254900   448234634      167962          2668.67
 2/ 7/2018 11: 5:50        2690        2690        2690        2690         100             2690      269000   448503634      168062          2668.68
 2/ 7/2018 11: 5:51        2700        2700        2700        2700         100             2700      270000   448773634      168162           2668.7
 2/ 7/2018 11: 5:52        2710        2710        2710        2710         100             2710      271000   449044634      168262          2668.72
 2/ 7/2018 11: 5:53        2720        2730        2720        2730         100          2726.67      272666   449317300      168362          2668.76
 2/ 7/2018 11: 5:54        2760        2760        2760        2760         300             2760      828000   450145300      168662          2668.92
 2/ 7/2018 11: 6: 9        2670        2690        2670        2690         540          2683.33     1449000   451594300      169202          2668.97
 2/ 7/2018 11: 6:22        2670        2670        2670        2670       10000             2670    26700000   478294300      179202          2669.02
 2/ 7/2018 11: 6:25        2670        2670        2670        2670         185             2670      493950   478788250      179387          2669.02
 2/ 7/2018 11: 6:29        2730        2730        2730        2730           5             2730       13650   478801900      179392          2669.03
 2/ 7/2018 11: 6:36        2690        2690        2690        2690         125             2690      336250   479138150      179517          2669.04
 2/ 7/2018 11: 6:42        2690        2690        2690        2690        1000             2690     2690000   481828150      180517          2669.16
 2/ 7/2018 11: 6:46        2680        2700        2680        2700         440          2693.33     1185066   483013216      180957          2669.22
 2/ 7/2018 11: 6:52        2680        2680        2680        2680           1             2680        2680   483015896      180958          2669.22
 2/ 7/2018 11: 6:53        2560        2740        2560        2740         250             2680      670000   483685896      181208          2669.23
 2/ 7/2018 11: 6:56        2670        2670        2670        2670          50             2670      133500   483819396      181258          2669.23
 2/ 7/2018 11: 6:58        2680        2680        2680        2680        1800             2680     4824000   488643396      183058          2669.34
 2/ 7/2018 11: 7: 2        2700        2700        2700        2700           5             2700       13500   488656896      183063          2669.34
 2/ 7/2018 11: 7:10        2670        2670        2670        2670          20             2670       53400   488710296      183083          2669.34
 2/ 7/2018 11: 7:13        2920        2920        2710        2710          50             2780      139000   488849296      183133          2669.37
 2/ 7/2018 11: 7:16        2670        2680        2670        2680        2500          2676.67     6691666   495540962      185633          2669.47
 2/ 7/2018 11: 7:19        2670        2670        2670        2670         232             2670      619440   496160402      185865          2669.47
 2/ 7/2018 11: 7:30        2680        2680        2680        2680         450             2680     1206000   497366402      186315          2669.49
 2/ 7/2018 11: 7:31        2670        2670        2670        2670        5000             2670    13350000   510716402      191315          2669.51
 2/ 7/2018 11: 7:46        2680        2680        2680        2680        3851             2680    10320680   521037082      195166          2669.71
 2/ 7/2018 11: 7:49        2700        2700        2700        2700         570             2700     1539000   522576082      195736           2669.8
 2/ 7/2018 11: 7:55        2730        2730        2730        2730         250             2730      682500   523258582      195986          2669.88
 2/ 7/2018 11: 8:18        2680        2680        2680        2680         400             2680     1072000   524330582      196386           2669.9
 2/ 7/2018 11: 8:34        2670        2670        2670        2670        4000             2670    10680000   535010582      200386           2669.9
 2/ 7/2018 11: 8:35        2690        2690        2690        2690        6000             2690    16140000   551150582      206386          2670.48
 2/ 7/2018 11: 8:43        2680        2680        2680        2680        1935             2680     5185800   556336382      208321          2670.57
 2/ 7/2018 11: 8:44        2680        2680        2680        2680        2000             2680     5360000   561696382      210321          2670.66
 2/ 7/2018 11: 9:15        2620        2620        2620        2620           3             2620        7860   561704242      210324          2670.66
 2/ 7/2018 11: 9:29        2680        2680        2680        2680        6000             2680    16080000   577784242      216324          2670.92
 2/ 7/2018 11: 9:31        2680        2680        2680        2680          25             2680       67000   577851242      216349          2670.92
 2/ 7/2018 11: 9:35        2700        2700        2700        2700         500             2700     1350000   579201242      216849          2670.99
 2/ 7/2018 11: 9:37        2730        2730        2730        2730         700             2730     1911000   581112242      217549          2671.18
 2/ 7/2018 11: 9:53        2680        2680        2680        2680         150             2680      402000   581514242      217699          2671.18
 2/ 7/2018 11:10:53        2660        2660        2660        2660         225             2660      598500   582112742      217924          2671.17
 2/ 7/2018 11:11:16        2660        2680        2660        2680         150          2673.33      401000   582513742      218074          2671.17
 2/ 7/2018 11:11:48        2610        2610        2610        2610         100             2610      261000   582774742      218174          2671.15
 2/ 7/2018 11:12:11        2700        2700        2700        2700         100             2700      270000   583044742      218274          2671.16
 2/ 7/2018 11:12:14        2880        2880        2880        2880         160             2880      460800   583505542      218434          2671.31
 2/ 7/2018 11:12:19        2680        2680        2680        2680         200             2680      536000   584041542      218634          2671.32
 2/ 7/2018 11:12:32        2740        2740        2740        2740         103             2740      282220   584323762      218737          2671.35
 2/ 7/2018 11:12:58        2670        2670        2670        2670          50             2670      133500   584457262      218787          2671.35
 2/ 7/2018 11:12:59        2720        2720        2720        2720         102             2720      277440   584734702      218889          2671.38
 2/ 7/2018 11:13:28        2710        2710        2710        2710        3600             2710     9756000   594490702      222489             2672
 2/ 7/2018 11:13:43        2670        2670        2670        2670           1             2670        2670   594493372      222490             2672
 2/ 7/2018 11:13:55        2690        2690        2690        2690          50             2690      134500   594627872      222540             2672
 2/ 7/2018 11:14: 1        3130        3130        3130        3130        9923             3130    31058990   625686862      232463          2691.55
 2/ 7/2018 11:14:19        2600        2600        2600        2600       10000             2600    26000000   651686862      242463          2687.78
 2/ 7/2018 11:14:46        2670        2670        2670        2670         449             2670     1198830   652885692      242912          2687.75
 2/ 7/2018 11:15: 8        2670        2670        2670        2670         500             2670     1335000   654220692      243412          2687.71
 2/ 7/2018 11:15:40        2580        2580        2580        2580         100             2580      258000   654478692      243512          2687.67
 2/ 7/2018 11:15:52        2670        2670        2670        2670         150             2670      400500   654879192      243662          2687.65
 2/ 7/2018 11:16:45        2690        2690        2690        2690         420             2690     1129800   656008992      244082          2687.66
 2/ 7/2018 11:17:55        2670        2670        2670        2670          20             2670       53400   656062392      244102          2687.66
 2/ 7/2018 11:18:56        2660        2670        2660        2670         560          2666.67     1493333   657555725      244662          2687.61
 2/ 7/2018 11:19: 3        2640        2960        2640        2960        1500          2853.33     4280000   661835725      246162          2688.62
 2/ 7/2018 11:19: 4        2670        2670        2670        2670        5330             2670    14231100   676066825      251492          2688.22
 2/ 7/2018 11:19: 5        2650        2650        2650        2650         100             2650      265000   676331825      251592          2688.21
 2/ 7/2018 11:19: 6        2650        2650        2650        2650         100             2650      265000   676596825      251692          2688.19
 2/ 7/2018 11:19:10        2650        2650        2650        2650         100             2650      265000   676861825      251792          2688.18
 2/ 7/2018 11:19:11        2650        2650        2650        2650         100             2650      265000   677126825      251892          2688.16
 2/ 7/2018 11:19:13        2750        2750        2750        2750        1000             2750     2750000   679876825      252892          2688.41
 2/ 7/2018 11:19:15        2680        2680        2680        2680         650             2680     1742000   681618825      253542          2688.39
 2/ 7/2018 11:19:16        2690        2690        2670        2670          96          2676.67      256960   681875785      253638          2688.38
 2/ 7/2018 11:19:17        2650        2670        2650        2670         450          2663.33     1198500   683074285      254088          2688.34
 2/ 7/2018 11:19:19        2650        2650        2650        2650        2281             2650     6044650   689118935      256369             2688
 2/ 7/2018 11:19:44        2660        2660        2660        2660          20             2660       53200   689172135      256389          2687.99
 2/ 7/2018 11:20:51        2650        2650        2650        2650        7500             2650    19875000   709047135      263889          2686.91
 2/ 7/2018 11:21: 9        2670        2670        2670        2670         217             2670      579390   709626525      264106           2686.9
 2/ 7/2018 11:21:32        2640        2640        2640        2640          50             2640      132000   709758525      264156          2686.89
 2/ 7/2018 11:21:56        2670        2670        2670        2670           5             2670       13350   709771875      264161          2686.89
 2/ 7/2018 11:22:42        2660        2660        2660        2660         980             2660     2606800   712378675      265141          2686.79
 2/ 7/2018 11:22:47        2650        2650        2650        2650        2336             2650     6190400   718569075      267477          2686.47
 2/ 7/2018 11:22:58        2670        2670        2670        2670         100             2670      267000   718836075      267577          2686.46
 2/ 7/2018 11:23: 7        2700        2700        2700        2700        1500             2700     4050000   722886075      269077          2686.54
 2/ 7/2018 11:23: 8        2670        2670        2670        2670         100             2670      267000   723153075      269177          2686.53
 2/ 7/2018 11:23:20        2660        2660        2660        2660        1720             2660     4575200   727728275      270897          2686.37
 2/ 7/2018 11:25:15        3150        3150        3150        3150         250             3150      787500   728515775      271147          2686.79
 2/ 7/2018 11:26: 8        2660        3150        2660        3150         250          2986.67      746666   729262441      271397          2687.07
 2/ 7/2018 11:26:18        3150        3150        3150        3150         500             3150     1575000   730837441      271897          2687.92
 2/ 7/2018 11:26:59        2650        2650        2650        2650         200             2650      530000   731367441      272097          2687.89
 2/ 7/2018 11:27:33        2680        2680        2680        2680        7400             2680    19832000   751199441      279497          2687.68
 2/ 7/2018 11:28:52        2670        2670        2670        2670         500             2670     1335000   752534441      279997          2687.65
 2/ 7/2018 11:29: 8        2640        2640        2640        2640          50             2640      132000   752666441      280047          2687.64
 2/ 7/2018 11:30: 1        2670        2670        2670        2670         120             2670      320400   752986841      280167          2687.64
 2/ 7/2018 11:30:28        2700        2700        2700        2700         150             2700      405000   753391841      280317          2687.64
 2/ 7/2018 11:31:28        2660        2660        2660        2660         510             2660     1356600   754748441      280827          2687.59
 2/ 7/2018 11:31:44        2650        2650        2650        2650        3876             2650    10271400   765019841      284703          2687.08
 2/ 7/2018 11:31:45        2650        2650        2650        2650         470             2650     1245500   766265341      285173          2687.02
 2/ 7/2018 11:32:11        2630        2630        2630        2630        2336             2630     6143680   772409021      287509          2686.56
 2/ 7/2018 11:32:15        2610        2610        2610        2610        5000             2610    13050000   785459021      292509          2685.25
 2/ 7/2018 11:32:30        2640        2660        2640        2660         680          2653.33     1804266   787263287      293189          2685.17
 2/ 7/2018 11:32:51        2620        2620        2620        2620         100             2620      262000   787525287      293289          2685.15
 2/ 7/2018 11:33: 6        2640        2640        2640        2640         120             2640      316800   787842087      293409          2685.13
 2/ 7/2018 11:33:21        2610        2610        2610        2610          50             2610      130500   787972587      293459          2685.12
 2/ 7/2018 11:33:35        2620        2620        2620        2620          26             2620       68120   788040707      293485          2685.11
 2/ 7/2018 11:33:36        2720        2720        2720        2720          50             2720      136000   788176707      293535          2685.12
 2/ 7/2018 11:33:39        2640        2640        2640        2640        2336             2640     6167040   794343747      295871          2684.76
 2/ 7/2018 11:33:55        2770        2770        2770        2770          50             2770      138500   794482247      295921          2684.78
 2/ 7/2018 11:33:57        2640        2640        2640        2640          50             2640      132000   794614247      295971          2684.77
 2/ 7/2018 11:34:15        2630        2630        2630        2630          50             2630      131500   794745747      296021          2684.76
 2/ 7/2018 11:34:31        2620        2620        2620        2620          50             2620      131000   794876747      296071          2684.75
 2/ 7/2018 11:34:42        2610        2610        2610        2610          50             2610      130500   795007247      296121          2684.74
 2/ 7/2018 11:34:43        2650        2650        2650        2650         500             2650     1325000   796332247      296621          2684.68
 2/ 7/2018 11:35: 9        2650        2650        2650        2650        1200             2650     3180000   799512247      297821          2684.54
 2/ 7/2018 11:35:18        3150        3150        3150        3150         100             3150      315000   799827247      297921           2684.7
 2/ 7/2018 11:36:11        2640        2640        2640        2640          50             2640      132000   799959247      297971          2684.69
 2/ 7/2018 11:36:25        2640        2640        2640        2640        1000             2640     2640000   802599247      298971          2684.54
 2/ 7/2018 11:37: 9        3150        3150        3150        3150         200             3150      630000   803229247      299171          2684.85
 2/ 7/2018 11:37:39        2620        2620        2620        2620         100             2620      262000   803491247      299271          2684.83
 2/ 7/2018 11:39:18        2620        2620        2620        2620          80             2620      209600   803700847      299351          2684.81
 2/ 7/2018 11:41:38        2660        2660        2660        2660         100             2660      266000   803966847      299451           2684.8
 2/ 7/2018 11:42:32        3150        3150        3150        3150         100             3150      315000   804281847      299551          2684.96
 2/ 7/2018 11:43:44        2640        2640        2640        2640          50             2640      132000   804413847      299601          2684.95
 2/ 7/2018 11:44:40        2660        2660        2660        2660          50             2660      133000   804546847      299651          2684.95
 2/ 7/2018 11:46: 7        2640        2640        2640        2640         100             2640      264000   804810847      299751          2684.93
 2/ 7/2018 11:46: 9        2640        2640        2640        2640         100             2640      264000   805074847      299851          2684.92
 2/ 7/2018 11:46:10        2640        2640        2640        2640         100             2640      264000   805338847      299951           2684.9
 2/ 7/2018 11:48:27        2640        2640        2640        2640        4163             2640    10990320   816329167      304114          2684.29
 2/ 7/2018 11:49:25        2640        2660        2640        2660         480          2653.33     1273600   817602767      304594          2684.24
 2/ 7/2018 11:49:56        2610        2610        2610        2610        1000             2610     2610000   820212767      305594          2683.99
 2/ 7/2018 11:50:25        3150        3150        3150        3150         150             3150      472500   820685267      305744          2684.22
 2/ 7/2018 11:51: 7        2640        2640        2640        2640         200             2640      528000   821213267      305944          2684.19
 2/ 7/2018 11:51:35        2680        2680        2680        2680        1800             2680     4824000   826037267      307744          2684.17
 2/ 7/2018 11:52: 1        2640        2640        2640        2640        4000             2640    10560000   836597267      311744           2683.6
 2/ 7/2018 11:52:28        2680        2680        2680        2680        1600             2680     4288000   840885267      313344          2683.59
 2/ 7/2018 11:53:18        2630        2630        2630        2630         135             2630      355050   841240317      313479          2683.56
 2/ 7/2018 11:53:37        2750        2750        2750        2750        3065             2750     8428750   849669067      316544          2684.21
 2/ 7/2018 11:53:41        2680        2680        2680        2680        2277             2680     6102360   855771427      318821          2684.18
 2/ 7/2018 11:53:55        2650        2650        2650        2650         100             2650      265000   856036427      318921          2684.16
 2/ 7/2018 11:53:56        2650        2650        2650        2650         100             2650      265000   856301427      319021          2684.15
 2/ 7/2018 11:53:57        2650        2650        2650        2650         100             2650      265000   856566427      319121          2684.14
 2/ 7/2018 11:54:16        2650        2650        2650        2650         100             2650      265000   856831427      319221          2684.13
 2/ 7/2018 11:54:35        2690        2690        2690        2690         250             2690      672500   857503927      319471          2684.14
 2/ 7/2018 11:55:45        2610        2610        2610        2610        3850             2610    10048500   867552427      323321          2683.25
 2/ 7/2018 11:56:30        3150        3150        3150        3150         194             3150      611100   868163527      323515          2683.53
 2/ 7/2018 11:59: 3        2800        2800        2800        2800         800             2800     2240000   870403527      324315          2683.82
 2/ 7/2018 12: 0:26        2720        2720        2720        2720         250             2720      680000   871083527      324565          2683.85
 2/ 7/2018 12: 2:27        2640        2640        2640        2640         500             2640     1320000   872403527      325065          2683.78
 2/ 7/2018 12: 3:13        2640        2640        2640        2640        1000             2640     2640000   875043527      326065          2683.65
 2/ 7/2018 12: 4: 3        2640        2640        2640        2640         500             2640     1320000   876363527      326565          2683.58
 2/ 7/2018 12: 5:59        2610        2610        2610        2610          59             2610      153990   876517517      326624          2683.57
 2/ 7/2018 12: 6:23        2530        2530        2530        2530         720             2530     1821600   878339117      327344          2683.23
 2/ 7/2018 12: 8:33        2640        2640        2640        2640        1150             2640     3036000   881375117      328494          2683.08
 2/ 7/2018 12: 8:44        2630        2630        2630        2630        1000             2630     2630000   884005117      329494          2682.92
 2/ 7/2018 12: 8:45        2620        2620        2620        2620        1000             2620     2620000   886625117      330494          2682.73
 2/ 7/2018 12: 9:48        2630        2630        2630        2630        1000             2630     2630000   889255117      331494          2682.57
 2/ 7/2018 12:10: 6        2630        2630        2630        2630          95             2630      249850   889504967      331589          2682.55
 2/ 7/2018 12:11:48        2680        2680        2680        2680        1000             2680     2680000   892184967      332589          2682.55
 2/ 7/2018 12:14:51        2540        2540        2540        2540         100             2540      254000   892438967      332689           2682.5
 2/ 7/2018 12:15: 8        2680        2680        2680        2680         500             2680     1340000   893778967      333189           2682.5
 2/ 7/2018 12:16:22        2630        2630        2630        2630        2422             2630     6369860   900148827      335611          2682.12
 2/ 7/2018 12:16:39        2640        2640        2640        2640        1000             2640     2640000   902788827      336611          2681.99
 2/ 7/2018 12:17:23        2640        2640        2640        2640        4435             2640    11708400   914497227      341046          2681.45
 2/ 7/2018 12:19:12        2800        2800        2800        2800        1000             2800     2800000   917297227      342046          2681.79
 2/ 7/2018 12:19:46        2650        2650        2650        2650        1807             2650     4788550   922085777      343853          2681.63
 2/ 7/2018 12:21:41        2640        2640        2640        2640        2900             2640     7656000   929741777      346753          2681.28
 2/ 7/2018 12:23:12        2650        2650        2650        2650        1358             2650     3598700   933340477      348111          2681.16
 2/ 7/2018 12:23:42        2650        2650        2650        2650          10             2650       26500   933366977      348121          2681.16
 2/ 7/2018 12:24:32        2800        2800        2800        2800        2000             2800     5600000   938966977      350121          2681.84
 2/ 7/2018 12:24:53        2670        2670        2670        2670        1000             2670     2670000   941636977      351121           2681.8
 2/ 7/2018 12:25: 5        2600        2600        2600        2600         348             2600      904800   942541777      351469          2681.72
 2/ 7/2018 12:25:13        2650        2650        2650        2650          10             2650       26500   942568277      351479          2681.72
 2/ 7/2018 12:26:22        2680        2680        2680        2680         700             2680     1876000   944444277      352179          2681.72
 2/ 7/2018 12:28:59        2650        2650        2650        2650           6             2650       15900   944460177      352185          2681.72
 2/ 7/2018 12:30:26        2680        2680        2680        2680         480             2680     1286400   945746577      352665          2681.71
 2/ 7/2018 12:35: 0        2610        2610        2610        2610          60             2610      156600   945903177      352725           2681.7
 2/ 7/2018 12:38: 5        2660        2660        2660        2660         506             2660     1345960   947249137      353231          2681.67
 2/ 7/2018 12:38:18        2650        2650        2650        2650         100             2650      265000   947514137      353331          2681.66
 2/ 7/2018 12:38:19        2650        2650        2650        2650         100             2650      265000   947779137      353431          2681.65
 2/ 7/2018 12:38:20        2650        2650        2650        2650         100             2650      265000   948044137      353531          2681.64
 2/ 7/2018 12:38:21        2650        2650        2650        2650         100             2650      265000   948309137      353631          2681.63
 2/ 7/2018 12:38:42        2670        2670        2670        2670        1000             2670     2670000   950979137      354631           2681.6
 2/ 7/2018 12:38:48        2660        2660        2660        2660         494             2660     1314040   952293177      355125          2681.57
 2/ 7/2018 12:38:57        2660        2660        2660        2660        1000             2660     2660000   954953177      356125          2681.51
 2/ 7/2018 12:40:21        3100        3100        3100        3100        4102             3100    12716200   967669377      360227          2686.28
 2/ 7/2018 12:41:17        2710        2710        2710        2710         100             2710      271000   967940377      360327          2686.28
 2/ 7/2018 12:41:22        2660        2660        2660        2660         100             2660      266000   968206377      360427          2686.28
 2/ 7/2018 12:41:34        2840        2840        2840        2840         149             2840      423160   968629537      360576          2686.34
 2/ 7/2018 12:41:41        2620        2620        2620        2620         100             2620      262000   968891537      360676          2686.32
 2/ 7/2018 12:41:43        2860        2860        2860        2860         159             2860      454740   969346277      360835           2686.4
 2/ 7/2018 12:42: 1        2700        2700        2700        2700          86             2700      232200   969578477      360921           2686.4
 2/ 7/2018 12:42: 3        2660        2690        2660        2690         512             2680     1372160   970950637      361433          2686.39
 2/ 7/2018 12:43:45        2660        2660        2660        2660           1             2660        2660   970953297      361434          2686.39
 2/ 7/2018 12:44:39        2660        2660        2660        2660        2250             2660     5985000   976938297      363684          2686.23
 2/ 7/2018 12:45:31        2650        2670        2650        2670         600          2663.33     1598000   978536297      364284          2686.19
 2/ 7/2018 12:45:38        2660        2660        2660        2660         100             2660      266000   978802297      364384          2686.18
 2/ 7/2018 12:45:58        2640        2660        2640        2640         100          2646.67      264666   979066963      364484          2686.17
 2/ 7/2018 12:45:59        2640        2640        2640        2640         100             2640      264000   979330963      364584          2686.16
 2/ 7/2018 12:46: 1        2640        2640        2640        2640         100             2640      264000   979594963      364684          2686.15
 2/ 7/2018 12:46:57        2640        2640        2640        2640          60             2640      158400   979753363      364744          2686.14
 2/ 7/2018 12:48:56        2690        2690        2690        2690         100             2690      269000   980022363      364844          2686.14
 2/ 7/2018 12:49:50        2360        2360        2360        2360        5000             2360    11800000   991822363      369844          2681.73
 2/ 7/2018 12:51:29        2640        2640        2640        2640         250             2640      660000   992482363      370094           2681.7
 2/ 7/2018 12:52:42        2640        2640        2640        2640        2900             2640     7656000  1000138363      372994          2681.38
 2/ 7/2018 12:53: 3        2620        2620        2620        2620        1000             2620     2620000  1002758363      373994          2681.22
 2/ 7/2018 12:53: 8        2650        2650        2650        2650         100             2650      265000  1003023363      374094          2681.21
 2/ 7/2018 12:53:46        2660        2660        2660        2660        6000             2660    15960000  1018983363      380094          2680.87
 2/ 7/2018 12:56:25        2620        2620        2620        2620        1000             2620     2620000  1021603363      381094          2680.71
 2/ 7/2018 12:57:24        2650        2650        2650        2650         755             2650     2000750  1023604113      381849          2680.65
 2/ 7/2018 12:58:41        2680        2680        2680        2680         190             2680      509200  1024113313      382039          2680.65
 2/ 7/2018 13:55:19        2720        3150        2720        2890        3500             2920    10220000  1034333313      385539          2682.82
 2/ 7/2018 14: 0: 0        2670        2680        2670        2680         500          2676.67     1338333  1035671646      386039          2682.82
 2/ 7/2018 14: 3: 3        2600        2600        2600        2600          20             2600       52000  1035723646      386059          2682.81
 2/ 7/2018 14: 4:10        2660        2660        2660        2660         500             2660     1330000  1037053646      386559          2682.78
 2/ 7/2018 14: 4:54        2830        2830        2830        2830         500             2830     1415000  1038468646      387059          2682.97
 2/ 7/2018 14: 5:12        2760        2760        2760        2760        1000             2760     2760000  1041228646      388059          2683.17
 2/ 7/2018 14: 7:40        2650        2650        2650        2650          70             2650      185500  1041414146      388129          2683.16
 2/ 7/2018 14:10:33        2660        2660        2660        2660         500             2660     1330000  1042744146      388629          2683.14
 2/ 7/2018 14:12:50        2670        2670        2670        2670        7400             2670    19758000  1062502146      396029          2682.89
 2/ 7/2018 14:13:11        2650        2650        2650        2650          73             2650      193450  1062695596      396102          2682.88
 2/ 7/2018 14:13:53        2650        2650        2650        2650        1000             2650     2650000  1065345596      397102           2682.8
 2/ 7/2018 14:15: 4        2650        2650        2650        2650         570             2650     1510500  1066856096      397672          2682.75
 2/ 7/2018 14:15: 5        2640        2640        2640        2640        3865             2640    10203600  1077059696      401537          2682.34
 2/ 7/2018 14:20:52        2640        2640        2640        2640          50             2640      132000  1077191696      401587          2682.34
 2/ 7/2018 14:21:31        2650        2660        2650        2660         480          2656.67     1275200  1078466896      402067          2682.31
 2/ 7/2018 14:22:43        2660        2660        2660        2660         100             2660      266000  1078732896      402167           2682.3
 2/ 7/2018 14:24: 0        2720        2720        2720        2720          20             2720       54400  1078787296      402187           2682.3
 2/ 7/2018 14:25:20        2650        2650        2650        2650        2823             2650     7480950  1086268246      405010          2682.08
 2/ 7/2018 14:26:15        2650        2650        2650        2650        4000             2650    10600000  1096868246      409010          2681.76
 2/ 7/2018 14:28: 9        2790        2790        2790        2790        2000             2790     5580000  1102448246      411010          2682.29
 2/ 7/2018 14:29: 4        2690        2690        2690        2690           1             2690        2690  1102450936      411011          2682.29
 2/ 7/2018 14:31:27        2660        2660        2660        2660          99             2660      263340  1102714276      411110          2682.29
 2/ 7/2018 14:32:20        2650        2650        2650        2650         610             2650     1616500  1104330776      411720          2682.24
 2/ 7/2018 14:35:48        2640        2640        2640        2640        2738             2640     7228320  1111559096      414458          2681.96
 2/ 7/2018 14:38:55        2650        2650        2650        2650         997             2650     2642050  1114201146      415455          2681.88
 2/ 7/2018 14:39: 5        2650        2650        2650        2650          30             2650       79500  1114280646      415485          2681.88
 2/ 7/2018 14:40: 3        2670        2670        2670        2670         510             2670     1361700  1115642346      415995          2681.86
 2/ 7/2018 14:40:22        2650        2650        2650        2650          45             2650      119250  1115761596      416040          2681.86
 2/ 7/2018 14:47: 1        2600        2600        2600        2600        1000             2600     2600000  1118361596      417040          2681.67
 2/ 7/2018 14:47:37        2660        2660        2660        2660           1             2660        2660  1118364256      417041          2681.67
 2/ 7/2018 14:47:55        2660        2660        2660        2660          50             2660      133000  1118497256      417091          2681.66
 2/ 7/2018 14:50: 5        2660        2660        2660        2660          20             2660       53200  1118550456      417111          2681.66
 2/ 7/2018 14:51: 3        2660        2660        2660        2660         700             2660     1862000  1120412456      417811          2681.63
 2/ 7/2018 14:51:27        2660        2660        2660        2660        2000             2660     5320000  1125732456      419811          2681.52
 2/ 7/2018 14:51:28        2650        2650        2650        2650         626             2650     1658900  1127391356      420437          2681.48
 2/ 7/2018 14:52:12        2640        2640        2640        2640        2519             2640     6650160  1134041516      422956          2681.23
 2/ 7/2018 14:55:23        2650        2650        2650        2650        1747             2650     4629550  1138671066      424703           2681.1
 2/ 7/2018 14:56:27        2670        2670        2670        2670         490             2670     1308300  1139979366      425193          2681.09
 2/ 7/2018 15: 0: 8        2670        2670        2670        2670          20             2670       53400  1140032766      425213          2681.09
 2/ 7/2018 15: 1:13        2670        2670        2670        2670         500             2670     1335000  1141367766      425713          2681.07
 2/ 7/2018 15: 1:16        2670        2670        2670        2670         700             2670     1869000  1143236766      426413          2681.06
 2/ 7/2018 15: 1:29        2660        2660        2660        2660           4             2660       10640  1143247406      426417          2681.05
 2/ 7/2018 15: 2:34        2660        2660        2660        2660         690             2660     1835400  1145082806      427107          2681.02
 2/ 7/2018 15: 3: 7        2650        2650        2650        2650        1873             2650     4963450  1150046256      428980          2680.89
 2/ 7/2018 15: 3:10        2650        2650        2650        2650         650             2650     1722500  1151768756      429630          2680.84
 2/ 7/2018 15: 4:10        2660        2660        2660        2660        1193             2660     3173380  1154942136      430823          2680.78
 2/ 7/2018 15: 4:18        2650        2650        2650        2650        1193             2650     3161450  1158103586      432016           2680.7
 2/ 7/2018 15: 4:26        2650        2650        2650        2650         750             2650     1987500  1160091086      432766          2680.64
 2/ 7/2018 15: 4:33        2640        2640        2640        2640         700             2640     1848000  1161939086      433466          2680.58
 2/ 7/2018 15: 4:35        2650        2650        2650        2650          60             2650      159000  1162098086      433526          2680.57
 2/ 7/2018 15: 5:18        2620        2620        2620        2620         106             2620      277720  1162375806      433632          2680.56
 2/ 7/2018 15: 5:35        2700        2700        2700        2700        3000             2700     8100000  1170475806      436632          2680.69
 2/ 7/2018 15: 6:17        2640        2640        2640        2640         300             2640      792000  1171267806      436932          2680.66
 2/ 7/2018 15: 6:53        2650        2650        2650        2650         380             2650     1007000  1172274806      437312          2680.64
 2/ 7/2018 15: 7:50        2650        2650        2650        2650        3000             2650     7950000  1180224806      440312          2680.43
 2/ 7/2018 15: 8:47        2620        2620        2620        2620         106             2620      277720  1180502526      440418          2680.41
 2/ 7/2018 15:15:33        2640        2640        2640        2640        4000             2640    10560000  1191062526      444418          2680.05
 2/ 7/2018 15:17:31        2660        2660        2660        2660          20             2660       53200  1191115726      444438          2680.05
 2/ 7/2018 15:21:53        2650        2650        2650        2650        1010             2650     2676500  1193792226      445448          2679.98
 2/ 7/2018 15:23: 9        2680        2680        2680        2680        4050             2680    10854000  1204646226      449498          2679.98
 2/ 7/2018 15:32:29        2610        2610        2610        2610          25             2610       65250  1204711476      449523          2679.98
 2/ 7/2018 15:33:35        2650        2650        2650        2650         200             2650      530000  1205241476      449723          2679.96
 2/ 7/2018 15:35:32        2650        2650        2650        2650        1000             2650     2650000  1207891476      450723           2679.9
 2/ 7/2018 15:44:40        2630        2630        2630        2630         100             2630      263000  1208154476      450823          2679.89
 2/ 7/2018 15:49:49        2640        2640        2640        2640         100             2640      264000  1208418476      450923          2679.88
 2/ 7/2018 15:51:11        2650        2650        2650        2650         100             2650      265000  1208683476      451023          2679.87
 2/ 7/2018 15:58:21        3150        3150        3150        3150          50             3150      157500  1208840976      451073          2679.92
 2/ 7/2018 16: 0:49        2950        2950        2950        2950          50             2950      147500  1208988476      451123          2679.95
 2/ 7/2018 16: 1:24        2870        2870        2870        2870          50             2870      143500  1209131976      451173          2679.97
 2/ 7/2018 16: 7:57        2120        2120        2120        2120           1             2120        2120  1209134096      451174          2679.97
 2/ 7/2018 16: 8:41        2110        2110        2110        2110           1             2110        2110  1209136206      451175          2679.97
 2/ 7/2018 16: 8:45        2620        2620        2620        2620         500             2620     1310000  1210446206      451675          2679.91
 2/ 7/2018 16:16:26        2680        2680        2680        2680         430             2680     1152400  1211598606      452105          2679.91
 2/ 7/2018 16:17:28        2650        2650        2650        2650         406             2650     1075900  1212674506      452511          2679.88
 2/ 7/2018 16:24: 2        2650        2670        2650        2670         420          2663.33     1118600  1213793106      452931          2679.86
 2/ 7/2018 16:31:19        2650        2660        2650        2660         450          2656.67     1195500  1214988606      453381          2679.84
 2/ 7/2018 16:33:33        2640        2640        2640        2640        4000             2640    10560000  1225548606      457381          2679.49
 2/ 7/2018 16:39: 2        2650        2650        2650        2650        7400             2650    19610000  1245158606      464781          2679.02
 2/ 7/2018 16:40:26        2630        2630        2630        2630         100             2630      263000  1245421606      464881          2679.01
 2/ 7/2018 16:41:51        2640        2650        2640        2650         470          2646.67     1243933  1246665539      465351          2678.98
 2/ 7/2018 16:42: 8        2640        2640        2640        2640          74             2640      195360  1246860899      465425          2678.97
 2/ 7/2018 16:43:46        2650        2650        2650        2650        3000             2650     7950000  1254810899      468425          2678.79
 2/ 7/2018 16:44: 1        2610        2610        2610        2610         250             2610      652500  1255463399      468675          2678.75
 2/ 7/2018 16:44:28        2620        2620        2620        2620         106             2620      277720  1255741119      468781          2678.74
 2/ 7/2018 16:46:34        2630        2630        2630        2630          60             2630      157800  1255898919      468841          2678.73
 2/ 7/2018 16:50:21        2580        2580        2580        2580        1000             2580     2580000  1258478919      469841          2678.52
 2/ 7/2018 16:55: 5        2630        2630        2630        2630         100             2630      263000  1258741919      469941          2678.51
 2/ 7/2018 16:57: 1        2640        2640        2640        2640        1878             2640     4957920  1263699839      471819          2678.36
 2/ 7/2018 16:58:33        2620        2620        2620        2620         106             2620      277720  1263977559      471925          2678.34
 2/ 7/2018 17: 1: 3        2640        2640        2640        2640         134             2640      353760  1264331319      472059          2678.33
 2/ 7/2018 17: 1:11        2630        2630        2630        2630         360             2630      946800  1265278119      472419           2678.3
 2/ 7/2018 17: 2:26        2640        2640        2640        2640         360             2640      950400  1266228519      472779          2678.27
 2/ 7/2018 17: 2:58        2660        2660        2660        2660         100             2660      266000  1266494519      472879          2678.26
 2/ 7/2018 17: 2:59        2660        2660        2660        2660         100             2660      266000  1266760519      472979          2678.26
 2/ 7/2018 17: 3: 0        2660        2660        2660        2660         100             2660      266000  1267026519      473079          2678.26
 2/ 7/2018 17: 3: 1        2660        2660        2660        2660         100             2660      266000  1267292519      473179          2678.25
 2/ 7/2018 17: 4: 7        2680        2680        2680        2680         300             2680      804000  1268096519      473479          2678.25
 2/ 7/2018 17: 4:26        2630        2630        2630        2630         100             2630      263000  1268359519      473579          2678.24
 2/ 7/2018 17: 4:27        2630        2650        2630        2650         800          2643.33     2114666  1270474185      474379          2678.18
 2/ 7/2018 17: 4:29        2630        2630        2630        2630         100             2630      263000  1270737185      474479          2678.17
 2/ 7/2018 17: 4:32        2630        2630        2630        2630         100             2630      263000  1271000185      474579          2678.16
 2/ 7/2018 17: 5:22        2620        2620        2620        2620         100             2620      262000  1271262185      474679          2678.15
 2/ 7/2018 17: 5:23        2620        2620        2620        2620         100             2620      262000  1271524185      474779          2678.14
 2/ 7/2018 17: 5:25        2620        2620        2620        2620         100             2620      262000  1271786185      474879          2678.13
 2/ 7/2018 17:10:16        2640        2640        2640        2640         100             2640      264000  1272050185      474979          2678.12
 2/ 7/2018 17:10:17        2640        2640        2640        2640         100             2640      264000  1272314185      475079          2678.11
 2/ 7/2018 17:10:18        2640        2640        2640        2640         100             2640      264000  1272578185      475179           2678.1
 2/ 7/2018 17:10:20        2640        2640        2640        2640         100             2640      264000  1272842185      475279          2678.09
 2/ 7/2018 17:11:12        2640        2640        2640        2640          28             2640       73920  1272916105      475307          2678.09
 2/ 7/2018 17:11:17        2650        2650        2650        2650         100             2650      265000  1273181105      475407          2678.09
 2/ 7/2018 17:11:18        2650        2650        2650        2650         100             2650      265000  1273446105      475507          2678.08
 2/ 7/2018 17:11:19        2650        2650        2650        2650         100             2650      265000  1273711105      475607          2678.07
 2/ 7/2018 17:11:20        2650        2650        2650        2650         100             2650      265000  1273976105      475707          2678.07
 2/ 7/2018 17:12:47        2640        2640        2640        2640          89             2640      234960  1274211065      475796          2678.06
 2/ 7/2018 17:13:41        2640        2640        2640        2640         100             2640      264000  1274475065      475896          2678.05
 2/ 7/2018 17:15: 3        2640        2640        2640        2640         100             2640      264000  1274739065      475996          2678.05
 2/ 7/2018 17:15:11        2650        2650        2650        2650         510             2650     1351500  1276090565      476506          2678.02
 2/ 7/2018 17:15:37        2640        2640        2640        2640         100             2640      264000  1276354565      476606          2678.01
 2/ 7/2018 17:15:38        2640        2640        2640        2640         100             2640      264000  1276618565      476706             2678
 2/ 7/2018 17:15:39        2640        2640        2640        2640         100             2640      264000  1276882565      476806          2677.99
 2/ 7/2018 17:15:40        2640        2640        2640        2640         100             2640      264000  1277146565      476906          2677.98
 2/ 7/2018 17:15:41        2640        2640        2640        2640         100             2640      264000  1277410565      477006          2677.98
 2/ 7/2018 17:15:42        2640        2640        2640        2640         100             2640      264000  1277674565      477106          2677.97
 2/ 7/2018 17:15:43        2640        2640        2640        2640         100             2640      264000  1277938565      477206          2677.96
 2/ 7/2018 17:15:45        2640        2640        2640        2640         100             2640      264000  1278202565      477306          2677.95
 2/ 7/2018 17:15:46        2640        2640        2640        2640         100             2640      264000  1278466565      477406          2677.94
 2/ 7/2018 17:16:56        2620        2620        2620        2620        1000             2620     2620000  1281086565      478406          2677.82
 2/ 7/2018 17:19:31        2640        2640        2640        2640          30             2640       79200  1281165765      478436          2677.82
 2/ 7/2018 17:19:32        2640        2640        2640        2640          30             2640       79200  1281244965      478466          2677.82
 2/ 7/2018 17:19:33        2640        2640        2640        2640          30             2640       79200  1281324165      478496          2677.82
 2/ 7/2018 17:19:34        2640        2640        2640        2640          30             2640       79200  1281403365      478526          2677.81
 2/ 7/2018 17:19:35        2640        2640        2640        2640          30             2640       79200  1281482565      478556          2677.81
 2/ 7/2018 17:23: 0        2640        2640        2640        2640          10             2640       26400  1281508965      478566          2677.81
 2/ 7/2018 17:26:19        2640        2640        2640        2640          88             2640      232320  1281741285      478654           2677.8
 2/ 7/2018 17:27:56        2630        2630        2630        2630        1000             2630     2630000  1284371285      479654           2677.7
 2/ 7/2018 17:28:20        2640        2640        2640        2640        1000             2640     2640000  1287011285      480654          2677.63
 2/ 7/2018 17:28:40        2630        2630        2630        2630        1000             2630     2630000  1289641285      481654          2677.53
 2/ 7/2018 17:29:15        2650        2650        2650        2650           1             2650        2650  1289643935      481655          2677.53
 2/ 7/2018 17:33:18        2710        2710        2710        2710        1000             2710     2710000  1292353935      482655          2677.59
 2/ 7/2018 17:36:37        2650        2670        2650        2670         600          2663.33     1598000  1293951935      483255          2677.58
 2/ 7/2018 17:38:49        2640        2640        2640        2640          30             2640       79200  1294031135      483285          2677.57
 2/ 7/2018 17:38:52        2640        2640        2640        2640          30             2640       79200  1294110335      483315          2677.57
 2/ 7/2018 17:38:53        2640        2640        2640        2640          30             2640       79200  1294189535      483345          2677.57
 2/ 7/2018 17:38:54        2640        2640        2640        2640          30             2640       79200  1294268735      483375          2677.57
 2/ 7/2018 17:38:55        2640        2640        2640        2640          30             2640       79200  1294347935      483405          2677.56
 2/ 7/2018 17:38:56        2640        2640        2640        2640          30             2640       79200  1294427135      483435          2677.56
 2/ 7/2018 17:38:57        2640        2640        2640        2640          30             2640       79200  1294506335      483465          2677.56
 2/ 7/2018 17:38:58        2640        2640        2640        2640          30             2640       79200  1294585535      483495          2677.56
 2/ 7/2018 17:38:59        2640        2640        2640        2640          30             2640       79200  1294664735      483525          2677.55
 2/ 7/2018 17:39: 0        2640        2640        2640        2640          30             2640       79200  1294743935      483555          2677.55
 2/ 7/2018 17:39: 6        2640        2640        2640        2640          30             2640       79200  1294823135      483585          2677.55
 2/ 7/2018 17:39:31        2640        2640        2640        2640        4000             2640    10560000  1305383135      487585          2677.24
 2/ 7/2018 17:41: 3        2690        2690        2690        2690         250             2690      672500  1306055635      487835          2677.25
 2/ 7/2018 17:43:17        2510        2510        2510        2510           1             2510        2510  1306058145      487836          2677.25
 2/ 7/2018 17:44:14        2640        2640        2640        2640        1000             2640     2640000  1308698145      488836          2677.17
 2/ 7/2018 17:44:17        2650        2650        2650        2650         610             2650     1616500  1310314645      489446          2677.14
 2/ 7/2018 17:44:20        2650        2650        2650        2650          30             2650       79500  1310394145      489476          2677.14
 2/ 7/2018 17:44:21        2650        2650        2650        2650          30             2650       79500  1310473645      489506          2677.13
 2/ 7/2018 17:44:22        2650        2650        2650        2650          30             2650       79500  1310553145      489536          2677.13
 2/ 7/2018 17:44:23        2650        2650        2650        2650          30             2650       79500  1310632645      489566          2677.13
 2/ 7/2018 17:44:24        2650        2650        2650        2650          30             2650       79500  1310712145      489596          2677.13
 2/ 7/2018 17:44:25        2650        2650        2650        2650          30             2650       79500  1310791645      489626          2677.13
 2/ 7/2018 17:44:26        2650        2650        2650        2650          30             2650       79500  1310871145      489656          2677.13
 2/ 7/2018 17:44:27        2650        2650        2650        2650          30             2650       79500  1310950645      489686          2677.13
 2/ 7/2018 17:44:28        2650        2650        2650        2650          30             2650       79500  1311030145      489716          2677.12
 2/ 7/2018 17:44:29        2650        2650        2650        2650          30             2650       79500  1311109645      489746          2677.12
 2/ 7/2018 17:44:33        2650        2650        2650        2650          30             2650       79500  1311189145      489776          2677.12
 2/ 7/2018 17:44:34        2650        2650        2650        2650          30             2650       79500  1311268645      489806          2677.12
 2/ 7/2018 17:44:35        2650        2650        2650        2650          30             2650       79500  1311348145      489836          2677.12
 2/ 7/2018 17:44:38        2650        2650        2650        2650          30             2650       79500  1311427645      489866          2677.12
 2/ 7/2018 17:44:39        2650        2650        2650        2650          30             2650       79500  1311507145      489896          2677.11
 2/ 7/2018 17:44:40        2650        2650        2650        2650          30             2650       79500  1311586645      489926          2677.11
 2/ 7/2018 17:44:41        2650        2650        2650        2650          30             2650       79500  1311666145      489956          2677.11
 2/ 7/2018 17:44:42        2650        2650        2650        2650          30             2650       79500  1311745645      489986          2677.11
 2/ 7/2018 17:44:44        2650        2650        2650        2650          30             2650       79500  1311825145      490016          2677.11
 2/ 7/2018 17:44:45        2650        2650        2650        2650          30             2650       79500  1311904645      490046          2677.11
 2/ 7/2018 17:44:56        2640        2640        2640        2640        1000             2640     2640000  1314544645      491046          2677.03
 2/ 7/2018 17:45: 3        2650        2650        2650        2650        1000             2650     2650000  1317194645      492046          2676.97
 2/ 7/2018 17:45:56        2620        2620        2620        2620          55             2620      144100  1317338745      492101          2676.97
 2/ 7/2018 17:46: 1        2620        2620        2620        2620          55             2620      144100  1317482845      492156          2676.96
 2/ 7/2018 17:46: 4        2650        2650        2650        2650          30             2650       79500  1317562345      492186          2676.96
 2/ 7/2018 17:46: 5        2650        2650        2650        2650          30             2650       79500  1317641845      492216          2676.96
 2/ 7/2018 17:46: 6        2650        2650        2650        2650          30             2650       79500  1317721345      492246          2676.96
 2/ 7/2018 17:46: 7        2650        2650        2650        2650          30             2650       79500  1317800845      492276          2676.96
 2/ 7/2018 17:46: 8        2650        2650        2650        2650          30             2650       79500  1317880345      492306          2676.95
 2/ 7/2018 17:46: 9        2650        2650        2650        2650          30             2650       79500  1317959845      492336          2676.95
 2/ 7/2018 17:46:11        2650        2650        2650        2650          30             2650       79500  1318039345      492366          2676.95
 2/ 7/2018 17:46:16        2630        2630        2630        2630          44             2630      115720  1318155065      492410          2676.95
 2/ 7/2018 17:46:21        2630        2630        2630        2630          44             2630      115720  1318270785      492454          2676.94
 2/ 7/2018 17:48:49        2650        2650        2650        2650           2             2650        5300  1318276085      492456          2676.94
 2/ 7/2018 17:49:39        2640        2640        2640        2640        1000             2640     2640000  1320916085      493456          2676.87
 2/ 7/2018 17:50: 4        2660        2670        2660        2670           4          2666.67       10666  1320926751      493460          2676.87
 2/ 7/2018 17:51:17        2680        2680        2600        2600        2000          2626.67     5253333  1326180084      495460          2676.66
 2/ 7/2018 17:51:28        2640        2640        2640        2640          22             2640       58080  1326238164      495482          2676.66
 2/ 7/2018 17:52:18        2640        2640        2640        2640         100             2640      264000  1326502164      495582          2676.66
 2/ 7/2018 17:52:31        2640        2640        2640        2640         100             2640      264000  1326766164      495682          2676.65
 2/ 7/2018 17:55:59        2640        2640        2640        2640         100             2640      264000  1327030164      495782          2676.64
 2/ 7/2018 17:56: 0        2640        2640        2640        2640         100             2640      264000  1327294164      495882          2676.63
 2/ 7/2018 17:56: 1        2640        2640        2640        2640         100             2640      264000  1327558164      495982          2676.63
 2/ 7/2018 17:56: 2        2640        2640        2640        2640         100             2640      264000  1327822164      496082          2676.62
 2/ 7/2018 17:56: 3        2640        2640        2640        2640         100             2640      264000  1328086164      496182          2676.61
 2/ 7/2018 17:56: 4        2640        2640        2640        2640         100             2640      264000  1328350164      496282           2676.6
 2/ 7/2018 17:56: 5        2640        2640        2640        2640         100             2640      264000  1328614164      496382           2676.6
 2/ 7/2018 17:56: 6        2640        2640        2640        2640         100             2640      264000  1328878164      496482          2676.59
 2/ 7/2018 17:56: 7        2640        2640        2640        2640         100             2640      264000  1329142164      496582          2676.58
 2/ 7/2018 17:56: 8        2640        2640        2640        2640         100             2640      264000  1329406164      496682          2676.57
 2/ 7/2018 17:56: 9        2640        2640        2640        2640         100             2640      264000  1329670164      496782          2676.57
 2/ 7/2018 17:56:11        2640        2640        2640        2640         100             2640      264000  1329934164      496882          2676.56
 2/ 7/2018 17:56:12        2640        2640        2640        2640         100             2640      264000  1330198164      496982          2676.55
 2/ 7/2018 17:56:28        2650        2650        2650        2650         300             2650      795000  1330993164      497282          2676.54
 2/ 7/2018 17:56:42        2620        2620        2620        2620        1000             2620     2620000  1333613164      498282          2676.42
 2/ 7/2018 17:57:52        2650        2650        2650        2650           8             2650       21200  1333634364      498290          2676.42
 2/ 7/2018 17:59: 0        2630        2630        2630        2630        3000             2630     7890000  1341524364      501290          2676.14
 2/ 7/2018 17:59:30        2650        2650        2650        2650         700             2650     1855000  1343379364      501990          2676.11
 2/ 7/2018 17:59:51        2650        2650        2650        2650        1000             2650     2650000  1346029364      502990          2676.06
 2/ 7/2018 18: 5: 5        2720        3150        2720        2650        1000             2840     2840000  1348869364      503990          2676.38
 2/ 7/2018 18: 8: 0        2720        3150        2720        2650        1000             2840     2840000  1351709364      504990          2676.71
 2/ 7/2018 18: 9:38        2650        2650        2650        2650           1             2650        2650  1351712014      504991          2676.71
 2/ 7/2018 18: 9:39        2650        2650        2650        2650           1             2650        2650  1351714664      504992          2676.71
 2/ 7/2018 18: 9:41        2650        2650        2650        2650           1             2650        2650  1351717314      504993          2676.71
 2/ 7/2018 18: 9:46        2650        2650        2650        2650           1             2650        2650  1351719964      504994           2676.7
 2/ 7/2018 18: 9:51        2650        2650        2650        2650           1             2650        2650  1351722614      504995           2676.7
