         Date              Open        High         Low       Close      Volume     Typical Price         V*P    Total VP     Total V        VWAP    Message Count
 9/ 7/2018 55: 2: 1        1250        1520        1250        1450        2000           1406.67     2813333     2813333        2000     1406.67         105
10/ 7/2018  0: 2: 0        1220        1280        1220        1280        1000              1260     1260000     4073333        3000     1357.78           3
10/ 7/2018  0: 2: 1        1420        1420        1280        1310       10000           1336.67    13366666    17439999       13000     1341.54           5
10/ 7/2018  0: 2: 2        1300        1460        1260        1290       10000           1336.67    13366666    30806665       23000     1339.42           8
10/ 7/2018  0: 2: 5        1360        1360        1220        1220       10000           1266.67    12666666    43473331       33000     1317.37           2
10/ 7/2018  0: 2: 8        1290        1290        1280        1280        7000           1283.33     8983333    52456664       40000     1311.42           2
10/ 7/2018  0: 2:12        1280        1280        1280        1280        1414              1280     1809920    54266584       41414     1310.34           1
10/ 7/2018  0: 2:24        1270        1270        1270        1270        1416              1270     1798320    56064904       42830     1309.01           1
10/ 7/2018  0: 2:28        1390        1390        1390        1390        1000              1390     1390000    57454904       43830     1310.86           1
10/ 7/2018  0: 2:31        1370        1370        1370        1370        1000              1370     1370000    58824904       44830     1312.18           1
10/ 7/2018  0: 2:52        1270        1270        1270        1270         915              1270     1162050    59986954       45745     1311.33           2
10/ 7/2018  0: 2:57        1270        1270        1270        1270        7000              1270     8890000    68876954       52745     1305.85           1
10/ 7/2018  1: 2:13        1260        1260        1260        1260        8500              1260    10710000    79586954       61245     1299.48           1
10/ 7/2018  1: 2:22        1340        1340        1340        1340        2000              1340     2680000    82266954       63245     1300.77           1
10/ 7/2018  2: 2:24        1260        1260        1260        1260        1000              1260     1260000    83526954       64245     1300.13           1
10/ 7/2018  2: 2:30        1270        1270        1270        1270        1478              1270     1877060    85404014       65723     1299.45           1
10/ 7/2018  2: 2:40        1500        1500        1500        1500         450              1500      675000    86079014       66173     1300.82           1
10/ 7/2018  3: 2: 3        1350        1350        1350        1350        1001              1350     1351350    87430364       67174     1301.55           1
10/ 7/2018  3: 2:22        1260        1270        1260        1270        1000           1266.67     1266666    88697030       68174     1301.04           2
10/ 7/2018  3: 2:23        1290        1290        1290        1290         200              1290      258000    88955030       68374     1301.01           1
10/ 7/2018  3: 2:28        1270        1270        1270        1270        1000              1270     1270000    90225030       69374     1300.56           1
10/ 7/2018  3: 2:46        1260        1260        1260        1260        3500              1260     4410000    94635030       72874     1298.61           2
10/ 7/2018  4: 2:29        1230        1230        1230        1230       10000              1230    12300000   106935030       82874     1290.33           1
10/ 7/2018  4: 2:30        1270        1270        1270        1270        1414              1270     1795780   108730810       84288     1289.99           1
10/ 7/2018  4: 2:48        1260        1260        1260        1260        1000              1260     1260000   109990810       85288     1289.64           1
10/ 7/2018  4: 2:55        1220        1220        1220        1220       10000              1220    12200000   122190810       95288     1282.33           1
10/ 7/2018  5: 2: 8        1270        1270        1270        1270        4000              1270     5080000   127270810       99288     1281.83           1
10/ 7/2018  5: 2:10        1260        1260        1260        1260        1000              1260     1260000   128530810      100288     1281.62           1
10/ 7/2018  5: 2:14        1260        1260        1260        1260         210              1260      264600   128795410      100498     1281.57           1
10/ 7/2018  5: 2:51        1270        1270        1270        1270        5855              1270     7435850   136231260      106353     1280.93           1
10/ 7/2018  6: 2:22        1260        1260        1260        1260        4923              1260     6202980   142434240      111276     1280.01           1
10/ 7/2018  6: 2:43        1210        1210        1210        1210       10000              1210    12100000   154534240      121276     1274.24           1
10/ 7/2018  7: 2: 3        1200        1200        1200        1200       10000              1200    12000000   166534240      131276     1268.58           1
10/ 7/2018  7: 2:54        1240        1240        1240        1240          88              1240      109120   166643360      131364     1268.56           1
10/ 7/2018  8: 2:13        1250        1250        1250        1250          88              1250      110000   166753360      131452     1268.55           1
10/ 7/2018  8: 2:14        1500        1500        1500        1500        1000              1500     1500000   168253360      132452      1270.3           1
10/ 7/2018  8: 2:18        1260        1260        1260        1260        8065              1260    10161900   178415260      140517     1269.71           1
10/ 7/2018  8: 2:31        1230        1230        1230        1230        1500              1230     1845000   180260260      142017     1269.29           1
10/ 7/2018  8: 2:37        1260        1260        1260        1260        1000              1260     1260000   181520260      143017     1269.22           1
10/ 7/2018  8: 2:39        1270        1300        1270        1300        5000              1290     6450000   187970260      148017     1269.92           2
10/ 7/2018  8: 2:56        1260        1260        1260        1260        2000              1260     2520000   190490260      150017     1269.79           1
10/ 7/2018  9: 2: 0        1280        1280        1280        1280         111              1280      142080   190632340      150128      1269.8           1
10/ 7/2018  9: 2:14        1270        1270        1270        1270         111              1270      140970   190773310      150239      1269.8           1
10/ 7/2018  9: 2:31        1240        1240        1240        1240        2500              1240     3100000   193873310      152739     1269.31           1
10/ 7/2018  9: 2:43        1260        1260        1260        1260        1500              1260     1890000   195763310      154239     1269.22           1
10/ 7/2018  9: 2:48        1300        1300        1300        1300          50              1300       65000   195828310      154289     1269.23           1
10/ 7/2018 10: 2:11        1240        1240        1240        1240          12              1240       14880   195843190      154301     1269.23           1
10/ 7/2018 10: 2:26        1260        1260        1260        1260         100              1260      126000   195969190      154401     1269.22           1
10/ 7/2018 10: 2:36        1280        1280        1280        1280          13              1280       16640   195985830      154414     1269.22           1
10/ 7/2018 10: 2:42        1260        1260        1260        1260         250              1260      315000   196300830      154664     1269.21           1
10/ 7/2018 11: 2:36        1290        1290        1260        1260       10000              1270    12700000   209000830      164664     1269.26           2
10/ 7/2018 11: 2:43        1280        1280        1280        1280         200              1280      256000   209256830      164864     1269.27           1
10/ 7/2018 12: 2: 7        1230        1370        1230        1370         199           1323.33      263343   209520173      165063     1269.33           2
10/ 7/2018 12: 2:53        1290        1290        1290        1290        1000              1290     1290000   210810173      166063     1269.46           1
10/ 7/2018 13: 2:17        1240        1240        1240        1240        1000              1240     1240000   212050173      167063     1269.28           1
10/ 7/2018 14: 2: 0        1350        1350        1350        1350        5000              1350     6750000   218800173      172063     1271.63           1
10/ 7/2018 15: 2:10        1300        1300        1300        1300          54              1300       70200   218870373      172117     1271.64           1
10/ 7/2018 15: 2:44        1260        1260        1260        1260         268              1260      337680   219208053      172385     1271.62           1
10/ 7/2018 15: 2:52        1260        1260        1260        1260        1132              1260     1426320   220634373      173517     1271.54           1
10/ 7/2018 15: 2:54        1270        1270        1270        1270        4803              1270     6099810   226734183      178320      1271.5           1
10/ 7/2018 16: 2: 8        1260        1260        1260        1260         500              1260      630000   227364183      178820     1271.47           1
10/ 7/2018 16: 2:13        1200        1200        1200        1200        9224              1200    11068800   238432983      188044     1267.96           1
10/ 7/2018 16: 2:22        1260        1260        1260        1260       10000              1260    12600000   251032983      198044     1267.56           1
10/ 7/2018 16: 2:39        1260        1260        1260        1260        5000              1260     6300000   257332983      203044     1267.38           1
10/ 7/2018 16: 2:44        1260        1260        1260        1260          30              1260       37800   257370783      203074     1267.37           1
10/ 7/2018 16: 2:57        1260        1260        1260        1260        1082              1260     1363320   258734103      204156     1267.34           1
10/ 7/2018 17: 2:12        1280        1280        1280        1280        2000              1280     2560000   261294103      206156     1267.46           1
10/ 7/2018 18: 2: 8        1260        1260        1260        1260        2500              1260     3150000   264444103      208656     1267.37           1
10/ 7/2018 18: 2:29        1270        1270        1270        1270       10000              1270    12700000   277144103      218656     1267.49           1
10/ 7/2018 19: 2:20        1340        1340        1340        1340         500              1340      670000   277814103      219156     1267.65           1
10/ 7/2018 19: 2:44        1260        1260        1260        1260        3500              1260     4410000   282224103      222656     1267.53           1
10/ 7/2018 19: 2:48        1270        1270        1270        1270        2000              1270     2540000   284764103      224656     1267.56           1
10/ 7/2018 20: 2:46        1260        1260        1260        1260        4000              1260     5040000   289804103      228656     1267.42           1
10/ 7/2018 20: 2:50        1260        1260        1260        1260        4106              1260     5173560   294977663      232762     1267.29           1
10/ 7/2018 21: 2: 1        1270        1270        1270        1270        5000              1270     6350000   301327663      237762     1267.35           1
10/ 7/2018 22: 2:55        1270        1270        1270        1270        7290              1270     9258300   310585963      245052     1267.43           1
10/ 7/2018 23: 2:14        1260        1260        1260        1260        3945              1260     4970700   315556663      248997     1267.31           1
10/ 7/2018 26: 2:34        1300        1300        1300        1300        3945              1300     5128500   320685163      252942     1267.82           1
10/ 7/2018 27: 2:35        1260        1260        1260        1260        2000              1260     2520000   323205163      254942     1267.76           1
10/ 7/2018 28: 2:14        1260        1260        1260        1260        1000              1260     1260000   324465163      255942     1267.73           2
10/ 7/2018 28: 2:36        1250        1250        1250        1250        2500              1250     3125000   327590163      258442     1267.56           1
10/ 7/2018 28: 2:59        1260        1260        1260        1260        3000              1260     3780000   331370163      261442     1267.47           1
10/ 7/2018 29: 2:11        1250        1250        1250        1250        1000              1250     1250000   332620163      262442      1267.4           1
10/ 7/2018 29: 2:19        1240        1240        1240        1240        2500              1240     3100000   335720163      264942     1267.15           1
10/ 7/2018 29: 2:52        1250        1250        1250        1250        5000              1250     6250000   341970163      269942     1266.83           1
10/ 7/2018 30: 2:17        1500        1500        1500        1500         580              1500      870000   342840163      270522     1267.33           1
10/ 7/2018 31: 2:17        1250        1250        1250        1250        1000              1250     1250000   344090163      271522     1267.26           2
10/ 7/2018 31: 2:18        1260        1260        1260        1260        8544              1260    10765440   354855603      280066     1267.04           1
10/ 7/2018 31: 2:19        1240        1240        1240        1240           1              1240        1240   354856843      280067     1267.04           1
10/ 7/2018 31: 2:21        1270        1270        1270        1270        4106              1270     5214620   360071463      284173     1267.09           1
10/ 7/2018 31: 2:31        1240        1240        1240        1240         201              1240      249240   360320703      284374     1267.07           1
10/ 7/2018 31: 2:43        1250        1250        1250        1250        1000              1250     1250000   361570703      285374     1267.01           1
10/ 7/2018 31: 2:52        1260        1260        1260        1260          56              1260       70560   361641263      285430     1267.01           1
10/ 7/2018 31: 2:56        1220        1270        1220        1270        6000           1253.33     7520000   369161263      291430     1266.72           3
10/ 7/2018 31: 2:57        1260        1260        1260        1260           1              1260        1260   369162523      291431     1266.72           2
10/ 7/2018 32: 2:52        1250        1250        1250        1250        2500              1250     3125000   372287523      293931     1266.58           1
10/ 7/2018 33: 2:17        1270        1270        1270        1270       11988              1270    15224760   387512283      305919     1266.72           1
10/ 7/2018 33: 2:58        1290        1290        1290        1290       14800              1290    19092000   406604283      320719     1267.79           1
10/ 7/2018 34: 2: 5        1260        1260        1260        1260       20000              1260    25200000   431804283      340719     1267.33           1
10/ 7/2018 34: 2:18        1260        1260        1260        1260        5000              1260     6300000   438104283      345719     1267.23           1
10/ 7/2018 34: 2:23        1280        1280        1280        1280        1500              1280     1920000   440024283      347219     1267.28           1
10/ 7/2018 34: 2:26        1270        1270        1270        1270        3945              1270     5010150   445034433      351164     1267.31           1
10/ 7/2018 35: 2:14        1290        1290        1290        1290        5000              1290     6450000   451484433      356164     1267.63           1
10/ 7/2018 35: 2:22        1270        1270        1270        1270        5000              1270     6350000   457834433      361164     1267.66           1
10/ 7/2018 35: 2:25        1260        1260        1260        1260        1000              1260     1260000   459094433      362164     1267.64           1
10/ 7/2018 35: 2:55        1270        1270        1270        1270        5000              1270     6350000   465444433      367164     1267.67           1
10/ 7/2018 36: 2: 1        1320        1320        1320        1320       10000              1320    13200000   478644433      377164     1269.06           1
10/ 7/2018 36: 2:13        1260        1260        1260        1260        2500              1260     3150000   481794433      379664        1269           1
10/ 7/2018 37: 2: 1        1250        1250        1250        1250        1620              1250     2025000   483819433      381284     1268.92           1
10/ 7/2018 37: 2:15        1280        1280        1280        1280         500              1280      640000   484459433      381784     1268.94           1
10/ 7/2018 38: 2:11        1270        1270        1270        1270        4000              1270     5080000   489539433      385784     1268.95           1
10/ 7/2018 38: 2:22        1310        1310        1310        1310        5000              1310     6550000   496089433      390784     1269.47           1
10/ 7/2018 39: 2: 0        1260        1260        1260        1260         120              1260      151200   496240633      390904     1269.47           1
10/ 7/2018 39: 2:23        1310        1310        1310        1310        6901              1310     9040310   505280943      397805     1270.17           1
10/ 7/2018 42: 2:21        1270        1270        1270        1270        6000              1270     7620000   512900943      403805     1270.17           1
10/ 7/2018 42: 2:32        1270        1270        1270        1270        1002              1270     1272540   514173483      404807     1270.17           1
10/ 7/2018 43: 2: 1        1280        1280        1280        1280        1739              1280     2225920   516399403      406546     1270.21           1
10/ 7/2018 43: 2:11        1300        1300        1300        1300        2000              1300     2600000   518999403      408546     1270.36           1
10/ 7/2018 44: 2:49        1260        1260        1260        1260       10000              1260    12600000   531599403      418546     1270.11           1
10/ 7/2018 45: 2: 5        1260        1260        1260        1260        1000              1260     1260000   532859403      419546     1270.09           1
10/ 7/2018 47: 2:47        1250        1250        1250        1250        2000              1250     2500000   535359403      421546     1269.99           1
10/ 7/2018 47: 2:49        1270        1270        1270        1270        3100              1270     3937000   539296403      424646     1269.99           1
10/ 7/2018 48: 2:52        1340        1340        1340        1340        5500              1340     7370000   546666403      430146     1270.89           1
10/ 7/2018 50: 2:26        1260        1260        1260        1260        3739              1260     4711140   551377543      433885     1270.79           1
10/ 7/2018 52: 2:17        1250        1250        1250        1250        2000              1250     2500000   553877543      435885      1270.7           1
10/ 7/2018 52: 2:44        1280        1280        1280        1280        1600              1280     2048000   555925543      437485     1270.73           1
10/ 7/2018 52: 2:59        1260        1260        1260        1260        7000              1260     8820000   564745543      444485     1270.56           1
10/ 7/2018 53: 2:11        1250        1250        1250        1250        2000              1250     2500000   567245543      446485     1270.47           1
10/ 7/2018 53: 2:23        1280        1280        1280        1280        9300              1280    11904000   579149543      455785     1270.66           1
11/ 7/2018  0: 2:27        1300        1300        1300        1300        1000              1300     1300000   580449543      456785     1270.73           1
11/ 7/2018  6: 2:11        1230        1230        1230        1230        4000              1230     4920000   585369543      460785     1270.37           1
11/ 7/2018  6: 2:43        1270        1270        1270        1270        5000              1270     6350000   591719543      465785     1270.37           1
11/ 7/2018  6: 2:44        1270        1270        1270        1270        5000              1270     6350000   598069543      470785     1270.37           1
11/ 7/2018  7: 2: 5        1270        1270        1270        1270         500              1270      635000   598704543      471285     1270.37           1
11/ 7/2018  7: 2:26        1250        1250        1250        1250        4000              1250     5000000   603704543      475285     1270.19           1
11/ 7/2018  7: 2:29        1260        1260        1260        1260        4000              1260     5040000   608744543      479285     1270.11           1
11/ 7/2018  8: 2:40        1280        1280        1280        1280        1000              1280     1280000   610024543      480285     1270.13           1
11/ 7/2018  9: 2:32        1510        1510        1510        1510       19400              1510    29294000   639318543      499685     1279.44           1
11/ 7/2018 10: 2: 1        1270        1270        1270        1270        4541              1270     5767070   645085613      504226     1279.36           1
11/ 7/2018 10: 2: 3        1260        1260        1260        1260        7165              1260     9027900   654113513      511391     1279.09           1
11/ 7/2018 10: 2:45        1270        1270        1270        1270         270              1270      342900   654456413      511661     1279.08           1
11/ 7/2018 11: 2:37        1390        1390        1390        1390        1500              1390     2085000   656541413      513161     1279.41           1
11/ 7/2018 12: 2: 0        1270        1270        1270        1270         189              1270      240030   656781443      513350      1279.4           1
11/ 7/2018 12: 2: 2        1270        1270        1270        1270        7165              1270     9099550   665880993      520515     1279.27           1
11/ 7/2018 15: 2:15        1260        1260        1260        1260        6787              1260     8551620   674432613      527302     1279.03           1
11/ 7/2018 15: 2:17        1260        1260        1260        1260        2500              1260     3150000   677582613      529802     1278.94           1
11/ 7/2018 16: 2:52        1270        1270        1270        1270        1000              1270     1270000   678852613      530802     1278.92           1
11/ 7/2018 17: 2:10        1280        1280        1280        1280        1000              1280     1280000   680132613      531802     1278.92           1
11/ 7/2018 17: 2:12        1340        1340        1340        1340        6400              1340     8576000   688708613      538202     1279.65           1
11/ 7/2018 17: 2:45        1390        1390        1390        1390        1100              1390     1529000   690237613      539302     1279.87           1
11/ 7/2018 18: 2: 3        1270        1270        1270        1270        7000              1270     8890000   699127613      546302     1279.75           1
11/ 7/2018 18: 2:27        1280        1280        1280        1280        8500              1280    10880000   710007613      554802     1279.75           1
11/ 7/2018 18: 2:29        1270        1270        1270        1270        5000              1270     6350000   716357613      559802     1279.66           1
11/ 7/2018 19: 2:16        1230        1230        1230        1230        2000              1230     2460000   718817613      561802     1279.49           1
11/ 7/2018 19: 2:24        1260        1260        1260        1260        2000              1260     2520000   721337613      563802     1279.42           1
11/ 7/2018 21: 2:30        1270        1270        1270        1270        7801              1270     9907270   731244883      571603     1279.29           1
11/ 7/2018 22: 2:33        1350        1350        1350        1350        5000              1350     6750000   737994883      576603      1279.9           1
11/ 7/2018 23: 2:50        1350        1350        1350        1350       10000              1350    13500000   751494883      586603      1281.1           1
11/ 7/2018 23: 2:58        1280        1280        1280        1280        1000              1280     1280000   752774883      587603     1281.09           1
11/ 7/2018 24: 2: 5        1290        1290        1290        1290        3500              1290     4515000   757289883      591103     1281.15           1
11/ 7/2018 24: 2:39        1280        1280        1280        1280       10000              1280    12800000   770089883      601103     1281.13           1
11/ 7/2018 25: 2: 5        1260        1260        1260        1260        2000              1260     2520000   772609883      603103     1281.06           1
11/ 7/2018 25: 2:18        1280        1280        1280        1280         200              1280      256000   772865883      603303     1281.06           1
11/ 7/2018 26: 2:49        1290        1310        1290        1310          50           1303.33       65166   772931049      603353     1281.06           3
11/ 7/2018 28: 2: 7        1260        1260        1260        1260        5000              1260     6300000   779231049      608353     1280.89           1
11/ 7/2018 28: 2: 8        1280        1280        1280        1280        1000              1280     1280000   780511049      609353     1280.88           1
11/ 7/2018 30: 2:29        1410        1410        1410        1410        6877              1410     9696570   790207619      616230     1282.33           1
11/ 7/2018 32: 2:48        1350        1350        1350        1350       28334              1350    38250900   828458519      644564      1285.3           1
11/ 7/2018 33: 2:12        1280        1280        1280        1280       18789              1280    24049920   852508439      663353     1285.15           1
11/ 7/2018 34: 2:50        1290        1290        1290        1290        2500              1290     3225000   855733439      665853     1285.17           1
11/ 7/2018 35: 2:26        1280        1280        1280        1280        5000              1280     6400000   862133439      670853     1285.13           1
11/ 7/2018 36: 2:28        1280        1280        1280        1280         970              1280     1241600   863375039      671823     1285.12           1
11/ 7/2018 37: 2:42        1270        1270        1270        1270           1              1270        1270   863376309      671824     1285.12           1
11/ 7/2018 37: 2:54        1280        1280        1280        1280         100              1280      128000   863504309      671924     1285.12           1
11/ 7/2018 41: 2:30        1300        1300        1300        1300          14              1300       18200   863522509      671938     1285.12           1
11/ 7/2018 41: 2:31        1280        1280        1280        1280       10000              1280    12800000   876322509      681938     1285.05           1
11/ 7/2018 41: 2:43        1280        1280        1280        1280         101              1280      129280   876451789      682039     1285.05           1
11/ 7/2018 43: 2: 9        1370        1370        1370        1370         500              1370      685000   877136789      682539     1285.11           1
11/ 7/2018 43: 2:12        1280        1280        1280        1280         800              1280     1024000   878160789      683339      1285.1           1
11/ 7/2018 43: 2:51        1280        1280        1280        1280         200              1280      256000   878416789      683539      1285.1           1
11/ 7/2018 48: 2: 8        1300        1300        1300        1300        1000              1300     1300000   879716789      684539     1285.12           1
11/ 7/2018 50: 2:30        1330        1330        1330        1330       10000              1330    13300000   893016789      694539     1285.77           1
11/ 7/2018 52: 2:42        1250        1250        1250        1250        1250              1250     1562500   894579289      695789      1285.7           1
11/ 7/2018 53: 2:27        1190        1190        1190        1190         500              1190      595000   895174289      696289     1285.64           1
11/ 7/2018 53: 2:31        1260        1260        1260        1260        1000              1260     1260000   896434289      697289      1285.6           1
11/ 7/2018 54: 2:19        1300        1300        1300        1300        2000              1300     2600000   899034289      699289     1285.64           1
11/ 7/2018 54: 2:51        1280        1280        1280        1280        5252              1280     6722560   905756849      704541      1285.6           1
11/ 7/2018 55: 2:15        1280        1280        1280        1280        5000              1280     6400000   912156849      709541     1285.56           1
11/ 7/2018 56: 2:11        1320        1320        1320        1320        3000              1320     3960000   916116849      712541      1285.7           1
11/ 7/2018 56: 2:44        1290        1290        1290        1290         500              1290      645000   916761849      713041     1285.71           1
11/ 7/2018 56: 2:49        1320        1320        1320        1320         500              1320      660000   917421849      713541     1285.73           1
11/ 7/2018 56: 2:59        1340        1340        1340        1340         500              1340      670000   918091849      714041     1285.77           1
11/ 7/2018 57: 2:12        1310        1310        1310        1310        1232              1310     1613920   919705769      715273     1285.81           1
11/ 7/2018 57: 2:57        1360        1360        1360        1360         500              1360      680000   920385769      715773     1285.86           1
11/ 7/2018 58: 2: 4        1380        1380        1380        1380         500              1380      690000   921075769      716273     1285.93           1
11/ 7/2018 58: 2:34        1270        1270        1270        1270          30              1270       38100   921113869      716303     1285.93           1
11/ 7/2018 59: 2: 0        1360        1360        1360        1360       15000              1360    20400000   941513869      731303     1287.45           1
12/ 7/2018  0: 2:38        1270        1270        1270        1270        1000              1270     1270000   942783869      732303     1287.42           1
12/ 7/2018  2: 2: 4        1300        1300        1300        1300       10000              1300    13000000   955783869      742303     1287.59           1
12/ 7/2018  6: 2:29        1280        1280        1280        1280        3000              1280     3840000   959623869      745303     1287.56           1
12/ 7/2018 12: 2:22        1250        1250        1250        1250         300              1250      375000   959998869      745603     1287.55           1
12/ 7/2018 13: 2:56        1250        1250        1250        1250        1000              1250     1250000   961248869      746603      1287.5           1
12/ 7/2018 14: 2:36        1280        1280        1280        1280       14800              1280    18944000   980192869      761403     1287.35           1
12/ 7/2018 15: 2:50        1280        1280        1280        1280        1000              1280     1280000   981472869      762403     1287.34           1
12/ 7/2018 16: 2:51        1250        1250        1250        1250        1000              1250     1250000   982722869      763403     1287.29           1
12/ 7/2018 19: 2:58        1270        1270        1270        1270       10000              1270    12700000   995422869      773403     1287.07           1
12/ 7/2018 21: 2:24        1290        1290        1290        1290          42              1290       54180   995477049      773445     1287.07           1
12/ 7/2018 21: 2:29        1350        1350        1350        1350       10000              1350    13500000  1008977049      783445     1287.87           1
12/ 7/2018 21: 2:32        1270        1270        1270        1270       10862              1270    13794740  1022771789      794307     1287.63           1
12/ 7/2018 22: 2:22        1260        1260        1260        1260         100              1260      126000  1022897789      794407     1287.62           1
12/ 7/2018 23: 2:20        1270        1270        1270        1270          50              1270       63500  1022961289      794457     1287.62           1
12/ 7/2018 23: 2:37        1260        1260        1260        1260          50              1260       63000  1023024289      794507     1287.62           1
12/ 7/2018 23: 2:54        1250        1250        1250        1250          50              1250       62500  1023086789      794557     1287.62           1
12/ 7/2018 24: 2:41        1280        1280        1280        1280       10000              1280    12800000  1035886789      804557     1287.52           1
12/ 7/2018 25: 2:39        1280        1280        1280        1280        1000              1280     1280000  1037166789      805557     1287.52           1
12/ 7/2018 27: 2:17        1280        1280        1280        1280        5000              1280     6400000  1043566789      810557     1287.47           1
12/ 7/2018 27: 2:20        1320        1320        1320        1320        1000              1320     1320000  1044886789      811557     1287.51           1
12/ 7/2018 27: 2:28        1310        1310        1310        1310        1000              1310     1310000  1046196789      812557     1287.54           1
12/ 7/2018 28: 2:52        1270        1270        1270        1270        3000              1270     3810000  1050006789      815557     1287.47           1
12/ 7/2018 31: 2:36        1260        1260        1260        1260         250              1260      315000  1050321789      815807     1287.46           1
12/ 7/2018 32: 2:14        1250        1250        1250        1250        1250              1250     1562500  1051884289      817057     1287.41           1
12/ 7/2018 33: 2:51        1250        1250        1250        1250         200              1250      250000  1052134289      817257      1287.4           1
12/ 7/2018 37: 2:10        1310        1310        1310        1310        5000              1310     6550000  1058684289      822257     1287.53           1
12/ 7/2018 40: 2:48        1270        1270        1270        1270        1000              1270     1270000  1059954289      823257     1287.51           1
12/ 7/2018 49: 2:17        1270        1270        1270        1270        1000              1270     1270000  1061224289      824257     1287.49           1
12/ 7/2018 50: 2:23        1250        1250        1250        1250        1500              1250     1875000  1063099289      825757     1287.42           1
12/ 7/2018 52: 2:39        1280        1280        1280        1280        1000              1280     1280000  1064379289      826757     1287.41           1
12/ 7/2018 54: 2:16        1250        1250        1250        1250         100              1250      125000  1064504289      826857     1287.41           1
12/ 7/2018 56: 2:24        1290        1290        1290        1290       10000              1290    12900000  1077404289      836857     1287.44           1
12/ 7/2018 58: 2:23        1280        1280        1280        1280        1000              1280     1280000  1078684289      837857     1287.43           1
12/ 7/2018 59: 2: 6        1280        1280        1280        1280          50              1280       64000  1078748289      837907     1287.43           1
12/ 7/2018 59: 2:22        1270        1270        1270        1270        2000              1270     2540000  1081288289      839907     1287.39           1
12/ 7/2018 59: 2:37        1270        1270        1270        1270         192              1270      243840  1081532129      840099     1287.39           1
12/ 7/2018 59: 2:48        1260        1260        1260        1260         111              1260      139860  1081671989      840210     1287.38           1
12/ 7/2018 59: 2:54        1270        1270        1270        1270           1              1270        1270  1081673259      840211     1287.38           1
13/ 7/2018 55: 2:19        1240        1520        1240        1290         500              1350      675000  1082348259      840711     1287.42         223
14/ 7/2018  0: 2:10        1270        1270        1270        1270        9597              1270    12188190  1094536449      850308     1287.22           1
14/ 7/2018  3: 2: 0        1300        1300        1300        1300         500              1300      650000  1095186449      850808     1287.23           1
14/ 7/2018  8: 2:44        1270        1270        1270        1270          50              1270       63500  1095249949      850858     1287.23           1
14/ 7/2018  8: 2:46        1280        1280        1280        1280         300              1280      384000  1095633949      851158     1287.23           1
14/ 7/2018 10: 2:31        1270        1270        1270        1270         100              1270      127000  1095760949      851258     1287.23           1
14/ 7/2018 11: 2:42        1280        1280        1280        1280       10000              1280    12800000  1108560949      861258     1287.14           1
14/ 7/2018 17: 2: 3        1270        1270        1270        1270          42              1270       53340  1108614289      861300     1287.14           1
14/ 7/2018 17: 2:18        1260        1260        1260        1260        3000              1260     3780000  1112394289      864300     1287.05           1
14/ 7/2018 17: 2:23        1260        1260        1260        1260         100              1260      126000  1112520289      864400     1287.04           1
14/ 7/2018 17: 2:44        1260        1260        1260        1260         300              1260      378000  1112898289      864700     1287.03           1
14/ 7/2018 18: 2:57        1260        1260        1260        1260        1000              1260     1260000  1114158289      865700        1287           1
14/ 7/2018 22: 2:21        1270        1270        1270        1270           1              1270        1270  1114159559      865701        1287           1
14/ 7/2018 24: 2: 0        1270        1270        1270        1270         100              1270      127000  1114286559      865801        1287           1
14/ 7/2018 24: 2:13        1290        1290        1290        1290        1000              1290     1290000  1115576559      866801        1287           1
14/ 7/2018 24: 2:27        1280        1280        1280        1280       10000              1280    12800000  1128376559      876801     1286.92           1
14/ 7/2018 24: 2:38        1270        1270        1270        1270          26              1270       33020  1128409579      876827     1286.92           1
14/ 7/2018 25: 2:16        1270        1270        1270        1270        5000              1270     6350000  1134759579      881827     1286.83           1
14/ 7/2018 25: 2:30        1270        1270        1270        1270        5000              1270     6350000  1141109579      886827     1286.73           1
14/ 7/2018 25: 2:54        1280        1280        1280        1280        5000              1280     6400000  1147509579      891827      1286.7           1
14/ 7/2018 26: 2: 8        1270        1270        1270        1270        7817              1270     9927590  1157437169      899644     1286.55           1
14/ 7/2018 29: 2: 2        1320        1320        1320        1320        1000              1320     1320000  1158757169      900644     1286.59           1
14/ 7/2018 29: 2:11        1270        1270        1270        1270        5000              1270     6350000  1165107169      905644      1286.5           1
14/ 7/2018 29: 2:20        1270        1270        1270        1270        2000              1270     2540000  1167647169      907644     1286.46           1
14/ 7/2018 29: 2:21        1260        1260        1260        1260        3436              1260     4329360  1171976529      911080     1286.36           1
14/ 7/2018 31: 2:30        1270        1270        1270        1270         800              1270     1016000  1172992529      911880     1286.35           1
14/ 7/2018 32: 2: 6        1310        1310        1310        1310        5000              1310     6550000  1179542529      916880     1286.47           1
14/ 7/2018 32: 2:36        1270        1270        1270        1270       10000              1270    12700000  1192242529      926880      1286.3           1
14/ 7/2018 33: 2:27        1270        1270        1270        1270           5              1270        6350  1192248879      926885      1286.3           1
14/ 7/2018 33: 2:43        1270        1270        1270        1270         100              1270      127000  1192375879      926985     1286.29           1
14/ 7/2018 33: 2:59        1270        1270        1270        1270         820              1270     1041400  1193417279      927805     1286.28           1
14/ 7/2018 35: 2:44        1270        1270        1270        1270        1900              1270     2413000  1195830279      929705     1286.25           1
14/ 7/2018 36: 2:21        1270        1270        1270        1270          71              1270       90170  1195920449      929776     1286.25           1
14/ 7/2018 36: 2:31        1270        1270        1270        1270        5893              1270     7484110  1203404559      935669     1286.14           1
14/ 7/2018 36: 2:38        1260        1260        1260        1260        7449              1260     9385740  1212790299      943118     1285.94           1
14/ 7/2018 36: 2:46        1270        1270        1270        1270         500              1270      635000  1213425299      943618     1285.93           1
14/ 7/2018 36: 2:50        1270        1270        1270        1270        7750              1270     9842500  1223267799      951368      1285.8           1
14/ 7/2018 37: 2:11        1310        1310        1310        1310         500              1310      655000  1223922799      951868     1285.81           1
14/ 7/2018 38: 2: 9        1270        1270        1270        1270        1000              1270     1270000  1225192799      952868     1285.79           1
14/ 7/2018 38: 2:40        1260        1260        1260        1260         500              1260      630000  1225822799      953368     1285.78           1
14/ 7/2018 40: 2:37        1260        1260        1260        1260         500              1260      630000  1226452799      953868     1285.77           1
14/ 7/2018 41: 2: 6        1260        1260        1260        1260       10000              1260    12600000  1239052799      963868      1285.5           1
14/ 7/2018 42: 2: 6        1260        1260        1260        1260         300              1260      378000  1239430799      964168     1285.49           1
14/ 7/2018 42: 2: 7        1260        1260        1260        1260         695              1260      875700  1240306499      964863     1285.47           1
14/ 7/2018 42: 2:44        1270        1270        1270        1270         500              1270      635000  1240941499      965363     1285.47           1
14/ 7/2018 43: 2:27        1260        1260        1260        1260       10000              1260    12600000  1253541499      975363     1285.21           1
14/ 7/2018 44: 2:58        1280        1280        1280        1280         400              1280      512000  1254053499      975763      1285.2           1
14/ 7/2018 45: 2:36        1270        1270        1270        1270        3360              1270     4267200  1258320699      979123     1285.15           1
14/ 7/2018 47: 2: 7        1270        1270        1270        1270        1000              1270     1270000  1259590699      980123     1285.14           1
14/ 7/2018 47: 2:17        1270        1270        1270        1270        2508              1270     3185160  1262775859      982631      1285.1           1
14/ 7/2018 47: 2:23        1260        1260        1260        1260        7449              1260     9385740  1272161599      990080     1284.91           1
14/ 7/2018 50: 2:28        1260        1260        1260        1260        1500              1260     1890000  1274051599      991580     1284.87           1
14/ 7/2018 53: 2:27        1280        1280        1280        1280       10000              1280    12800000  1286851599     1001580     1284.82           1
14/ 7/2018 53: 2:44        1270        1270        1270        1270           2              1270        2540  1286854139     1001582     1284.82           1
14/ 7/2018 53: 2:56        1290        1290        1290        1290         873              1290     1126170  1287980309     1002455     1284.83           1
14/ 7/2018 54: 2:37        1260        1260        1260        1260           2              1260        2520  1287982829     1002457     1284.83           1
14/ 7/2018 55: 2:50        1270        1270        1270        1270        1000              1270     1270000  1289252829     1003457     1284.81           1
14/ 7/2018 56: 2:29        1280        1280        1280        1280        1806              1280     2311680  1291564509     1005263      1284.8           1
14/ 7/2018 57: 2:32        1270        1270        1270        1270         666              1270      845820  1292410329     1005929     1284.79           1
14/ 7/2018 57: 2:50        1270        1270        1270        1270        1806              1270     2293620  1294703949     1007735     1284.77           1
14/ 7/2018 59: 2:23        1270        1270        1270        1270        5000              1270     6350000  1301053949     1012735     1284.69           1
14/ 7/2018 59: 2:35        1270        1270        1270        1270        5000              1270     6350000  1307403949     1017735     1284.62           1
14/ 7/2018 59: 2:50        1330        1330        1330        1330         500              1330      665000  1308068949     1018235     1284.64           1
15/ 7/2018  0: 2:18        1260        1260        1260        1260         100              1260      126000  1308194949     1018335     1284.64           1
15/ 7/2018  0: 2:35        1260        1260        1260        1260        1500              1260     1890000  1310084949     1019835      1284.6           1
15/ 7/2018  1: 2:46        1260        1260        1260        1260         300              1260      378000  1310462949     1020135      1284.6           1
15/ 7/2018  4: 2:45        1260        1260        1260        1260         201              1260      253260  1310716209     1020336     1284.59           1
15/ 7/2018  4: 2:58        1260        1260        1260        1260         700              1260      882000  1311598209     1021036     1284.58           1
15/ 7/2018  5: 2:20        1260        1260        1260        1260         246              1260      309960  1311908169     1021282     1284.57           1
15/ 7/2018  5: 2:28        1270        1270        1270        1270       10000              1270    12700000  1324608169     1031282     1284.43           1
15/ 7/2018  7: 2: 0        1260        1260        1260        1260        3000              1260     3780000  1328388169     1034282     1284.36           1
15/ 7/2018  7: 2:20        1270        1270        1270        1270          69              1270       87630  1328475799     1034351     1284.36           1
15/ 7/2018  8: 2:21        1270        1270        1270        1270       10000              1270    12700000  1341175799     1044351     1284.22           1
15/ 7/2018  9: 2: 5        1270        1270        1270        1270        1000              1270     1270000  1342445799     1045351     1284.21           1
15/ 7/2018 12: 2:39        1290        1290        1290        1290        1000              1290     1290000  1343735799     1046351     1284.21           1
15/ 7/2018 13: 2:25        1270        1270        1270        1270        1000              1270     1270000  1345005799     1047351      1284.2           1
15/ 7/2018 14: 2: 4        1270        1270        1270        1270       11950              1270    15176500  1360182299     1059301     1284.04           1
15/ 7/2018 16: 2:12        1250        1250        1250        1250        5000              1250     6250000  1366432299     1064301     1283.88           1
15/ 7/2018 18: 2:25        1200        1200        1200        1200        5000              1200     6000000  1372432299     1069301     1283.49           1
15/ 7/2018 18: 2:48        1270        1270        1270        1270        5000              1270     6350000  1378782299     1074301     1283.42           1
15/ 7/2018 19: 2:43        1270        1270        1270        1270        1000              1270     1270000  1380052299     1075301     1283.41           1
15/ 7/2018 19: 2:54        1320        1320        1320        1320       11460              1320    15127200  1395179499     1086761      1283.8           1
15/ 7/2018 24: 2:53        1280        1280        1280        1280       10000              1280    12800000  1407979499     1096761     1283.76           1
15/ 7/2018 27: 2:36        1270        1270        1270        1270        1000              1270     1270000  1409249499     1097761     1283.75           1
15/ 7/2018 28: 2:20        1260        1260        1260        1260         260              1260      327600  1409577099     1098021     1283.74           1
15/ 7/2018 31: 2: 0        1260        1260        1260        1260         200              1260      252000  1409829099     1098221     1283.74           1
15/ 7/2018 33: 2:37        1310        1310        1310        1310         100              1310      131000  1409960099     1098321     1283.74           1
15/ 7/2018 34: 2:50        1260        1260        1260        1260          25              1260       31500  1409991599     1098346     1283.74           1
15/ 7/2018 34: 2:58        1250        1250        1250        1250          20              1250       25000  1410016599     1098366     1283.74           1
15/ 7/2018 35: 2: 6        1220        1220        1220        1220          25              1220       30500  1410047099     1098391     1283.74           1
15/ 7/2018 35: 2:13        1270        1270        1270        1270       12000              1270    15240000  1425287099     1110391     1283.59           1
15/ 7/2018 35: 2:49        1250        1250        1250        1250        1500              1250     1875000  1427162099     1111891     1283.54           1
15/ 7/2018 35: 2:50        1260        1260        1260        1260       10000              1260    12600000  1439762099     1121891     1283.34           1
15/ 7/2018 38: 2:32        1300        1300        1300        1300        1000              1300     1300000  1441062099     1122891     1283.35           1
15/ 7/2018 40: 2:58        1280        1280        1280        1280         500              1280      640000  1441702099     1123391     1283.35           1
15/ 7/2018 41: 2:10        1340        1340        1340        1340         500              1340      670000  1442372099     1123891     1283.37           1
15/ 7/2018 46: 2:10        1300        1300        1300        1300        5000              1300     6500000  1448872099     1128891     1283.45           1
15/ 7/2018 47: 2:35        1260        1260        1260        1260       16981              1260    21396060  1470268159     1145872      1283.1           1
15/ 7/2018 48: 2: 6        1290        1290        1290        1290         500              1290      645000  1470913159     1146372      1283.1           1
15/ 7/2018 48: 2:18        1270        1270        1270        1270        4000              1270     5080000  1475993159     1150372     1283.06           1
15/ 7/2018 50: 2:24        1270        1270        1270        1270        5000              1270     6350000  1482343159     1155372        1283           1
15/ 7/2018 52: 2:11        1250        1250        1250        1250          10              1250       12500  1482355659     1155382        1283           1
15/ 7/2018 52: 2:18        1290        1290        1290        1290        1339              1290     1727310  1484082969     1156721     1283.01           1
15/ 7/2018 53: 2:43        1260        1260        1260        1260        1000              1260     1260000  1485342969     1157721     1282.99           1
15/ 7/2018 55: 2:19        1260        1260        1260        1260       10000              1260    12600000  1497942969     1167721     1282.79           1
15/ 7/2018 57: 2: 6        1280        1280        1280        1280       10000              1280    12800000  1510742969     1177721     1282.77           1
15/ 7/2018 57: 2:44        1270        1270        1270        1270       10000              1270    12700000  1523442969     1187721     1282.66           1
15/ 7/2018 58: 2:38        1300        1300        1300        1300        1161              1300     1509300  1524952269     1188882     1282.68           1
16/ 7/2018  0: 2:34        1260        1260        1260        1260        3000              1260     3780000  1528732269     1191882     1282.62           1
16/ 7/2018  2: 2:37        1250        1250        1250        1250        1500              1250     1875000  1530607269     1193382     1282.58           1
16/ 7/2018  9: 2: 4        1290        1290        1290        1290        4989              1290     6435810  1537043079     1198371     1282.61           1
16/ 7/2018  9: 2:27        1250        1250        1250        1250         100              1250      125000  1537168079     1198471     1282.61           1
16/ 7/2018 10: 2:51        1260        1260        1260        1260         100              1260      126000  1537294079     1198571     1282.61           1
16/ 7/2018 11: 2: 4        1250        1250        1250        1250         200              1250      250000  1537544079     1198771      1282.6           1
16/ 7/2018 11: 2:33        1330        1330        1330        1330          20              1330       26600  1537570679     1198791      1282.6           1
16/ 7/2018 11: 2:36        1260        1260        1260        1260         100              1260      126000  1537696679     1198891      1282.6           1
16/ 7/2018 12: 2:21        1270        1270        1270        1270         750              1270      952500  1538649179     1199641     1282.59           1
16/ 7/2018 12: 2:45        1260        1260        1260        1260         100              1260      126000  1538775179     1199741     1282.59           1
16/ 7/2018 14: 2:10        1250        1250        1250        1250        1250              1250     1562500  1540337679     1200991     1282.56           1
16/ 7/2018 14: 2:29        1290        1290        1290        1290          30              1290       38700  1540376379     1201021     1282.56           1
16/ 7/2018 14: 2:46        1300        1300        1300        1300          50              1300       65000  1540441379     1201071     1282.56           1
16/ 7/2018 14: 2:57        1260        1260        1260        1260           1              1260        1260  1540442639     1201072     1282.56           1
16/ 7/2018 17: 2:11        1270        1270        1270        1270       10000              1270    12700000  1553142639     1211072     1282.45           1
16/ 7/2018 20: 2:49        1280        1280        1280        1280       10000              1280    12800000  1565942639     1221072     1282.43           1
16/ 7/2018 21: 2: 2        1270        1270        1270        1270        4495              1270     5708650  1571651289     1225567     1282.39           1
16/ 7/2018 21: 2: 6        1260        1260        1260        1260        4000              1260     5040000  1576691289     1229567     1282.31           1
16/ 7/2018 21: 2:16        1250        1250        1250        1250       25000              1250    31250000  1607941289     1254567     1281.67           1
16/ 7/2018 21: 2:39        1260        1260        1260        1260        5000              1260     6300000  1614241289     1259567     1281.58           1
16/ 7/2018 22: 2: 9        1250        1250        1250        1250        1000              1250     1250000  1615491289     1260567     1281.56           1
16/ 7/2018 23: 2:44        1260        1260        1260        1260        5000              1260     6300000  1621791289     1265567     1281.47           1
16/ 7/2018 23: 2:59        1250        1250        1250        1250        1500              1250     1875000  1623666289     1267067     1281.44           1
16/ 7/2018 24: 2:28        1260        1260        1260        1260         121              1260      152460  1623818749     1267188     1281.43           1
16/ 7/2018 24: 2:32        1270        1270        1270        1270         121              1270      153670  1623972419     1267309     1281.43           1
16/ 7/2018 24: 2:37        1270        1270        1270        1270         121              1270      153670  1624126089     1267430     1281.43           1
16/ 7/2018 24: 2:44        1270        1270        1270        1270         121              1270      153670  1624279759     1267551     1281.43           1
16/ 7/2018 24: 2:49        1260        1260        1260        1260         121              1260      152460  1624432219     1267672     1281.43           1
16/ 7/2018 24: 2:57        1260        1260        1260        1260       10000              1260    12600000  1637032219     1277672     1281.26           1
16/ 7/2018 25: 2: 5        1290        1290        1290        1290          12              1290       15480  1637047699     1277684     1281.26           1
16/ 7/2018 25: 2:51        1270        1270        1270        1270        1000              1270     1270000  1638317699     1278684     1281.25           1
16/ 7/2018 26: 2:14        1270        1270        1270        1270        2500              1270     3175000  1641492699     1281184     1281.23           1
16/ 7/2018 26: 2:42        1250        1250        1250        1250         160              1250      200000  1641692699     1281344     1281.23           1
16/ 7/2018 27: 2:45        1250        1250        1250        1250        5600              1250     7000000  1648692699     1286944     1281.09           1
16/ 7/2018 28: 2:50        1290        1290        1290        1290          11              1290       14190  1648706889     1286955     1281.09           1
16/ 7/2018 28: 2:58        1270        1270        1270        1270        5000              1270     6350000  1655056889     1291955     1281.05           1
16/ 7/2018 29: 2:21        1270        1270        1270        1270       10000              1270    12700000  1667756889     1301955     1280.96           1
16/ 7/2018 29: 2:48        1260        1260        1260        1260         154              1260      194040  1667950929     1302109     1280.96           1
16/ 7/2018 29: 2:52        1270        1270        1270        1270        5000              1270     6350000  1674300929     1307109     1280.92           1
16/ 7/2018 30: 2:21        1260        1260        1260        1260        1000              1260     1260000  1675560929     1308109      1280.9           1
16/ 7/2018 30: 2:24        1250        1250        1250        1250         150              1250      187500  1675748429     1308259      1280.9           1
16/ 7/2018 30: 2:28        1260        1260        1260        1260          21              1260       26460  1675774889     1308280      1280.9           1
16/ 7/2018 30: 2:36        1260        1260        1260        1260          32              1260       40320  1675815209     1308312      1280.9           1
16/ 7/2018 33: 2:35        1270        1270        1270        1270        1500              1270     1905000  1677720209     1309812     1280.89           1
16/ 7/2018 35: 2:46        1250        1250        1250        1250        3000              1250     3750000  1681470209     1312812     1280.82           1
16/ 7/2018 36: 2:18        1250        1250        1250        1250        1500              1250     1875000  1683345209     1314312     1280.78           1
16/ 7/2018 36: 2:49        1270        1270        1270        1270        2015              1270     2559050  1685904259     1316327     1280.76           1
16/ 7/2018 36: 2:52        1260        1260        1260        1260          45              1260       56700  1685960959     1316372     1280.76           1
16/ 7/2018 37: 2: 9        1260        1260        1260        1260       10000              1260    12600000  1698560959     1326372     1280.61           1
16/ 7/2018 38: 2:15        1320        1320        1320        1320          70              1320       92400  1698653359     1326442     1280.61           1
16/ 7/2018 40: 2:24        1270        1270        1270        1270        2000              1270     2540000  1701193359     1328442     1280.59           1
16/ 7/2018 40: 2:34        1260        1260        1260        1260         111              1260      139860  1701333219     1328553     1280.59           1
16/ 7/2018 42: 2:40        1270        1270        1270        1270        7500              1270     9525000  1710858219     1336053     1280.53           1
16/ 7/2018 43: 2:26        1260        1260        1260        1260        2500              1260     3150000  1714008219     1338553     1280.49           1
16/ 7/2018 46: 2:54        1260        1260        1260        1260        4490              1260     5657400  1719665619     1343043     1280.42           1
16/ 7/2018 48: 2:30        1280        1280        1280        1280         250              1280      320000  1719985619     1343293     1280.42           1
16/ 7/2018 48: 2:56        1270        1270        1270        1270         500              1270      635000  1720620619     1343793     1280.42           1
16/ 7/2018 49: 2:14        1240        1240        1240        1240        2500              1240     3100000  1723720619     1346293     1280.35           1
16/ 7/2018 51: 2:25        1290        1290        1290        1290           1              1290        1290  1723721909     1346294     1280.35           1
16/ 7/2018 53: 2:32        1270        1270        1270        1270         908              1270     1153160  1724875069     1347202     1280.34           1
16/ 7/2018 54: 2:14        1260        1260        1260        1260        1000              1260     1260000  1726135069     1348202     1280.32           1
16/ 7/2018 55: 2: 8        1250        1250        1250        1250         500              1250      625000  1726760069     1348702     1280.31           1
16/ 7/2018 55: 2: 9        1240        1240        1240        1240          12              1240       14880  1726774949     1348714     1280.31           1
16/ 7/2018 56: 2:53        1260        1260        1260        1260          11              1260       13860  1726788809     1348725     1280.31           1
16/ 7/2018 57: 2:29        1260        1260        1260        1260       22798              1260    28725480  1755514289     1371523     1279.97           1
17/ 7/2018  2: 2:33        1270        1270        1270        1270         500              1270      635000  1756149289     1372023     1279.97           1
17/ 7/2018  3: 2:20        1250        1250        1250        1250        2000              1250     2500000  1758649289     1374023     1279.93           1
17/ 7/2018  5: 2:56        1250        1250        1250        1250          70              1250       87500  1758736789     1374093     1279.93           1
17/ 7/2018  6: 2:15        1250        1250        1250        1250        1550              1250     1937500  1760674289     1375643     1279.89           1
17/ 7/2018  9: 2:26        1260        1260        1260        1260         980              1260     1234800  1761909089     1376623     1279.88           1
17/ 7/2018 10: 2:24        1260        1260        1260        1260         580              1260      730800  1762639889     1377203     1279.87           1
17/ 7/2018 11: 2: 7        1250        1250        1250        1250         500              1250      625000  1763264889     1377703     1279.86           1
17/ 7/2018 11: 2:37        1260        1260        1260        1260         581              1260      732060  1763996949     1378284     1279.85           1
17/ 7/2018 11: 2:38        1230        1230        1230        1230         900              1230     1107000  1765103949     1379184     1279.82           1
17/ 7/2018 13: 2:55        1260        1260        1260        1260         400              1260      504000  1765607949     1379584     1279.81           1
17/ 7/2018 14: 2:57        1250        1250        1250        1250        5000              1250     6250000  1771857949     1384584      1279.7           1
17/ 7/2018 15: 2:26        1240        1240        1240        1240         900              1240     1116000  1772973949     1385484     1279.68           1
17/ 7/2018 16: 2:15        1210        1210        1210        1210       20000              1210    24200000  1797173949     1405484     1278.69           1
17/ 7/2018 16: 2:18        1250        1250        1250        1250          12              1250       15000  1797188949     1405496     1278.69           1
17/ 7/2018 16: 2:23        1350        1350        1350        1350       10000              1350    13500000  1810688949     1415496     1279.19           1
17/ 7/2018 16: 2:26        1250        1250        1250        1250         400              1250      500000  1811188949     1415896     1279.18           1
17/ 7/2018 16: 2:34        1250        1250        1250        1250          21              1250       26250  1811215199     1415917     1279.18           1
17/ 7/2018 16: 2:46        1260        1260        1260        1260        4952              1260     6239520  1817454719     1420869     1279.11           1
17/ 7/2018 17: 2:16        1250        1250        1250        1250         500              1250      625000  1818079719     1421369      1279.1           1
17/ 7/2018 17: 2:19        1250        1250        1250        1250         100              1250      125000  1818204719     1421469      1279.1           1
17/ 7/2018 18: 2: 4        1260        1260        1260        1260       10048              1260    12660480  1830865199     1431517     1278.97           1
17/ 7/2018 18: 2:38        1240        1240        1240        1240        1000              1240     1240000  1832105199     1432517     1278.94           1
17/ 7/2018 19: 2:35        1260        1260        1260        1260        5000              1260     6300000  1838405199     1437517     1278.88           1
17/ 7/2018 20: 2:51        1250        1250        1250        1250        3319              1250     4148750  1842553949     1440836     1278.81           1
17/ 7/2018 21: 2:17        1260        1260        1260        1260         121              1260      152460  1842706409     1440957     1278.81           4
17/ 7/2018 22: 2:41        1250        1250        1250        1250         100              1250      125000  1842831409     1441057     1278.81           1
17/ 7/2018 25: 2:51        1250        1250        1250        1250         500              1250      625000  1843456409     1441557      1278.8           1
17/ 7/2018 26: 2: 8        1260        1260        1260        1260         100              1260      126000  1843582409     1441657     1278.79           1
17/ 7/2018 26: 2:14        1260        1260        1260        1260        5000              1260     6300000  1849882409     1446657     1278.73           1
17/ 7/2018 26: 2:41        1270        1270        1270        1270       10000              1270    12700000  1862582409     1456657     1278.67           1
17/ 7/2018 26: 2:49        1260        1260        1260        1260         100              1260      126000  1862708409     1456757     1278.67           1
17/ 7/2018 29: 2: 5        1250        1250        1250        1250         160              1250      200000  1862908409     1456917     1278.66           1
17/ 7/2018 29: 2: 7        1260        1260        1260        1260         300              1260      378000  1863286409     1457217     1278.66           1
17/ 7/2018 29: 2:36        1260        1260        1260        1260         500              1260      630000  1863916409     1457717     1278.65           1
17/ 7/2018 30: 2: 9        1260        1260        1260        1260         199              1260      250740  1864167149     1457916     1278.65           1
17/ 7/2018 31: 2: 5        1260        1260        1260        1260        1000              1260     1260000  1865427149     1458916     1278.64           1
17/ 7/2018 34: 2:40        1260        1260        1260        1260        5040              1260     6350400  1871777549     1463956     1278.58           1
17/ 7/2018 34: 2:42        1250        1250        1250        1250        3319              1250     4148750  1875926299     1467275     1278.51           1
17/ 7/2018 34: 2:54        1250        1250        1250        1250        4000              1250     5000000  1880926299     1471275     1278.43           1
17/ 7/2018 34: 2:55        1250        1250        1250        1250         100              1250      125000  1881051299     1471375     1278.43           1
17/ 7/2018 35: 2:15        1260        1260        1260        1260        1460              1260     1839600  1882890899     1472835     1278.41           1
17/ 7/2018 35: 2:42        1260        1260        1260        1260         500              1260      630000  1883520899     1473335     1278.41           1
17/ 7/2018 35: 2:50        1260        1260        1260        1260         250              1260      315000  1883835899     1473585      1278.4           1
17/ 7/2018 35: 2:59        1260        1260        1260        1260         250              1260      315000  1884150899     1473835      1278.4           1
17/ 7/2018 36: 2: 7        1260        1260        1260        1260         100              1260      126000  1884276899     1473935      1278.4           1
17/ 7/2018 36: 2:16        1260        1260        1260        1260         400              1260      504000  1884780899     1474335     1278.39           1
17/ 7/2018 37: 2:20        1260        1260        1260        1260        2200              1260     2772000  1887552899     1476535     1278.37           1
17/ 7/2018 39: 2: 3        1250        1250        1250        1250        1000              1250     1250000  1888802899     1477535     1278.35           1
17/ 7/2018 39: 2:24        1280        1280        1280        1280        5000              1280     6400000  1895202899     1482535     1278.35           1
17/ 7/2018 40: 2: 5        1280        1280        1280        1280        5000              1280     6400000  1901602899     1487535     1278.36           1
17/ 7/2018 40: 2:42        1270        1270        1270        1270        5000              1270     6350000  1907952899     1492535     1278.33           1
17/ 7/2018 41: 2:48        1260        1260        1260        1260        3000              1260     3780000  1911732899     1495535     1278.29           1
17/ 7/2018 42: 2:40        1260        1260        1260        1260        4000              1260     5040000  1916772899     1499535     1278.24           1
17/ 7/2018 42: 2:49        1260        1260        1260        1260        4205              1260     5298300  1922071199     1503740     1278.19           1
17/ 7/2018 43: 2: 3        1260        1260        1260        1260        1000              1260     1260000  1923331199     1504740     1278.18           1
17/ 7/2018 43: 2:14        1250        1250        1250        1250        1300              1250     1625000  1924956199     1506040     1278.16           1
17/ 7/2018 43: 2:32        1260        1260        1260        1260        5000              1260     6300000  1931256199     1511040      1278.1           1
17/ 7/2018 43: 2:37        1260        1260        1260        1260        5000              1260     6300000  1937556199     1516040     1278.04           1
17/ 7/2018 44: 2:15        1260        1260        1260        1260        2000              1260     2520000  1940076199     1518040     1278.01           1
17/ 7/2018 45: 2:53        1260        1260        1260        1260        1000              1260     1260000  1941336199     1519040        1278           1
17/ 7/2018 46: 2:25        1270        1270        1270        1270        1600              1270     2032000  1943368199     1520640     1277.99           1
17/ 7/2018 46: 2:29        1280        1280        1280        1280         873              1280     1117440  1944485639     1521513     1277.99           1
17/ 7/2018 48: 2:10        1260        1260        1260        1260        5500              1260     6930000  1951415639     1527013     1277.93           1
17/ 7/2018 50: 2:31        1260        1260        1260        1260        5000              1260     6300000  1957715639     1532013     1277.87           1
17/ 7/2018 50: 2:54        1280        1280        1280        1280        1000              1280     1280000  1958995639     1533013     1277.87           1
17/ 7/2018 51: 2:47        1270        1270        1270        1270        6419              1270     8152130  1967147769     1539432     1277.84           1
17/ 7/2018 51: 2:51        1270        1270        1270        1270       50000              1270    63500000  2030647769     1589432     1277.59           1
17/ 7/2018 52: 2:45        1260        1260        1260        1260         500              1260      630000  2031277769     1589932     1277.59           1
17/ 7/2018 53: 2: 2        1260        1260        1260        1260       10000              1260    12600000  2043877769     1599932     1277.48           1
17/ 7/2018 53: 2:30        1290        1290        1290        1290       44454              1290    57345660  2101223429     1644386     1277.82           1
17/ 7/2018 53: 2:48        1300        1300        1300        1300       10000              1300    13000000  2114223429     1654386     1277.95           1
17/ 7/2018 54: 2:13        1270        1270        1270        1270        3193              1270     4055110  2118278539     1657579     1277.94           1
17/ 7/2018 54: 2:16        1280        1280        1280        1280        5000              1280     6400000  2124678539     1662579     1277.94           1
17/ 7/2018 54: 2:22        1280        1280        1280        1280       15000              1280    19200000  2143878539     1677579     1277.96           1
17/ 7/2018 54: 2:25        1280        1280        1280        1280       44954              1280    57541120  2201419659     1722533     1278.01           1
17/ 7/2018 54: 2:38        1280        1280        1280        1280        2000              1280     2560000  2203979659     1724533     1278.02           1
17/ 7/2018 54: 2:45        1270        1270        1270        1270       10000              1270    12700000  2216679659     1734533     1277.97           1
17/ 7/2018 54: 2:50        1280        1280        1280        1280       25000              1280    32000000  2248679659     1759533        1278           1
17/ 7/2018 54: 2:53        1290        1290        1290        1290        3000              1290     3870000  2252549659     1762533     1278.02           1
17/ 7/2018 54: 2:55        1290        1290        1290        1290        2000              1290     2580000  2255129659     1764533     1278.03           1
17/ 7/2018 56: 2:12        1260        1260        1260        1260       20000              1260    25200000  2280329659     1784533     1277.83           1
17/ 7/2018 57: 2:41        1290        1290        1290        1290          10              1290       12900  2280342559     1784543     1277.83           1
17/ 7/2018 57: 2:49        1280        1280        1280        1280        3000              1280     3840000  2284182559     1787543     1277.83           1
17/ 7/2018 58: 2:48        1260        1260        1260        1260        2000              1260     2520000  2286702559     1789543     1277.81           1
17/ 7/2018 59: 2: 2        1270        1270        1270        1270          10              1270       12700  2286715259     1789553     1277.81           1
17/ 7/2018 59: 2:12        1270        1270        1270        1270         500              1270      635000  2287350259     1790053     1277.81           1
17/ 7/2018 59: 2:43        1280        1280        1270        1270       10000           1273.33    12733333  2300083592     1800053     1277.79           2
17/ 7/2018 59: 2:47        1260        1260        1260        1260        3193              1260     4023180  2304106772     1803246     1277.76           1
17/ 7/2018 59: 2:54        1270        1270        1270        1270        2000              1270     2540000  2306646772     1805246     1277.75           1
17/ 7/2018 59: 2:55        1270        1270        1270        1270        5000              1270     6350000  2312996772     1810246     1277.73           1
18/ 7/2018  5: 2: 5        1250        1520        1250        1270        4000           1346.67     5386666  2318383438     1814246     1277.88         240
18/ 7/2018  8: 2: 0        1250        1520        1250        1280       10000              1350    13500000  2331883438     1824246     1278.27         241
18/ 7/2018  9: 2:29        1280        1280        1280        1280        5046              1280     6458880  2338342318     1829292     1278.28           1
