         Date              Open        High         Low       Close      Volume     Typical Price         V*P    Total VP     Total V        VWAP    Message Count
 9/ 7/2018 55: 2: 1         810         910         810         770         663               830      550290      550290         663         830         230
10/ 7/2018  0: 2: 0         740         740         730         730        1500           733.333     1100000     1650290        2163     762.963           4
10/ 7/2018  0: 2: 1         750         780         670         730       10000           726.667     7266666     8916956       12163     733.121           5
10/ 7/2018  0: 2: 2         910         910         720         760        4000           796.667     3186666    12103622       16163     748.847           5
10/ 7/2018  0: 2: 4         750         760         730         730        5000               740     3700000    15803622       21163     746.757           3
10/ 7/2018  0: 2: 5         760         760         720         720      150000           733.333   110000000   125803622      171163     734.993           2
10/ 7/2018  0: 2: 6         730         730         730         730        8900               730     6497000   132300622      180063     734.746           1
10/ 7/2018  0: 2: 9         770         770         760         760        4000           763.333     3053333   135353955      184063     735.368           2
10/ 7/2018  0: 2:10         720         740         720         740       10000           733.333     7333333   142687288      194063     735.263           2
10/ 7/2018  0: 2:14         740         740         740         740       50000               740    37000000   179687288      244063     736.233           1
10/ 7/2018  0: 2:54         760         760         760         760       21052               760    15999520   195686808      265115      738.12           1
10/ 7/2018  0: 2:57         740         740         740         740         250               740      185000   195871808      265365     738.122           1
10/ 7/2018  2: 2:54         740         740         740         740           1               740         740   195872548      265366     738.122           1
10/ 7/2018  3: 2: 6         730         730         730         730       15000               730    10950000   206822548      280366     737.688           1
10/ 7/2018  3: 2:13         750         750         750         750       40000               750    30000000   236822548      320366     739.225           1
10/ 7/2018  3: 2:18         730         750         730         750       10000           743.333     7433333   244255881      330366     739.349           2
10/ 7/2018  3: 2:32         740         740         740         740        1000               740      740000   244995881      331366     739.351           1
10/ 7/2018  3: 2:33         740         740         740         740        1000               740      740000   245735881      332366     739.353           1
10/ 7/2018  4: 2:17         760         760         760         760        1400               760     1064000   246799881      333766      739.44           1
10/ 7/2018  4: 2:32         760         760         760         760       20000               760    15200000   261999881      353766     740.602           1
10/ 7/2018  4: 2:58         750         750         750         750       21052               750    15789000   277788881      374818      741.13           1
10/ 7/2018  5: 2: 1         730         730         730         730        1000               730      730000   278518881      375818       741.1           1
10/ 7/2018  5: 2: 7         740         740         740         740        1000               740      740000   279258881      376818     741.098           1
10/ 7/2018  5: 2:16         730         730         730         730         500               730      365000   279623881      377318     741.083           1
10/ 7/2018  5: 2:18         740         740         740         740         150               740      111000   279734881      377468     741.082           1
10/ 7/2018  5: 2:48         760         760         760         760        6006               760     4564560   284299441      383474     741.379           1
10/ 7/2018  5: 2:53         740         740         740         740       10000               740     7400000   291699441      393474     741.344           1
10/ 7/2018  6: 2: 2         610         610         610         610         100               610       61000   291760441      393574      741.31           1
10/ 7/2018  6: 2:11         640         640         640         640         100               640       64000   291824441      393674     741.285           1
10/ 7/2018  6: 2:24         660         660         660         660         100               660       66000   291890441      393774     741.264           1
10/ 7/2018  6: 2:33         730         730         680         680         100           696.667       69666   291960107      393874     741.253           2
10/ 7/2018  6: 2:44         700         700         700         700         100               700       70000   292030107      393974     741.242           1
10/ 7/2018  6: 2:46         740         740         740         740         410               740      303400   292333507      394384     741.241           1
10/ 7/2018  7: 2: 4         790         790         790         790         100               790       79000   292412507      394484     741.253           1
10/ 7/2018  7: 2:12         810         810         810         810         100               810       81000   292493507      394584     741.271           1
10/ 7/2018  7: 2:19         830         830         830         830         100               830       83000   292576507      394684     741.293           1
10/ 7/2018  7: 2:28         850         850         850         850         100               850       85000   292661507      394784     741.321           1
10/ 7/2018  7: 2:36         870         870         870         870         100               870       87000   292748507      394884     741.353           1
10/ 7/2018  7: 2:54         890         890         890         890         100               890       89000   292837507      394984     741.391           1
10/ 7/2018  8: 2: 3         910         910         910         910         100               910       91000   292928507      395084     741.433           1
10/ 7/2018  8: 2:41         750         750         750         750        4000               750     3000000   295928507      399084     741.519           1
10/ 7/2018  8: 2:51         740         740         740         740      400000               740   296000000   591928507      799084     740.759           1
10/ 7/2018  8: 2:53         760         760         760         760       21052               760    15999520   607928027      820136     741.253           1
10/ 7/2018  9: 2:50         740         740         740         740         200               740      148000   608076027      820336     741.252           1
10/ 7/2018 11: 2:48         740         740         740         740         100               740       74000   608150027      820436     741.252           1
10/ 7/2018 13: 2:30         770         770         770         770        1251               770      963270   609113297      821687     741.296           1
10/ 7/2018 13: 2:35         750         750         750         750        5000               750     3750000   612863297      826687     741.349           1
10/ 7/2018 13: 2:53         740         740         740         740        6000               740     4440000   617303297      832687     741.339           1
10/ 7/2018 14: 2:12         910         910         910         910         100               910       91000   617394297      832787     741.359           1
10/ 7/2018 14: 2:59         740         740         740         740          50               740       37000   617431297      832837     741.359           1
10/ 7/2018 15: 2: 8         760         760         760         760        1500               760     1140000   618571297      834337     741.393           1
10/ 7/2018 15: 2:32         750         750         740         740        1000           743.333      743333   619314630      835337     741.395           2
10/ 7/2018 15: 2:39         810         810         810         810       49989               810    40491090   659805720      885326     745.269           1
10/ 7/2018 15: 2:46         740         740         740         740        1000               740      740000   660545720      886326     745.263           1
10/ 7/2018 16: 2: 3         750         750         750         750        5000               750     3750000   664295720      891326     745.289           1
10/ 7/2018 16: 2: 5         760         760         760         760         500               760      380000   664675720      891826     745.298           1
10/ 7/2018 16: 2: 8         760         760         760         760         500               760      380000   665055720      892326     745.306           1
10/ 7/2018 16: 2:44         760         760         760         760        2925               760     2223000   667278720      895251     745.354           1
10/ 7/2018 17: 2:22         740         740         740         740         259               740      191660   667470380      895510     745.352           1
10/ 7/2018 18: 2: 2         740         740         740         740        1352               740     1000480   668470860      896862     745.344           1
10/ 7/2018 18: 2: 8         750         750         750         750       40000               750    30000000   698470860      936862     745.543           1
10/ 7/2018 18: 2:16         700         700         700         700        1000               700      700000   699170860      937862     745.494           1
10/ 7/2018 18: 2:29         760         760         760         760        1448               760     1100480   700271340      939310     745.517           1
10/ 7/2018 19: 2:43         720         720         720         720       20000               720    14400000   714671340      959310     744.985           1
10/ 7/2018 19: 2:49         750         750         750         750       10000               750     7500000   722171340      969310     745.037           1
10/ 7/2018 19: 2:55         770         770         770         770        1000               770      770000   722941340      970310     745.062           1
10/ 7/2018 20: 2: 9         740         740         740         740       10000               740     7400000   730341340      980310     745.011           1
10/ 7/2018 20: 2:11         740         740         740         740          12               740        8880   730350220      980322     745.011           1
10/ 7/2018 20: 2:54         740         740         740         740       10000               740     7400000   737750220      990322      744.96           1
10/ 7/2018 21: 2:22         730         730         730         730       10000               730     7300000   745050220     1000322      744.81           1
10/ 7/2018 21: 2:32         760         760         760         760       42900               760    32604000   777654220     1043222     745.435           1
10/ 7/2018 22: 2:50         740         740         740         740        8900               740     6586000   784240220     1052122     745.389           1
10/ 7/2018 22: 2:56         740         740         740         740        5000               740     3700000   787940220     1057122     745.364           1
10/ 7/2018 23: 2:14         750         750         750         750        5000               750     3750000   791690220     1062122     745.385           1
10/ 7/2018 23: 2:25         740         740         740         740           1               740         740   791690960     1062123     745.385           1
10/ 7/2018 23: 2:48         770         770         770         770          14               770       10780   791701740     1062137     745.386           1
10/ 7/2018 23: 2:55         780         780         780         780          20               780       15600   791717340     1062157     745.386           1
10/ 7/2018 24: 2: 0         790         790         790         790          20               790       15800   791733140     1062177     745.387           1
10/ 7/2018 24: 2: 6         740         740         740         740       10000               740     7400000   799133140     1072177     745.337           1
10/ 7/2018 24: 2:48         740         740         740         740        3000               740     2220000   801353140     1075177     745.322           1
10/ 7/2018 24: 2:52         740         740         740         740       10000               740     7400000   808753140     1085177     745.273           1
10/ 7/2018 24: 2:59         740         740         740         740         140               740      103600   808856740     1085317     745.272           1
10/ 7/2018 25: 2: 1         720         720         720         720        3000               720     2160000   811016740     1088317     745.203           1
10/ 7/2018 25: 2: 6         740         740         740         740        3000               740     2220000   813236740     1091317     745.188           1
10/ 7/2018 25: 2:38         750         750         750         750       15900               750    11925000   825161740     1107217     745.257           1
10/ 7/2018 26: 2:42         740         740         740         740         729               740      539460   825701200     1107946     745.254           1
10/ 7/2018 27: 2: 7         760         760         760         760           1               760         760   825701960     1107947     745.254           1
10/ 7/2018 28: 2:32         730         730         730         730           2               730        1460   825703420     1107949     745.254           1
10/ 7/2018 29: 2:10         740         740         740         740        5000               740     3700000   829403420     1112949      745.23           1
10/ 7/2018 30: 2: 5         740         740         740         740           2               740        1480   829404900     1112951      745.23           1
10/ 7/2018 30: 2:17         740         740         740         740        1000               740      740000   830144900     1113951     745.226           1
10/ 7/2018 30: 2:37         730         730         730         730        1000               730      730000   830874900     1114951     745.212           1
10/ 7/2018 31: 2:22         740         740         740         740        1000               740      740000   831614900     1115951     745.207           1
10/ 7/2018 31: 2:35         910         910         910         910       11000               910    10010000   841624900     1126951     746.816           1
10/ 7/2018 31: 2:37         730         730         730         730       10000               730     7300000   848924900     1136951     746.668           1
10/ 7/2018 32: 2:32         740         740         740         740          30               740       22200   848947100     1136981     746.668           1
10/ 7/2018 33: 2:19         750         750         750         750       21052               750    15789000   864736100     1158033     746.728           1
10/ 7/2018 33: 2:33         740         740         740         740        5000               740     3700000   868436100     1163033     746.699           1
10/ 7/2018 35: 2:38         700         700         700         700         300               700      210000   868646100     1163333     746.687           1
10/ 7/2018 35: 2:48         740         740         740         740        5000               740     3700000   872346100     1168333     746.659           1
10/ 7/2018 37: 2:59         740         740         740         740         130               740       96200   872442300     1168463     746.658           1
10/ 7/2018 38: 2:11         740         740         740         740         100               740       74000   872516300     1168563     746.657           1
10/ 7/2018 38: 2:15         730         730         730         730         200               730      146000   872662300     1168763     746.655           1
10/ 7/2018 39: 2:30         700         700         700         700        7000               700     4900000   877562300     1175763     746.377           1
10/ 7/2018 39: 2:44         740         740         740         740         144               740      106560   877668860     1175907     746.376           1
10/ 7/2018 40: 2:53         740         740         740         740        3000               740     2220000   879888860     1178907      746.36           1
10/ 7/2018 41: 2: 2         740         740         740         740           6               740        4440   879893300     1178913      746.36           1
10/ 7/2018 41: 2:12         730         730         730         730        3000               730     2190000   882083300     1181913     746.318           1
10/ 7/2018 41: 2:26         740         740         740         740          50               740       37000   882120300     1181963     746.318           1
10/ 7/2018 41: 2:32         720         720         720         720         750               720      540000   882660300     1182713     746.301           1
10/ 7/2018 42: 2:24         850         850         850         850         500               850      425000   883085300     1183213     746.345           1
10/ 7/2018 43: 2: 5         760         760         760         760       29154               760    22157040   905242340     1212367     746.674           1
10/ 7/2018 45: 2:31         760         760         760         760        3295               760     2504200   907746540     1215662      746.71           1
10/ 7/2018 46: 2:23         760         760         760         760       10000               760     7600000   915346540     1225662     746.818           1
10/ 7/2018 46: 2:47         750         750         750         750        3295               750     2471250   917817790     1228957     746.827           1
10/ 7/2018 47: 2:25         750         750         750         750       40000               750    30000000   947817790     1268957     746.927           1
10/ 7/2018 48: 2:20         740         740         740         740        5000               740     3700000   951517790     1273957     746.899           1
10/ 7/2018 49: 2:22         770         770         770         770        5000               770     3850000   955367790     1278957      746.99           1
10/ 7/2018 50: 2:53         750         750         750         750        4000               750     3000000   958367790     1282957     746.999           1
10/ 7/2018 50: 2:56         740         740         740         740          50               740       37000   958404790     1283007     746.999           1
10/ 7/2018 54: 2:12         750         750         750         750        7000               750     5250000   963654790     1290007     747.015           1
10/ 7/2018 54: 2:53         750         750         750         750        4000               750     3000000   966654790     1294007     747.024           1
10/ 7/2018 57: 2:10         740         740         740         740           1               740         740   966655530     1294008     747.024           1
10/ 7/2018 58: 2:52         780         780         780         780         200               780      156000   966811530     1294208     747.029           1
10/ 7/2018 59: 2: 3         800         800         800         800         200               800      160000   966971530     1294408     747.038           1
10/ 7/2018 59: 2: 7         820         820         820         820         200               820      164000   967135530     1294608     747.049           1
10/ 7/2018 59: 2:11         840         840         840         840         200               840      168000   967303530     1294808     747.063           1
10/ 7/2018 59: 2:15         850         850         850         850         200               850      170000   967473530     1295008     747.079           1
10/ 7/2018 59: 2:18         860         860         860         860         200               860      172000   967645530     1295208     747.097           1
10/ 7/2018 59: 2:22         870         870         870         870         200               870      174000   967819530     1295408     747.116           1
10/ 7/2018 59: 2:25         880         880         880         880         200               880      176000   967995530     1295608     747.136           1
10/ 7/2018 59: 2:29         890         890         890         890         200               890      178000   968173530     1295808     747.158           1
10/ 7/2018 59: 2:33         900         900         900         900         200               900      180000   968353530     1296008     747.182           1
10/ 7/2018 59: 2:37         910         910         910         910         200               910      182000   968535530     1296208     747.207           1
11/ 7/2018  0: 2:25         740         740         740         740         100               740       74000   968609530     1296308     747.206           1
11/ 7/2018  0: 2:52         740         740         740         740         100               740       74000   968683530     1296408     747.206           1
11/ 7/2018  2: 2: 5         740         740         740         740         100               740       74000   968757530     1296508     747.205           1
11/ 7/2018  2: 2:19         750         750         750         750         380               750      285000   969042530     1296888     747.206           1
11/ 7/2018  4: 2:14         740         740         740         740          50               740       37000   969079530     1296938     747.206           1
11/ 7/2018  6: 2: 7         760         760         760         760        5000               760     3800000   972879530     1301938     747.255           1
11/ 7/2018  6: 2:32         740         740         740         740        4113               740     3043620   975923150     1306051     747.232           1
11/ 7/2018  6: 2:36         770         770         770         770        5000               770     3850000   979773150     1311051     747.319           1
11/ 7/2018  6: 2:40         740         740         740         740      400000               740   296000000  1275773150     1711051     745.608           1
11/ 7/2018  7: 2:43         740         740         740         740       18060               740    13364400  1289137550     1729111     745.549           1
11/ 7/2018  8: 2:25         740         740         740         740        2000               740     1480000  1290617550     1731111     745.543           1
11/ 7/2018  9: 2: 9         740         740         740         740        2001               740     1480740  1292098290     1733112     745.537           1
11/ 7/2018 11: 2:21         850         850         850         850          50               850       42500  1292140790     1733162      745.54           1
11/ 7/2018 12: 2:18         750         750         750         750       10000               750     7500000  1299640790     1743162     745.565           3
11/ 7/2018 12: 2:26         750         750         750         750       10000               750     7500000  1307140790     1753162      745.59           1
11/ 7/2018 12: 2:31         750         750         750         750      275000               750   206250000  1513390790     2028162     746.188           1
11/ 7/2018 12: 2:34         780         780         780         780      121642               780    94880760  1608271550     2149804     748.101           1
11/ 7/2018 12: 2:44         770         770         770         770       58000               770    44660000  1652931550     2207804     748.677           1
11/ 7/2018 12: 2:51         850         850         850         850        1000               850      850000  1653781550     2208804     748.723           1
11/ 7/2018 13: 2: 9         750         750         750         750         885               750      663750  1654445300     2209689     748.723           1
11/ 7/2018 14: 2:18         760         760         760         760       43500               760    33060000  1687505300     2253189     748.941           1
11/ 7/2018 15: 2:36         810         810         810         810           8               810        6480  1687511780     2253197     748.941           1
11/ 7/2018 15: 2:39         750         750         750         750        2000               750     1500000  1689011780     2255197     748.942           1
11/ 7/2018 15: 2:42         760         760         760         760           1               760         760  1689012540     2255198     748.942           1
11/ 7/2018 15: 2:50         750         750         750         750        4113               750     3084750  1692097290     2259311     748.944           1
11/ 7/2018 16: 2:22         750         750         750         750         500               750      375000  1692472290     2259811     748.944           1
11/ 7/2018 16: 2:34         770         770         770         770         700               770      539000  1693011290     2260511     748.951           1
11/ 7/2018 16: 2:36         740         740         740         740         500               740      370000  1693381290     2261011     748.949           1
11/ 7/2018 16: 2:43         770         770         770         770       53357               770    41084890  1734466180     2314368     749.434           1
11/ 7/2018 16: 2:57         750         750         750         750      400000               750   300000000  2034466180     2714368     749.517           1
11/ 7/2018 17: 2:49         750         750         750         750        1000               750      750000  2035216180     2715368     749.518           1
11/ 7/2018 17: 2:58         760         760         760         760       25000               760    19000000  2054216180     2740368     749.613           1
11/ 7/2018 18: 2: 0         740         740         740         740        1000               740      740000  2054956180     2741368      749.61           1
11/ 7/2018 18: 2:15         730         730         730         730        2000               730     1460000  2056416180     2743368     749.595           1
11/ 7/2018 18: 2:17         750         750         750         750         180               750      135000  2056551180     2743548     749.595           1
11/ 7/2018 18: 2:21         750         750         750         750       25000               750    18750000  2075301180     2768548     749.599           1
11/ 7/2018 18: 2:59         760         760         760         760         700               760      532000  2075833180     2769248     749.602           1
11/ 7/2018 20: 2: 6         740         740         740         740        5500               740     4070000  2079903180     2774748     749.583           1
11/ 7/2018 20: 2:25         760         760         760         760         100               760       76000  2079979180     2774848     749.583           1
11/ 7/2018 21: 2: 8         760         760         760         760        5000               760     3800000  2083779180     2779848     749.602           1
11/ 7/2018 21: 2:12         750         750         750         750          20               750       15000  2083794180     2779868     749.602           1
11/ 7/2018 21: 2:18         740         740         740         740        1000               740      740000  2084534180     2780868     749.598           1
11/ 7/2018 24: 2:19         760         760         760         760          24               760       18240  2084552420     2780892     749.598           1
11/ 7/2018 27: 2: 1         750         750         750         750           2               750        1500  2084553920     2780894     749.598           1
11/ 7/2018 27: 2:22         770         770         770         770         200               770      154000  2084707920     2781094       749.6           1
11/ 7/2018 27: 2:42         910         910         910         910       35030               910    31877300  2116585220     2816124     751.595           1
11/ 7/2018 27: 2:57         750         750         750         750          20               750       15000  2116600220     2816144     751.595           1
11/ 7/2018 28: 2:27         770         770         770         770         430               770      331100  2116931320     2816574     751.598           1
11/ 7/2018 32: 2:38         780         780         780         780        1411               780     1100580  2118031900     2817985     751.612           1
11/ 7/2018 32: 2:43         740         740         740         740       10000               740     7400000  2125431900     2827985     751.571           1
11/ 7/2018 32: 2:45         760         760         760         760       20368               760    15479680  2140911580     2848353     751.631           1
11/ 7/2018 33: 2:59         760         760         760         760        5000               760     3800000  2144711580     2853353     751.646           1
11/ 7/2018 34: 2:14         760         760         760         760        2000               760     1520000  2146231580     2855353     751.652           1
11/ 7/2018 36: 2:25         780         780         780         780         550               780      429000  2146660580     2855903     751.657           1
11/ 7/2018 37: 2:40         750         750         750         750          14               750       10500  2146671080     2855917     751.657           1
11/ 7/2018 38: 2: 1         750         750         750         750        1400               750     1050000  2147721080     2857317     751.657           1
11/ 7/2018 38: 2:21         790         790         790         790         209               790      165110  2147886190     2857526     751.659           1
11/ 7/2018 38: 2:34         780         780         780         780       53357               780    41618460  2189504650     2910883     752.179           1
11/ 7/2018 39: 2:16         760         760         760         760        3800               760     2888000  2192392650     2914683     752.189           1
11/ 7/2018 40: 2:19         760         760         760         760          25               760       19000  2192411650     2914708     752.189           1
11/ 7/2018 44: 2:54         760         760         760         760         500               760      380000  2192791650     2915208      752.19           1
11/ 7/2018 46: 2:45         770         770         770         770         750               770      577500  2193369150     2915958     752.195           1
11/ 7/2018 47: 2:48         750         750         750         750           1               750         750  2193369900     2915959     752.195           1
11/ 7/2018 48: 2:48         750         750         750         750           1               750         750  2193370650     2915960     752.195           1
11/ 7/2018 52: 2:32         760         760         760         760        5000               760     3800000  2197170650     2920960     752.208           1
11/ 7/2018 53: 2:27         750         750         750         750        1000               750      750000  2197920650     2921960     752.208           1
11/ 7/2018 55: 2:36         750         750         750         750       50000               750    37500000  2235420650     2971960     752.171           1
11/ 7/2018 56: 2:11         740         740         740         740         500               740      370000  2235790650     2972460     752.168           1
11/ 7/2018 56: 2:41         780         780         780         780        1000               780      780000  2236570650     2973460     752.178           1
11/ 7/2018 57: 2: 4         790         790         790         790        1046               790      826340  2237396990     2974506     752.191           1
11/ 7/2018 57: 2: 8         760         760         760         760         340               760      258400  2237655390     2974846     752.192           1
11/ 7/2018 58: 2:56         760         760         760         760        3060               760     2325600  2239980990     2977906       752.2           1
12/ 7/2018  0: 2:49         740         740         740         740        2000               740     1480000  2241460990     2979906     752.192           1
12/ 7/2018  3: 2:11         760         760         760         760        2360               760     1793600  2243254590     2982266     752.198           1
12/ 7/2018  4: 2:51         760         760         760         760         985               760      748600  2244003190     2983251     752.201           1
12/ 7/2018  6: 2:14         750         750         750         750         204               750      153000  2244156190     2983455       752.2           1
12/ 7/2018  6: 2:26         740         740         740         740          14               740       10360  2244166550     2983469       752.2           1
12/ 7/2018  7: 2: 0         750         750         750         750         100               750       75000  2244241550     2983569       752.2           1
12/ 7/2018  7: 2: 9         760         760         760         760       13150               760     9994000  2254235550     2996719     752.235           1
12/ 7/2018  7: 2:32         740         740         740         740        8049               740     5956260  2260191810     3004768     752.202           1
12/ 7/2018  8: 2:13         750         750         750         750         100               750       75000  2260266810     3004868     752.202           1
12/ 7/2018  8: 2:29         740         740         740         740         200               740      148000  2260414810     3005068     752.201           1
12/ 7/2018 11: 2:52         760         760         760         760         275               760      209000  2260623810     3005343     752.202           1
12/ 7/2018 12: 2:17         760         760         760         760          25               760       19000  2260642810     3005368     752.202           1
12/ 7/2018 13: 2:19         890         890         890         890         928               890      825920  2261468730     3006296     752.244           1
12/ 7/2018 14: 2:59         770         770         770         770         667               770      513590  2261982320     3006963     752.248           1
12/ 7/2018 15: 2:30         750         750         750         750       12000               750     9000000  2270982320     3018963     752.239           1
12/ 7/2018 15: 2:54         740         740         740         740        2953               740     2185220  2273167540     3021916     752.227           1
12/ 7/2018 15: 2:55         750         750         750         750       50000               750    37500000  2310667540     3071916     752.191           1
12/ 7/2018 16: 2:33         770         770         770         770          10               770        7700  2310675240     3071926     752.191           1
12/ 7/2018 18: 2:47         760         760         760         760        1463               760     1111880  2311787120     3073389     752.195           1
12/ 7/2018 19: 2: 7         770         770         770         770        1000               770      770000  2312557120     3074389     752.201           1
12/ 7/2018 19: 2:10         750         750         750         750        1000               750      750000  2313307120     3075389       752.2           1
12/ 7/2018 20: 2:13         820         820         820         820        5000               820     4100000  2317407120     3080389      752.31           1
12/ 7/2018 22: 2:26         710         710         710         710       12000               710     8520000  2325927120     3092389     752.146           1
12/ 7/2018 24: 2: 7         750         750         750         750        1000               750      750000  2326677120     3093389     752.145           1
12/ 7/2018 24: 2:11         740         740         740         740        2948               740     2181520  2328858640     3096337     752.133           1
12/ 7/2018 25: 2:50         750         750         750         750        1000               750      750000  2329608640     3097337     752.133           1
12/ 7/2018 31: 2:55         750         750         750         750         500               750      375000  2329983640     3097837     752.132           1
12/ 7/2018 32: 2:53         750         750         750         750        8400               750     6300000  2336283640     3106237     752.127           1
12/ 7/2018 33: 2:31         750         750         750         750         150               750      112500  2336396140     3106387     752.127           1
12/ 7/2018 36: 2:47         750         750         750         750         950               750      712500  2337108640     3107337     752.126           1
12/ 7/2018 38: 2:49         830         830         830         830       58400               830    48472000  2385580640     3165737     753.562           1
12/ 7/2018 39: 2: 2         750         750         750         750        1000               750      750000  2386330640     3166737     753.561           1
12/ 7/2018 40: 2:25         750         750         750         750           1               750         750  2386331390     3166738     753.561           1
12/ 7/2018 41: 2:19         740         740         740         740        1440               740     1065600  2387396990     3168178     753.555           1
12/ 7/2018 42: 2:13         760         760         760         760       10000               760     7600000  2394996990     3178178     753.575           1
12/ 7/2018 42: 2:41         750         750         750         750       30000               750    22500000  2417496990     3208178     753.542           1
12/ 7/2018 43: 2:20         760         760         760         760        4813               760     3657880  2421154870     3212991     753.552           1
12/ 7/2018 44: 2:49         750         750         750         750       11000               750     8250000  2429404870     3223991      753.54           1
12/ 7/2018 46: 2:44         740         740         740         740       20000               740    14800000  2444204870     3243991     753.456           1
12/ 7/2018 47: 2: 9         800         800         800         800         378               800      302400  2444507270     3244369     753.462           1
12/ 7/2018 48: 2: 6         770         770         770         770        5000               770     3850000  2448357270     3249369     753.487           1
12/ 7/2018 48: 2:44         750         750         750         750         300               750      225000  2448582270     3249669     753.487           1
12/ 7/2018 49: 2: 2         760         760         760         760           1               760         760  2448583030     3249670     753.487           1
12/ 7/2018 49: 2: 4         760         760         760         760           1               760         760  2448583790     3249671     753.487           1
12/ 7/2018 49: 2: 5         760         760         760         760           1               760         760  2448584550     3249672     753.487           1
12/ 7/2018 49: 2: 6         760         760         760         760           1               760         760  2448585310     3249673     753.487           1
12/ 7/2018 49: 2:46         760         760         760         760           1               760         760  2448586070     3249674     753.487           1
12/ 7/2018 49: 2:49         760         760         760         760           2               760        1520  2448587590     3249676     753.487           1
12/ 7/2018 49: 2:50         760         760         760         760           2               760        1520  2448589110     3249678     753.487           1
12/ 7/2018 49: 2:51         760         760         760         760           2               760        1520  2448590630     3249680     753.487           1
12/ 7/2018 49: 2:53         760         760         760         760           4               760        3040  2448593670     3249684     753.487           1
12/ 7/2018 49: 2:55         760         760         760         760           4               760        3040  2448596710     3249688     753.487           1
12/ 7/2018 49: 2:56         760         760         760         760           4               760        3040  2448599750     3249692     753.487           1
12/ 7/2018 49: 2:58         760         760         760         760           7               760        5320  2448605070     3249699     753.487           1
12/ 7/2018 50: 2: 1         760         760         760         760          10               760        7600  2448612670     3249709     753.487           1
12/ 7/2018 50: 2: 4         760         760         760         760          12               760        9120  2448621790     3249721     753.487           1
12/ 7/2018 50: 2: 5         760         760         760         760          12               760        9120  2448630910     3249733     753.487           1
12/ 7/2018 50: 2: 6         760         760         760         760          12               760        9120  2448640030     3249745     753.487           1
12/ 7/2018 50: 2: 8         760         760         760         760          14               760       10640  2448650670     3249759     753.487           1
12/ 7/2018 50: 2:10         760         760         760         760          14               760       10640  2448661310     3249773     753.487           1
12/ 7/2018 50: 2:13         760         760         760         760          15               760       11400  2448672710     3249788     753.487           1
12/ 7/2018 50: 2:14         760         760         760         760          15               760       11400  2448684110     3249803     753.487           1
12/ 7/2018 50: 2:15         760         760         760         760          20               760       15200  2448699310     3249823     753.487           1
12/ 7/2018 52: 2:33         770         770         770         770        1000               770      770000  2449469310     3250823     753.492           1
12/ 7/2018 59: 2:58         750         750         750         750      180000               750   135000000  2584469310     3430823     753.309           1
13/ 7/2018 55: 2:19         810         910         810         760        2431           826.667     2009626  2586478936     3433254     753.361         431
14/ 7/2018  0: 2: 2         690         690         690         690       10000               690     6900000  2593378936     3443254     753.177           1
14/ 7/2018  0: 2:12         750         750         750         750       50000               750    37500000  2630878936     3493254     753.131           1
14/ 7/2018  1: 2: 2         770         770         770         770         250               770      192500  2631071436     3493504     753.133           1
14/ 7/2018  1: 2: 7         700         700         700         700      100000               700    70000000  2701071436     3593504     751.654           1
14/ 7/2018  1: 2:12         780         780         780         780         250               780      195000  2701266436     3593754     751.656           1
14/ 7/2018  1: 2:21         790         790         790         790         250               790      197500  2701463936     3594004     751.659           1
14/ 7/2018  1: 2:36         750         750         750         750       10000               750     7500000  2708963936     3604004     751.654           1
14/ 7/2018  2: 2:41         770         770         770         770         400               770      308000  2709271936     3604404     751.656           1
14/ 7/2018  3: 2: 8         710         710         710         710          10               710        7100  2709279036     3604414     751.656           1
14/ 7/2018  6: 2: 0         770         770         770         770        1000               770      770000  2710049036     3605414     751.661           1
14/ 7/2018 11: 2:30         760         760         760         760         500               760      380000  2710429036     3605914     751.662           1
14/ 7/2018 11: 2:44         760         760         760         760         500               760      380000  2710809036     3606414     751.663           1
14/ 7/2018 12: 2:42         760         760         760         760          10               760        7600  2710816636     3606424     751.663           1
14/ 7/2018 13: 2: 8         740         740         740         740        3000               740     2220000  2713036636     3609424     751.654           1
14/ 7/2018 14: 2:52         750         750         750         750       10000               750     7500000  2720536636     3619424     751.649           1
14/ 7/2018 16: 2:10         750         750         750         750          17               750       12750  2720549386     3619441     751.649           1
14/ 7/2018 17: 2:20         760         760         760         760       20368               760    15479680  2736029066     3639809     751.696           1
14/ 7/2018 17: 2:39         760         760         760         760         130               760       98800  2736127866     3639939     751.696           1
14/ 7/2018 18: 2:53         760         760         760         760        1000               760      760000  2736887866     3640939     751.698           1
14/ 7/2018 19: 2:12         770         770         770         770         130               770      100100  2736987966     3641069     751.699           1
14/ 7/2018 20: 2:49         850         850         850         850        7500               850     6375000  2743362966     3648569     751.901           1
14/ 7/2018 22: 2:48         730         730         730         730        4561               730     3329530  2746692496     3653130     751.874           1
14/ 7/2018 24: 2: 6         760         760         760         760        5000               760     3800000  2750492496     3658130     751.885           1
14/ 7/2018 28: 2:27         700         700         700         700        1000               700      700000  2751192496     3659130     751.871           1
14/ 7/2018 29: 2:57         760         760         760         760         250               760      190000  2751382496     3659380     751.871           1
14/ 7/2018 33: 2:40         760         760         760         760           1               760         760  2751383256     3659381     751.871           1
14/ 7/2018 34: 2:56         740         740         740         740          77               740       56980  2751440236     3659458     751.871           1
14/ 7/2018 35: 2:37         760         760         760         760           4               760        3040  2751443276     3659462     751.871           1
14/ 7/2018 35: 2:47         740         740         740         740        4000               740     2960000  2754403276     3663462     751.858           1
14/ 7/2018 36: 2:29         730         730         730         730        4000               730     2920000  2757323276     3667462     751.834           1
14/ 7/2018 36: 2:46         710         710         710         710        4000               710     2840000  2760163276     3671462     751.789           1
14/ 7/2018 38: 2:22         770         770         770         770         550               770      423500  2760586776     3672012     751.791           1
14/ 7/2018 38: 2:23         750         750         750         750        3650               750     2737500  2763324276     3675662      751.79           1
14/ 7/2018 38: 2:45         750         750         750         750        7500               750     5625000  2768949276     3683162     751.786           1
14/ 7/2018 39: 2:28         750         750         750         750          10               750        7500  2768956776     3683172     751.786           1
14/ 7/2018 40: 2: 5         750         750         750         750        6666               750     4999500  2773956276     3689838     751.783           1
14/ 7/2018 42: 2:15         760         760         760         760       30231               760    22975560  2796931836     3720069     751.849           1
14/ 7/2018 42: 2:35         760         760         760         760           5               760        3800  2796935636     3720074     751.849           1
14/ 7/2018 45: 2:23         760         760         760         760          20               760       15200  2796950836     3720094      751.85           1
14/ 7/2018 47: 2: 0         770         770         770         770          50               770       38500  2796989336     3720144      751.85           1
14/ 7/2018 47: 2: 6         780         780         780         780          50               780       39000  2797028336     3720194      751.85           1
14/ 7/2018 47: 2:10         790         790         790         790          50               790       39500  2797067836     3720244     751.851           1
14/ 7/2018 47: 2:15         800         800         800         800         100               800       80000  2797147836     3720344     751.852           1
14/ 7/2018 47: 2:20         810         810         810         810         100               810       81000  2797228836     3720444     751.853           1
14/ 7/2018 47: 2:25         820         820         820         820         100               820       82000  2797310836     3720544     751.855           1
14/ 7/2018 47: 2:39         750         750         750         750         100               750       75000  2797385836     3720644     751.855           1
14/ 7/2018 48: 2: 0         760         760         760         760           1               760         760  2797386596     3720645     751.855           1
14/ 7/2018 48: 2: 9         760         760         760         760           1               760         760  2797387356     3720646     751.855           1
14/ 7/2018 48: 2:47         750         750         750         750         350               750      262500  2797649856     3720996     751.855           1
14/ 7/2018 50: 2:36         760         760         760         760           6               760        4560  2797654416     3721002     751.855           1
14/ 7/2018 51: 2:14         760         760         760         760           8               760        6080  2797660496     3721010     751.855           1
14/ 7/2018 52: 2:34         750         750         750         750          24               750       18000  2797678496     3721034     751.855           1
14/ 7/2018 53: 2:44         750         750         750         750       25000               750    18750000  2816428496     3746034     751.843           1
14/ 7/2018 57: 2: 0         740         740         740         740         500               740      370000  2816798496     3746534     751.841           1
15/ 7/2018  0: 2:26         750         750         750         750       50000               750    37500000  2854298496     3796534     751.817           1
15/ 7/2018  5: 2: 2         760         760         760         760        5000               760     3800000  2858098496     3801534     751.828           1
15/ 7/2018  5: 2:27         760         760         760         760         250               760      190000  2858288496     3801784     751.828           1
15/ 7/2018 10: 2:43         750         750         750         750        2500               750     1875000  2860163496     3804284     751.827           1
15/ 7/2018 12: 2:33         760         760         760         760       10000               760     7600000  2867763496     3814284     751.848           1
15/ 7/2018 13: 2:34         750         750         750         750          14               750       10500  2867773996     3814298     751.848           1
15/ 7/2018 16: 2:35         750         750         750         750        5000               750     3750000  2871523996     3819298     751.846           1
15/ 7/2018 17: 2:42         760         760         760         760           1               760         760  2871524756     3819299     751.846           1
15/ 7/2018 19: 2:30         760         760         760         760        5000               760     3800000  2875324756     3824299     751.857           1
15/ 7/2018 23: 2: 1         760         760         760         760         105               760       79800  2875404556     3824404     751.857           1
15/ 7/2018 23: 2:30         760         760         760         760        5000               760     3800000  2879204556     3829404     751.868           1
15/ 7/2018 23: 2:45         790         790         790         790        5000               790     3950000  2883154556     3834404     751.917           1
15/ 7/2018 23: 2:50         800         800         800         800        5000               800     4000000  2887154556     3839404      751.98           1
15/ 7/2018 32: 2:46         750         750         750         750        2000               750     1500000  2888654556     3841404     751.979           1
15/ 7/2018 32: 2:57         750         750         750         750         850               750      637500  2889292056     3842254     751.978           1
15/ 7/2018 34: 2:15         750         750         750         750         444               750      333000  2889625056     3842698     751.978           1
15/ 7/2018 35: 2: 7         750         750         750         750       20000               750    15000000  2904625056     3862698     751.968           1
15/ 7/2018 38: 2:36         750         750         750         750        1600               750     1200000  2905825056     3864298     751.967           1
15/ 7/2018 42: 2:28         740         740         740         740         400               740      296000  2906121056     3864698     751.966           1
15/ 7/2018 42: 2:56         730         730         730         730       27000               730    19710000  2925831056     3891698     751.813           1
15/ 7/2018 50: 2:48         730         730         730         730       22000               730    16060000  2941891056     3913698     751.691           1
15/ 7/2018 51: 2:31         700         700         700         700        5000               700     3500000  2945391056     3918698     751.625           1
15/ 7/2018 54: 2:19         750         750         750         750        1000               750      750000  2946141056     3919698     751.625           1
16/ 7/2018  0: 2:35         750         750         750         750       50000               750    37500000  2983641056     3969698     751.604           1
16/ 7/2018  5: 2: 0         760         760         760         760           4               760        3040  2983644096     3969702     751.604           1
16/ 7/2018  5: 2:19         740         740         740         740          10               740        7400  2983651496     3969712     751.604           1
16/ 7/2018  7: 2:20         900         900         900         900       40922               900    36829800  3020481296     4010634     753.118           1
16/ 7/2018  8: 2:22         750         750         750         750         800               750      600000  3021081296     4011434     753.118           1
16/ 7/2018  9: 2:18         760         760         760         760           1               760         760  3021082056     4011435     753.118           1
16/ 7/2018 12: 2: 7         760         760         760         760         233               760      177080  3021259136     4011668     753.118           1
16/ 7/2018 12: 2:17         730         730         730         730        1111               730      811030  3022070166     4012779     753.112           1
16/ 7/2018 14: 2:51         750         750         750         750         150               750      112500  3022182666     4012929     753.111           1
16/ 7/2018 17: 2:18         750         750         750         750       18044               750    13533000  3035715666     4030973     753.097           1
16/ 7/2018 18: 2:17         790         790         790         790         532               790      420280  3036135946     4031505     753.102           1
16/ 7/2018 18: 2:18         760         760         760         760        9613               760     7305880  3043441826     4041118     753.119           1
16/ 7/2018 18: 2:24         740         740         740         740          25               740       18500  3043460326     4041143     753.119           1
16/ 7/2018 18: 2:58         750         750         750         750         163               750      122250  3043582576     4041306     753.119           1
16/ 7/2018 22: 2: 4         760         760         740         740       10000           746.667     7466666  3051049242     4051306     753.103           2
16/ 7/2018 22: 2: 5         760         760         760         760       34948               760    26560480  3077609722     4086254     753.162           1
16/ 7/2018 23: 2: 1         750         750         750         750           1               750         750  3077610472     4086255     753.162           1
16/ 7/2018 23: 2:42         750         750         750         750        1000               750      750000  3078360472     4087255     753.161           1
16/ 7/2018 26: 2:35         760         760         760         760          55               760       41800  3078402272     4087310     753.161           1
16/ 7/2018 26: 2:57         780         780         780         780          33               780       25740  3078428012     4087343     753.161           1
16/ 7/2018 27: 2:47         740         740         740         740       12500               740     9250000  3087678012     4099843     753.121           1
16/ 7/2018 29: 2:32         750         750         750         750       12500               750     9375000  3097053012     4112343     753.112           1
16/ 7/2018 37: 2:47         750         750         750         750        2650               750     1987500  3099040512     4114993      753.11           1
16/ 7/2018 41: 2:53         760         760         760         760         300               760      228000  3099268512     4115293      753.11           1
16/ 7/2018 44: 2:53         750         750         750         750         892               750      669000  3099937512     4116185     753.109           1
16/ 7/2018 50: 2:22         750         750         750         750           1               750         750  3099938262     4116186     753.109           1
16/ 7/2018 50: 2:35         750         750         750         750        8700               750     6525000  3106463262     4124886     753.103           1
16/ 7/2018 53: 2:35         750         750         750         750        8750               750     6562500  3113025762     4133636     753.096           1
16/ 7/2018 57: 2:15         750         750         750         750        2667               750     2000250  3115026012     4136303     753.094           1
17/ 7/2018  0: 2:30         780         780         780         780        5000               780     3900000  3118926012     4141303     753.127           1
17/ 7/2018  0: 2:38         750         750         750         750       50000               750    37500000  3156426012     4191303     753.089           1
17/ 7/2018  2: 2:38         750         750         750         750         892               750      669000  3157095012     4192195     753.089           1
17/ 7/2018  5: 2: 1         740         740         740         740       65000               740    48100000  3205195012     4257195     752.889           1
17/ 7/2018  7: 2: 6         740         740         740         740       10000               740     7400000  3212595012     4267195     752.859           1
17/ 7/2018  8: 2:14         710         710         710         710       65000               710    46150000  3258745012     4332195     752.216           1
17/ 7/2018 10: 2:16         760         760         760         760       30000               760    22800000  3281545012     4362195     752.269           1
17/ 7/2018 14: 2:43         750         750         750         750           1               750         750  3281545762     4362196     752.269           1
17/ 7/2018 17: 2: 2         750         750         750         750        2000               750     1500000  3283045762     4364196     752.268           1
17/ 7/2018 20: 2:53         790         790         790         790         300               790      237000  3283282762     4364496     752.271           1
17/ 7/2018 23: 2:46         740         740         740         740       20000               740    14800000  3298082762     4384496     752.215           1
17/ 7/2018 24: 2:10         730         730         730         730        5000               730     3650000  3301732762     4389496     752.189           1
17/ 7/2018 28: 2:24         760         760         760         760         674               760      512240  3302245002     4390170     752.191           1
17/ 7/2018 30: 2:32         760         760         760         760         450               760      342000  3302587002     4390620     752.191           1
17/ 7/2018 36: 2:34         750         750         750         750        8850               750     6637500  3309224502     4399470     752.187           1
17/ 7/2018 40: 2:42         760         760         760         760         320               760      243200  3309467702     4399790     752.188           1
17/ 7/2018 42: 2: 1         780         780         780         780         540               780      421200  3309888902     4400330     752.191           1
17/ 7/2018 44: 2:24         760         760         760         760        1000               760      760000  3310648902     4401330     752.193           1
17/ 7/2018 46: 2:23         760         760         760         760        1000               760      760000  3311408902     4402330     752.195           1
17/ 7/2018 53: 2:47         750         750         750         750           7               750        5250  3311414152     4402337     752.195           1
17/ 7/2018 54: 2:49         750         750         750         750         500               750      375000  3311789152     4402837     752.194           1
17/ 7/2018 54: 2:50         760         760         760         760           6               760        4560  3311793712     4402843     752.194           1
17/ 7/2018 55: 2: 1         810         810         810         810         100               810       81000  3311874712     4402943     752.196           1
17/ 7/2018 55: 2: 6         820         820         820         820         120               820       98400  3311973112     4403063     752.198           1
17/ 7/2018 55: 2:57         750         750         750         750       29000               750    21750000  3333723112     4432063     752.183           1
17/ 7/2018 56: 2: 1         850         850         850         850         500               850      425000  3334148112     4432563     752.194           1
17/ 7/2018 57: 2:41         750         750         750         750          10               750        7500  3334155612     4432573     752.194           1
17/ 7/2018 58: 2:50         770         770         770         770        8508               770     6551160  3340706772     4441081     752.228           1
17/ 7/2018 59: 2:31         760         760         760         760       95217               760    72364920  3413071692     4536298     752.391           1
18/ 7/2018  5: 2: 5         740         910         740         870        3046               840     2558640  3415630332     4539344      752.45         328
18/ 7/2018  8: 2: 0         740         910         740         750         300               800      240000  3415870332     4539644     752.453         343
18/ 7/2018  8: 2: 1         750         750         750         750       15000               750    11250000  3427120332     4554644     752.445           1
18/ 7/2018  8: 2: 2         750         750         750         750      155555               750   116666250  3543786582     4710199     752.365           1
18/ 7/2018  8: 2: 3         750         750         750         750       10000               750     7500000  3551286582     4720199      752.36           1
18/ 7/2018  9: 2: 1         750         750         750         750        5500               750     4125000  3555411582     4725699     752.357           1
18/ 7/2018  9: 2:15         750         750         750         750         200               750      150000  3555561582     4725899     752.357           1
