         Date              Open        High         Low       Close      Volume    Typical Price         V*P    Total VP     Total V            VWAP
 2/ 7/2018 10: 0: 3        1770        1770        1770        1770        5000             1770     8850000     8850000        5000             1770
 2/ 7/2018 10: 0: 9        1760        1760        1760        1760        5000             1760     8800000    17650000       10000             1765
 2/ 7/2018 10: 0:16        1780        1780        1780        1780        5000             1780     8900000    26550000       15000             1770
 2/ 7/2018 10: 0:23        1790        1790        1790        1790        5000             1790     8950000    35500000       20000             1775
 2/ 7/2018 10: 1: 5        1800        1800        1800        1800        5000             1800     9000000    44500000       25000             1780
 2/ 7/2018 10: 1:12        1810        1810        1810        1810        5000             1810     9050000    53550000       30000             1785
 2/ 7/2018 10: 1:19        1820        1820        1820        1820        5000             1820     9100000    62650000       35000             1790
 2/ 7/2018 10: 2:24        1830        1830        1830        1830        5000             1830     9150000    71800000       40000             1795
 2/ 7/2018 10: 2:45        1820        1820        1820        1820        5000             1820     9100000    80900000       45000          1797.78
 2/ 7/2018 10: 2:52        1830        1830        1830        1830        5000             1830     9150000    90050000       50000             1801
 2/ 7/2018 10: 3:34        1840        1840        1840        1840        5000             1840     9200000    99250000       55000          1804.55
 2/ 7/2018 10: 3:41        1830        1830        1830        1830        5000             1830     9150000   108400000       60000          1806.67
 2/ 7/2018 10: 4: 2        1820        1820        1820        1820        5000             1820     9100000   117500000       65000          1807.69
 2/ 7/2018 10: 4: 9        1830        1830        1830        1830        5000             1830     9150000   126650000       70000          1809.29
 2/ 7/2018 10: 5:28        1840        1840        1840        1840        5000             1840     9200000   135850000       75000          1811.33
 2/ 7/2018 10: 5:35        1850        1850        1850        1850        5000             1850     9250000   145100000       80000          1813.75
 2/ 7/2018 10: 5:42        1840        1840        1840        1840        5000             1840     9200000   154300000       85000          1815.29
 2/ 7/2018 10: 5:44        1830        1830        1830        1830           1             1830        1830   154301830       85001          1815.29
 2/ 7/2018 10: 5:49        1860        1860        1860        1860        5000             1860     9300000   163601830       90001          1817.78
 2/ 7/2018 10: 6: 4        1830        1830        1830        1830        5000             1830     9150000   172751830       95001          1818.42
 2/ 7/2018 10: 6:11        1840        1840        1840        1840        5000             1840     9200000   181951830      100001           1819.5
 2/ 7/2018 10: 6:18        1850        1850        1850        1850        5000             1850     9250000   191201830      105001          1820.95
 2/ 7/2018 10: 6:32        1840        1840        1840        1840        5000             1840     9200000   200401830      110001          1821.82
 2/ 7/2018 10: 6:46        1830        1830        1830        1830        5000             1830     9150000   209551830      115001          1822.17
 2/ 7/2018 10: 7: 7        1820        1820        1820        1820        5000             1820     9100000   218651830      120001          1822.08
 2/ 7/2018 10: 7:28        1810        1810        1810        1810        5000             1810     9050000   227701830      125001           1821.6
 2/ 7/2018 10: 7:35        1820        1820        1820        1820        5000             1820     9100000   236801830      130001          1821.54
 2/ 7/2018 10: 8: 3        1810        1810        1810        1810        5000             1810     9050000   245851830      135001          1821.11
 2/ 7/2018 10: 9:34        1820        1820        1820        1820        5000             1820     9100000   254951830      140001          1821.07
 2/ 7/2018 10: 9:48        1810        1810        1810        1810        5000             1810     9050000   264001830      145001          1820.69
 2/ 7/2018 10: 9:55        1800        1800        1800        1800        5000             1800     9000000   273001830      150001             1820
 2/ 7/2018 10:10: 2        1790        1790        1790        1790        5000             1790     8950000   281951830      155001          1819.03
 2/ 7/2018 10:10: 9        1800        1800        1800        1800        5000             1800     9000000   290951830      160001          1818.44
 2/ 7/2018 10:10:23        1790        1790        1790        1790        5000             1790     8950000   299901830      165001          1817.58
 2/ 7/2018 10:10:37        1780        1780        1780        1780        5000             1780     8900000   308801830      170001          1816.47
 2/ 7/2018 10:10:44        1790        1790        1790        1790        5000             1790     8950000   317751830      175001          1815.71
 2/ 7/2018 10:10:51        1780        1780        1780        1780        5000             1780     8900000   326651830      180001          1814.72
 2/ 7/2018 10:10:58        1770        1770        1770        1770        5000             1770     8850000   335501830      185001          1813.51
 2/ 7/2018 10:11: 5        1780        1780        1780        1780        5000             1780     8900000   344401830      190001          1812.63
 2/ 7/2018 10:11:12        1770        1770        1770        1770        5000             1770     8850000   353251830      195001          1811.54
 2/ 7/2018 10:11:19        1780        1780        1780        1780        5000             1780     8900000   362151830      200001          1810.75
 2/ 7/2018 10:12:15        1770        1770        1770        1770        5000             1770     8850000   371001830      205001          1809.76
 2/ 7/2018 10:12:36        1780        1780        1780        1780        5000             1780     8900000   379901830      210001          1809.05
 2/ 7/2018 10:12:43        1800        1800        1800        1800        5000             1800     9000000   388901830      215001          1808.84
 2/ 7/2018 10:13: 4        1810        1810        1810        1810        5000             1810     9050000   397951830      220001          1808.86
 2/ 7/2018 10:13:11        1800        1800        1800        1800        5000             1800     9000000   406951830      225001          1808.67
 2/ 7/2018 10:13:18        1810        1810        1810        1810        5000             1810     9050000   416001830      230001           1808.7
 2/ 7/2018 10:14:21        1800        1800        1800        1800        5000             1800     9000000   425001830      235001          1808.51
 2/ 7/2018 10:14:42        1810        1810        1810        1810        5000             1810     9050000   434051830      240001          1808.54
 2/ 7/2018 10:14:49        1800        1800        1800        1800        5000             1800     9000000   443051830      245001          1808.37
 2/ 7/2018 10:14:56        1790        1790        1790        1790        5000             1790     8950000   452001830      250001             1808
 2/ 7/2018 10:15:31        1810        1810        1810        1810        5000             1810     9050000   461051830      255001          1808.04
 2/ 7/2018 10:15:45        1800        1800        1800        1800        5000             1800     9000000   470051830      260001          1807.88
 2/ 7/2018 10:16: 6        1820        1820        1820        1820        5000             1820     9100000   479151830      265001          1808.11
 2/ 7/2018 10:16:41        1830        1830        1830        1830        5000             1830     9150000   488301830      270001          1808.52
 2/ 7/2018 10:16:48        1820        1820        1820        1820        5000             1820     9100000   497401830      275001          1808.73
 2/ 7/2018 10:16:55        1830        1830        1830        1830        5000             1830     9150000   506551830      280001          1809.11
 2/ 7/2018 10:17: 9        1820        1820        1820        1820        5000             1820     9100000   515651830      285001           1809.3
 2/ 7/2018 10:17:51        1830        1830        1830        1830        5000             1830     9150000   524801830      290001          1809.66
 2/ 7/2018 10:18: 5        1840        1840        1840        1840        5000             1840     9200000   534001830      295001          1810.17
 2/ 7/2018 10:18:12        1830        1830        1830        1830        5000             1830     9150000   543151830      300001           1810.5
 2/ 7/2018 10:19: 8        1840        1840        1840        1840        5000             1840     9200000   552351830      305001          1810.98
 2/ 7/2018 10:19:22        1850        1850        1850        1850        5000             1850     9250000   561601830      310001          1811.61
 2/ 7/2018 10:19:43        1840        1840        1840        1840        5000             1840     9200000   570801830      315001          1812.06
 2/ 7/2018 10:20:11        1830        1830        1830        1830        5000             1830     9150000   579951830      320001          1812.34
 2/ 7/2018 10:20:25        1810        1810        1810        1810        5000             1810     9050000   589001830      325001          1812.31
 2/ 7/2018 10:20:32        1820        1820        1820        1820        5000             1820     9100000   598101830      330001          1812.42
 2/ 7/2018 10:27:43        1840        1840        1840        1840        5000             1840     9200000   607301830      335001          1812.84
 2/ 7/2018 10:27:53        1850        1850        1850        1850        5000             1850     9250000   616551830      340001          1813.38
 2/ 7/2018 10:28:21        1840        1840        1840        1840        5000             1840     9200000   625751830      345001          1813.77
 2/ 7/2018 10:28:42        1830        1830        1830        1830        5000             1830     9150000   634901830      350001             1814
 2/ 7/2018 10:28:49        1820        1820        1820        1820        5000             1820     9100000   644001830      355001          1814.08
 2/ 7/2018 10:28:56        1830        1830        1830        1830        5000             1830     9150000   653151830      360001          1814.31
 2/ 7/2018 10:29: 3        1820        1820        1820        1820        5000             1820     9100000   662251830      365001          1814.38
 2/ 7/2018 10:29:24        1830        1830        1830        1830        5000             1830     9150000   671401830      370001          1814.59
 2/ 7/2018 10:29:31        1820        1820        1820        1820        5000             1820     9100000   680501830      375001          1814.67
 2/ 7/2018 10:29:59        1810        1810        1810        1810        5000             1810     9050000   689551830      380001          1814.61
 2/ 7/2018 10:30: 6        1830        1830        1830        1830        5000             1830     9150000   698701830      385001          1814.81
 2/ 7/2018 10:30:27        1840        1840        1840        1840        5000             1840     9200000   707901830      390001          1815.13
 2/ 7/2018 10:30:48        1820        1820        1820        1820        5000             1820     9100000   717001830      395001          1815.19
 2/ 7/2018 10:31:16        1810        1810        1810        1810        5000             1810     9050000   726051830      400001          1815.13
 2/ 7/2018 10:31:51        1800        1800        1800        1800        5000             1800     9000000   735051830      405001          1814.94
 2/ 7/2018 10:31:58        1790        1790        1790        1790        5000             1790     8950000   744001830      410001          1814.63
 2/ 7/2018 10:32:12        1800        1800        1800        1800        5000             1800     9000000   753001830      415001          1814.46
 2/ 7/2018 10:32:47        1790        1790        1790        1790        5000             1790     8950000   761951830      420001          1814.17
 2/ 7/2018 10:33:54        1770        1770        1770        1770        5000             1770     8850000   770801830      425001          1813.65
 2/ 7/2018 10:34:15        1780        1780        1780        1780        5000             1780     8900000   779701830      430001          1813.26
 2/ 7/2018 10:35: 4        1790        1790        1790        1790        5000             1790     8950000   788651830      435001          1812.99
 2/ 7/2018 10:35:18        1800        1800        1800        1800        5000             1800     9000000   797651830      440001          1812.84
 2/ 7/2018 10:35:46        1810        1810        1810        1810        5000             1810     9050000   806701830      445001          1812.81
 2/ 7/2018 10:36:14        1790        1790        1790        1790        5000             1790     8950000   815651830      450001          1812.56
 2/ 7/2018 10:36:21        1800        1800        1800        1800        5000             1800     9000000   824651830      455001          1812.42
 2/ 7/2018 10:37:39        1790        1790        1790        1790        5000             1790     8950000   833601830      460001          1812.17
 2/ 7/2018 10:38:35        1800        1800        1800        1800        5000             1800     9000000   842601830      465001          1812.04
 2/ 7/2018 10:38:56        1790        1790        1790        1790        5000             1790     8950000   851551830      470001          1811.81
 2/ 7/2018 10:39:24        1780        1780        1780        1780        5000             1780     8900000   860451830      475001          1811.47
 2/ 7/2018 10:39:45        1790        1790        1790        1790        5000             1790     8950000   869401830      480001          1811.25
 2/ 7/2018 10:40:20        1800        1800        1800        1800        5000             1800     9000000   878401830      485001          1811.13
 2/ 7/2018 10:40:27        1810        1810        1810        1810        5000             1810     9050000   887451830      490001          1811.12
 2/ 7/2018 10:40:41        1800        1800        1800        1800        5000             1800     9000000   896451830      495001          1811.01
 2/ 7/2018 10:41:16        1780        1780        1780        1780        5000             1780     8900000   905351830      500001           1810.7
 2/ 7/2018 10:42:47        1770        1770        1770        1770        5000             1770     8850000   914201830      505001           1810.3
 2/ 7/2018 10:42:54        1780        1780        1780        1780        5000             1780     8900000   923101830      510001             1810
 2/ 7/2018 10:43:36        1790        1790        1790        1790        5000             1790     8950000   932051830      515001          1809.81
 2/ 7/2018 10:43:43        1780        1780        1780        1780        5000             1780     8900000   940951830      520001          1809.52
 2/ 7/2018 10:43:50        1790        1790        1790        1790        5000             1790     8950000   949901830      525001          1809.33
 2/ 7/2018 10:45:36        1780        1780        1780        1780        5000             1780     8900000   958801830      530001          1809.06
 2/ 7/2018 10:46:18        1790        1790        1790        1790        5000             1790     8950000   967751830      535001          1808.88
 2/ 7/2018 10:47:14        1780        1780        1780        1780        5000             1780     8900000   976651830      540001          1808.61
 2/ 7/2018 10:47:56        1770        1770        1770        1770        5000             1770     8850000   985501830      545001          1808.26
 2/ 7/2018 10:48:52        1720        1720        1720        1720        5000             1720     8600000   994101830      550001          1807.45
 2/ 7/2018 10:48:59        1730        1730        1730        1730        5000             1730     8650000  1002751830      555001          1806.76
 2/ 7/2018 10:49:20        1720        1720        1720        1720        5000             1720     8600000  1011351830      560001          1805.98
 2/ 7/2018 10:49:27        1710        1710        1710        1710        5000             1710     8550000  1019901830      565001          1805.13
 2/ 7/2018 10:49:34        1700        1700        1700        1700        5000             1700     8500000  1028401830      570001          1804.21
 2/ 7/2018 10:49:48        1690        1690        1690        1690        5000             1690     8450000  1036851830      575001          1803.22
 2/ 7/2018 10:49:55        1640        1640        1640        1640        5000             1640     8200000  1045051830      580001          1801.81
 2/ 7/2018 10:50: 2        1650        1650        1650        1650        5000             1650     8250000  1053301830      585001          1800.51
 2/ 7/2018 10:50:16        1660        1660        1660        1660        5000             1660     8300000  1061601830      590001          1799.32
 2/ 7/2018 10:50:23        1650        1650        1650        1650        5000             1650     8250000  1069851830      595001          1798.07
 2/ 7/2018 10:50:30        1660        1660        1660        1660        5000             1660     8300000  1078151830      600001          1796.92
 2/ 7/2018 10:50:58        1670        1670        1670        1670        5000             1670     8350000  1086501830      605001          1795.87
 2/ 7/2018 10:51:40        1660        1660        1660        1660        5000             1660     8300000  1094801830      610001          1794.75
 2/ 7/2018 10:52:22        1670        1670        1670        1670        5000             1670     8350000  1103151830      615001          1793.74
 2/ 7/2018 10:52:29        1660        1660        1660        1660        5000             1660     8300000  1111451830      620001          1792.66
 2/ 7/2018 10:52:43        1670        1670        1670        1670        5000             1670     8350000  1119801830      625001          1791.68
 2/ 7/2018 10:52:50        1680        1680        1680        1680        5000             1680     8400000  1128201830      630001          1790.79
 2/ 7/2018 10:53: 4        1690        1690        1690        1690        5000             1690     8450000  1136651830      635001             1790
 2/ 7/2018 10:53:18        1700        1700        1700        1700        5000             1700     8500000  1145151830      640001           1789.3
 2/ 7/2018 10:54:21        1690        1690        1690        1690        5000             1690     8450000  1153601830      645001          1788.53
 2/ 7/2018 10:54:49        1670        1670        1670        1670        5000             1670     8350000  1161951830      650001          1787.62
 2/ 7/2018 10:55:10        1680        1680        1680        1680        5000             1680     8400000  1170351830      655001          1786.79
 2/ 7/2018 10:55:17        1690        1690        1690        1690        5000             1690     8450000  1178801830      660001          1786.06
 2/ 7/2018 10:55:45        1680        1680        1680        1680        5000             1680     8400000  1187201830      665001          1785.26
 2/ 7/2018 10:56:27        1660        1660        1660        1660        5000             1660     8300000  1195501830      670001          1784.33
 2/ 7/2018 10:56:41        1650        1650        1650        1650        5000             1650     8250000  1203751830      675001          1783.33
 2/ 7/2018 10:56:48        1640        1640        1640        1640        5000             1640     8200000  1211951830      680001          1782.28
 2/ 7/2018 10:57: 2        1650        1650        1650        1650        5000             1650     8250000  1220201830      685001          1781.31
 2/ 7/2018 10:57:16        1660        1660        1660        1660        5000             1660     8300000  1228501830      690001          1780.43
 2/ 7/2018 10:57:23        1650        1650        1650        1650        5000             1650     8250000  1236751830      695001           1779.5
 2/ 7/2018 10:57:37        1660        1660        1660        1660        5000             1660     8300000  1245051830      700001          1778.64
 2/ 7/2018 10:58:19        1670        1670        1670        1670        5000             1670     8350000  1253401830      705001          1777.87
 2/ 7/2018 10:59: 1        1660        1660        1660        1660        5000             1660     8300000  1261701830      710001          1777.04
 2/ 7/2018 10:59: 8        1680        1680        1680        1680        5000             1680     8400000  1270101830      715001          1776.36
 2/ 7/2018 10:59:15        1670        1670        1670        1670        5000             1670     8350000  1278451830      720001          1775.63
 2/ 7/2018 10:59:43        1680        1680        1680        1680        5000             1680     8400000  1286851830      725001          1774.97
 2/ 7/2018 10:59:57        1670        1670        1670        1670        5000             1670     8350000  1295201830      730001          1774.25
 2/ 7/2018 11: 0:11        1680        1680        1680        1680        5000             1680     8400000  1303601830      735001          1773.61
 2/ 7/2018 11: 0:25        1670        1670        1670        1670        5000             1670     8350000  1311951830      740001          1772.91
 2/ 7/2018 11: 0:53        1680        1680        1680        1680        5000             1680     8400000  1320351830      745001          1772.28
 2/ 7/2018 11: 1: 0        1650        1650        1650        1650        5000             1650     8250000  1328601830      750001          1771.47
 2/ 7/2018 11: 1:35        1660        1660        1660        1660        5000             1660     8300000  1336901830      755001          1770.73
 2/ 7/2018 11: 1:42        1670        1670        1670        1670        5000             1670     8350000  1345251830      760001          1770.07
 2/ 7/2018 11: 1:49        1660        1660        1660        1660        5000             1660     8300000  1353551830      765001          1769.35
 2/ 7/2018 11: 2:31        1670        1670        1670        1670        5000             1670     8350000  1361901830      770001           1768.7
 2/ 7/2018 11: 4:23        1660        1660        1660        1660        5000             1660     8300000  1370201830      775001             1768
 2/ 7/2018 11: 4:30        1670        1670        1670        1670        5000             1670     8350000  1378551830      780001          1767.37
 2/ 7/2018 11: 4:58        1660        1660        1660        1660        5000             1660     8300000  1386851830      785001          1766.69
 2/ 7/2018 11: 6: 8        1650        1650        1650        1650        5000             1650     8250000  1395101830      790001          1765.95
 2/ 7/2018 11: 6:15        1640        1640        1640        1640        5000             1640     8200000  1403301830      795001          1765.16
 2/ 7/2018 11: 6:57        1620        1620        1620        1620        5000             1620     8100000  1411401830      800001          1764.25
 2/ 7/2018 11: 7:18        1630        1630        1630        1630        5000             1630     8150000  1419551830      805001          1763.42
 2/ 7/2018 11: 8:42        1620        1620        1620        1620        5000             1620     8100000  1427651830      810001          1762.53
 2/ 7/2018 11: 9:24        1610        1610        1610        1610        5000             1610     8050000  1435701830      815001           1761.6
 2/ 7/2018 11: 9:38        1620        1620        1620        1620        5000             1620     8100000  1443801830      820001          1760.73
 2/ 7/2018 11: 9:45        1610        1610        1610        1610        5000             1610     8050000  1451851830      825001          1759.82
 2/ 7/2018 11: 9:52        1620        1620        1620        1620        5000             1620     8100000  1459951830      830001          1758.98
 2/ 7/2018 11:10:41        1610        1610        1610        1610        5000             1610     8050000  1468001830      835001          1758.08
 2/ 7/2018 11:11: 9        1620        1620        1620        1620        5000             1620     8100000  1476101830      840001          1757.26
 2/ 7/2018 11:11:30        1610        1610        1610        1610        5000             1610     8050000  1484151830      845001          1756.39
 2/ 7/2018 11:11:37        1620        1620        1620        1620        5000             1620     8100000  1492251830      850001          1755.59
 2/ 7/2018 11:11:44        1610        1610        1610        1610        5000             1610     8050000  1500301830      855001          1754.74
 2/ 7/2018 11:12: 5        1620        1620        1620        1620        5000             1620     8100000  1508401830      860001          1753.95
 2/ 7/2018 11:13:36        1610        1610        1610        1610        5000             1610     8050000  1516451830      865001          1753.12
 2/ 7/2018 11:14: 4        1620        1620        1620        1620        5000             1620     8100000  1524551830      870001          1752.36
 2/ 7/2018 11:14:52        1610        1610        1610        1610        5000             1610     8050000  1532601830      875001          1751.54
 2/ 7/2018 11:15:13        1600        1600        1600        1600        5000             1600     8000000  1540601830      880001          1750.68
 2/ 7/2018 11:15:41        1610        1610        1610        1610        5000             1610     8050000  1548651830      885001          1749.89
 2/ 7/2018 11:15:48        1600        1600        1600        1600        5000             1600     8000000  1556651830      890001          1749.05
 2/ 7/2018 11:16:37        1610        1610        1610        1610        5000             1610     8050000  1564701830      895001          1748.27
 2/ 7/2018 11:18:29        1620        1620        1620        1620        5000             1620     8100000  1572801830      900001          1747.56
 2/ 7/2018 11:18:57        1630        1630        1630        1630        5000             1630     8150000  1580951830      905001          1746.91
 2/ 7/2018 11:19:53        1640        1640        1640        1640        5000             1640     8200000  1589151830      910001          1746.32
 2/ 7/2018 11:20: 0        1650        1650        1650        1650        5000             1650     8250000  1597401830      915001          1745.79
 2/ 7/2018 11:22: 3        1640        1640        1640        1640        5000             1640     8200000  1605601830      920001          1745.22
 2/ 7/2018 11:22:45        1650        1650        1650        1650        5000             1650     8250000  1613851830      925001           1744.7
 2/ 7/2018 11:22:59        1660        1660        1660        1660        5000             1660     8300000  1622151830      930001          1744.25
 2/ 7/2018 11:25:13        1670        1670        1670        1670        5000             1670     8350000  1630501830      935001          1743.85
 2/ 7/2018 11:25:20        1660        1660        1660        1660        5000             1660     8300000  1638801830      940001           1743.4
 2/ 7/2018 11:25:55        1670        1670        1670        1670        5000             1670     8350000  1647151830      945001          1743.02
 2/ 7/2018 11:26: 2        1660        1660        1660        1660        5000             1660     8300000  1655451830      950001          1742.58
 2/ 7/2018 11:26: 9        1670        1670        1670        1670        5000             1670     8350000  1663801830      955001           1742.2
 2/ 7/2018 11:26:16        1660        1660        1660        1660        5000             1660     8300000  1672101830      960001          1741.77
 2/ 7/2018 11:26:58        1640        1640        1640        1640        5000             1640     8200000  1680301830      965001          1741.24
 2/ 7/2018 11:27:12        1650        1650        1650        1650        5000             1650     8250000  1688551830      970001          1740.77
 2/ 7/2018 11:29: 4        1660        1660        1660        1660        5000             1660     8300000  1696851830      975001          1740.36
 2/ 7/2018 11:29:53        1650        1650        1650        1650        5000             1650     8250000  1705101830      980001           1739.9
 2/ 7/2018 11:30: 0        1660        1660        1660        1660        5000             1660     8300000  1713401830      985001          1739.49
 2/ 7/2018 11:30: 7        1650        1650        1650        1650        5000             1650     8250000  1721651830      990001          1739.04
 2/ 7/2018 11:30:14        1640        1640        1640        1640        5000             1640     8200000  1729851830      995001          1738.54
 2/ 7/2018 11:30:42        1650        1650        1650        1650        5000             1650     8250000  1738101830     1000001           1738.1
 2/ 7/2018 11:31: 3        1640        1640        1640        1640        5000             1640     8200000  1746301830     1005001          1737.61
 2/ 7/2018 11:31:17        1630        1630        1630        1630        5000             1630     8150000  1754451830     1010001          1737.08
 2/ 7/2018 11:31:24        1620        1620        1620        1620        5000             1620     8100000  1762551830     1015001           1736.5
 2/ 7/2018 11:31:38        1610        1610        1610        1610        5000             1610     8050000  1770601830     1020001          1735.88
 2/ 7/2018 11:31:52        1620        1620        1620        1620        5000             1620     8100000  1778701830     1025001          1735.32
 2/ 7/2018 11:32:20        1640        1640        1640        1640        5000             1640     8200000  1786901830     1030001          1734.85
 2/ 7/2018 11:33: 2        1650        1650        1650        1650        5000             1650     8250000  1795151830     1035001          1734.44
 2/ 7/2018 11:33:37        1660        1660        1660        1660        5000             1660     8300000  1803451830     1040001          1734.09
 2/ 7/2018 11:33:58        1670        1670        1670        1670        5000             1670     8350000  1811801830     1045001          1733.78
 2/ 7/2018 11:34: 5        1660        1660        1660        1660        5000             1660     8300000  1820101830     1050001          1733.43
 2/ 7/2018 11:34:19        1670        1670        1670        1670        5000             1670     8350000  1828451830     1055001          1733.13
 2/ 7/2018 11:34:26        1660        1660        1660        1660        5000             1660     8300000  1836751830     1060001          1732.78
 2/ 7/2018 11:34:40        1670        1670        1670        1670        5000             1670     8350000  1845101830     1065001          1732.49
 2/ 7/2018 11:35: 8        1680        1680        1680        1680        5000             1680     8400000  1853501830     1070001          1732.24
 2/ 7/2018 11:35:22        1690        1690        1690        1690        5000             1690     8450000  1861951830     1075001          1732.05
 2/ 7/2018 11:35:43        1680        1680        1680        1680        5000             1680     8400000  1870351830     1080001          1731.81
 2/ 7/2018 11:36:11        1670        1670        1670        1670        5000             1670     8350000  1878701830     1085001          1731.52
 2/ 7/2018 11:37: 7        1660        1660        1660        1660        5000             1660     8300000  1887001830     1090001          1731.19
 2/ 7/2018 11:37:21        1670        1670        1670        1670        5000             1670     8350000  1895351830     1095001          1730.91
 2/ 7/2018 11:38: 3        1660        1660        1660        1660        5000             1660     8300000  1903651830     1100001          1730.59
 2/ 7/2018 11:38:10        1670        1670        1670        1670        5000             1670     8350000  1912001830     1105001          1730.32
 2/ 7/2018 11:38:31        1660        1660        1660        1660        5000             1660     8300000  1920301830     1110001             1730
 2/ 7/2018 11:38:45        1670        1670        1670        1670        5000             1670     8350000  1928651830     1115001          1729.73
 2/ 7/2018 11:39:13        1680        1680        1680        1680        5000             1680     8400000  1937051830     1120001          1729.51
 2/ 7/2018 11:39:27        1670        1670        1670        1670        5000             1670     8350000  1945401830     1125001          1729.24
 2/ 7/2018 11:40: 9        1660        1660        1660        1660        5000             1660     8300000  1953701830     1130001          1728.94
 2/ 7/2018 11:40:44        1650        1650        1650        1650        5000             1650     8250000  1961951830     1135001          1728.59
 2/ 7/2018 11:41:33        1640        1640        1640        1640        5000             1640     8200000  1970151830     1140001           1728.2
 2/ 7/2018 11:42:22        1630        1630        1630        1630        5000             1630     8150000  1978301830     1145001          1727.77
 2/ 7/2018 11:43:11        1620        1620        1620        1620        5000             1620     8100000  1986401830     1150001           1727.3
 2/ 7/2018 11:43:53        1630        1630        1630        1630        5000             1630     8150000  1994551830     1155001          1726.88
 2/ 7/2018 11:44:42        1620        1620        1620        1620        5000             1620     8100000  2002651830     1160001          1726.42
 2/ 7/2018 11:44:56        1610        1610        1610        1610        5000             1610     8050000  2010701830     1165001          1725.92
 2/ 7/2018 11:45:24        1620        1620        1620        1620        5000             1620     8100000  2018801830     1170001          1725.47
 2/ 7/2018 11:45:45        1630        1630        1630        1630        5000             1630     8150000  2026951830     1175001          1725.06
 2/ 7/2018 11:46: 6        1640        1640        1640        1640        5000             1640     8200000  2035151830     1180001           1724.7
 2/ 7/2018 11:46:13        1630        1630        1630        1630        5000             1630     8150000  2043301830     1185001           1724.3
 2/ 7/2018 11:47:30        1620        1620        1620        1620        5000             1620     8100000  2051401830     1190001          1723.87
 2/ 7/2018 11:48:26        1610        1610        1610        1610        5000             1610     8050000  2059451830     1195001          1723.39
 2/ 7/2018 11:48:40        1620        1620        1620        1620        5000             1620     8100000  2067551830     1200001          1722.96
 2/ 7/2018 11:49: 1        1610        1610        1610        1610        5000             1610     8050000  2075601830     1205001          1722.49
 2/ 7/2018 11:49:22        1600        1600        1600        1600        5000             1600     8000000  2083601830     1210001          1721.98
 2/ 7/2018 11:49:36        1590        1590        1590        1590        5000             1590     7950000  2091551830     1215001          1721.44
 2/ 7/2018 11:49:57        1600        1600        1600        1600        5000             1600     8000000  2099551830     1220001          1720.94
 2/ 7/2018 11:51:14        1590        1590        1590        1590        5000             1590     7950000  2107501830     1225001          1720.41
 2/ 7/2018 11:52:31        1600        1600        1600        1600        5000             1600     8000000  2115501830     1230001          1719.92
 2/ 7/2018 11:52:52        1610        1610        1610        1610        5000             1610     8050000  2123551830     1235001          1719.47
 2/ 7/2018 11:53:13        1600        1600        1600        1600        5000             1600     8000000  2131551830     1240001          1718.99
 2/ 7/2018 11:53:34        1580        1580        1580        1580        5000             1580     7900000  2139451830     1245001          1718.43
 2/ 7/2018 11:53:55        1570        1570        1570        1570        5000             1570     7850000  2147301830     1250001          1717.84
 2/ 7/2018 11:54: 9        1560        1560        1560        1560        5000             1560     7800000  2155101830     1255001          1717.21
 2/ 7/2018 11:55: 5        1550        1550        1550        1550        5000             1550     7750000  2162851830     1260001          1716.55
 2/ 7/2018 11:55:12        1540        1540        1540        1540        5000             1540     7700000  2170551830     1265001          1715.85
 2/ 7/2018 11:55:47        1550        1550        1550        1550        5000             1550     7750000  2178301830     1270001           1715.2
 2/ 7/2018 11:56: 8        1560        1560        1560        1560        5000             1560     7800000  2186101830     1275001          1714.59
 2/ 7/2018 12: 0:27        1550        1550        1550        1550        5000             1550     7750000  2193851830     1280001          1713.95
 2/ 7/2018 12: 0:55        1560        1560        1560        1560        5000             1560     7800000  2201651830     1285001          1713.35
 2/ 7/2018 12: 1:33        1570        1570        1570        1570        5000             1570     7850000  2209501830     1290001          1712.79
 2/ 7/2018 12: 2: 8        1560        1560        1560        1560        5000             1560     7800000  2217301830     1295001           1712.2
 2/ 7/2018 12: 2:22        1570        1570        1570        1570        5000             1570     7850000  2225151830     1300001          1711.65
 2/ 7/2018 12: 2:36        1560        1560        1560        1560        5000             1560     7800000  2232951830     1305001          1711.07
 2/ 7/2018 12: 2:43        1570        1570        1570        1570        5000             1570     7850000  2240801830     1310001          1710.53
 2/ 7/2018 12: 2:50        1560        1560        1560        1560        5000             1560     7800000  2248601830     1315001          1709.96
 2/ 7/2018 12: 3:39        1550        1550        1550        1550        5000             1550     7750000  2256351830     1320001          1709.36
 2/ 7/2018 12: 3:46        1560        1560        1560        1560        5000             1560     7800000  2264151830     1325001          1708.79
 2/ 7/2018 12: 4:49        1550        1550        1550        1550        5000             1550     7750000  2271901830     1330001           1708.2
 2/ 7/2018 12: 6:41        1560        1560        1560        1560        5000             1560     7800000  2279701830     1335001          1707.64
 2/ 7/2018 12: 7: 9        1550        1550        1550        1550        5000             1550     7750000  2287451830     1340001          1707.05
 2/ 7/2018 12: 8:44        1560        1560        1560        1560        5000             1560     7800000  2295251830     1345001          1706.51
 2/ 7/2018 12: 9: 5        1570        1570        1570        1570        5000             1570     7850000  2303101830     1350001             1706
 2/ 7/2018 12: 9:12        1560        1560        1560        1560        5000             1560     7800000  2310901830     1355001          1705.46
 2/ 7/2018 12: 9:40        1570        1570        1570        1570        5000             1570     7850000  2318751830     1360001          1704.96
 2/ 7/2018 12:13:17        1560        1560        1560        1560        5000             1560     7800000  2326551830     1365001          1704.43
 2/ 7/2018 12:13:59        1570        1570        1570        1570        5000             1570     7850000  2334401830     1370001          1703.94
 2/ 7/2018 12:14: 6        1560        1560        1560        1560        5000             1560     7800000  2342201830     1375001          1703.42
 2/ 7/2018 12:15: 2        1570        1570        1570        1570        5000             1570     7850000  2350051830     1380001          1702.93
 2/ 7/2018 12:15:16        1560        1560        1560        1560        5000             1560     7800000  2357851830     1385001          1702.42
 2/ 7/2018 12:15:58        1570        1570        1570        1570        5000             1570     7850000  2365701830     1390001          1701.94
 2/ 7/2018 12:17:22        1580        1580        1580        1580        5000             1580     7900000  2373601830     1395001          1701.51
 2/ 7/2018 12:18:53        1570        1570        1570        1570        5000             1570     7850000  2381451830     1400001          1701.04
 2/ 7/2018 12:21: 6        1580        1580        1580        1580        5000             1580     7900000  2389351830     1405001          1700.61
 2/ 7/2018 12:23:34        1590        1590        1590        1590        5000             1590     7950000  2397301830     1410001          1700.21
 2/ 7/2018 12:25:26        1600        1600        1600        1600        5000             1600     8000000  2405301830     1415001          1699.86
 2/ 7/2018 12:25:49        1610        1610        1610        1610        5000             1610     8050000  2413351830     1420001          1699.54
 2/ 7/2018 12:26:53        1620        1620        1620        1620        5000             1620     8100000  2421451830     1425001          1699.26
 2/ 7/2018 12:27:49        1610        1610        1610        1610        5000             1610     8050000  2429501830     1430001          1698.95
 2/ 7/2018 12:28:17        1630        1630        1630        1630        5000             1630     8150000  2437651830     1435001          1698.71
 2/ 7/2018 12:29:37        1620        1620        1620        1620        5000             1620     8100000  2445751830     1440001          1698.44
 2/ 7/2018 12:30:19        1610        1610        1610        1610        5000             1610     8050000  2453801830     1445001          1698.13
 2/ 7/2018 12:31: 8        1620        1620        1620        1620        5000             1620     8100000  2461901830     1450001          1697.86
 2/ 7/2018 12:32:11        1630        1630        1630        1630        5000             1630     8150000  2470051830     1455001          1697.63
 2/ 7/2018 12:32:39        1620        1620        1620        1620        5000             1620     8100000  2478151830     1460001          1697.36
 2/ 7/2018 12:33:42        1630        1630        1630        1630        5000             1630     8150000  2486301830     1465001          1697.13
 2/ 7/2018 12:34:57        1640        1640        1640        1640        5000             1640     8200000  2494501830     1470001          1696.94
 2/ 7/2018 12:35:25        1650        1650        1650        1650        5000             1650     8250000  2502751830     1475001          1696.78
 2/ 7/2018 12:36:42        1660        1660        1660        1660        5000             1660     8300000  2511051830     1480001          1696.66
 2/ 7/2018 12:37:10        1650        1650        1650        1650        5000             1650     8250000  2519301830     1485001           1696.5
 2/ 7/2018 12:37:31        1640        1640        1640        1640        5000             1640     8200000  2527501830     1490001          1696.31
 2/ 7/2018 12:37:45        1650        1650        1650        1650        5000             1650     8250000  2535751830     1495001          1696.15
 2/ 7/2018 12:37:52        1640        1640        1640        1640        5000             1640     8200000  2543951830     1500001          1695.97
 2/ 7/2018 12:38:20        1650        1650        1650        1650        5000             1650     8250000  2552201830     1505001          1695.81
 2/ 7/2018 12:38:34        1640        1640        1640        1640        5000             1640     8200000  2560401830     1510001          1695.63
 2/ 7/2018 12:38:41        1650        1650        1650        1650        5000             1650     8250000  2568651830     1515001          1695.48
 2/ 7/2018 12:39: 2        1640        1640        1640        1640        5000             1640     8200000  2576851830     1520001           1695.3
 2/ 7/2018 12:39:37        1650        1650        1650        1650        5000             1650     8250000  2585101830     1525001          1695.15
 2/ 7/2018 12:39:46        1640        1640        1640        1640        5000             1640     8200000  2593301830     1530001          1694.97
 2/ 7/2018 12:40: 0        1650        1650        1650        1650        5000             1650     8250000  2601551830     1535001          1694.82
 2/ 7/2018 12:40:21        1640        1640        1640        1640        5000             1640     8200000  2609751830     1540001          1694.64
 2/ 7/2018 12:40:42        1650        1650        1650        1650        5000             1650     8250000  2618001830     1545001           1694.5
 2/ 7/2018 12:40:49        1640        1640        1640        1640        5000             1640     8200000  2626201830     1550001          1694.32
 2/ 7/2018 12:41:17        1630        1630        1630        1630        5000             1630     8150000  2634351830     1555001          1694.12
 2/ 7/2018 12:41:31        1620        1620        1620        1620        5000             1620     8100000  2642451830     1560001          1693.88
 2/ 7/2018 12:41:38        1610        1610        1610        1610        5000             1610     8050000  2650501830     1565001          1693.61
 2/ 7/2018 12:41:59        1620        1620        1620        1620        5000             1620     8100000  2658601830     1570001          1693.38
 2/ 7/2018 12:42:48        1610        1610        1610        1610        5000             1610     8050000  2666651830     1575001          1693.11
 2/ 7/2018 12:42:55        1620        1620        1620        1620        5000             1620     8100000  2674751830     1580001          1692.88
 2/ 7/2018 12:43:30        1630        1630        1630        1630        5000             1630     8150000  2682901830     1585001          1692.68
 2/ 7/2018 12:44:55        1620        1620        1620        1620        5000             1620     8100000  2691001830     1590001          1692.45
 2/ 7/2018 12:45: 9        1630        1630        1630        1630        5000             1630     8150000  2699151830     1595001          1692.26
 2/ 7/2018 12:45:16        1640        1640        1640        1640        5000             1640     8200000  2707351830     1600001          1692.09
 2/ 7/2018 12:46:40        1650        1650        1650        1650        5000             1650     8250000  2715601830     1605001          1691.96
 2/ 7/2018 12:47: 8        1630        1630        1630        1630        5000             1630     8150000  2723751830     1610001          1691.77
 2/ 7/2018 12:49: 7        1620        1620        1620        1620        5000             1620     8100000  2731851830     1615001          1691.55
 2/ 7/2018 12:50:35        1630        1630        1630        1630        5000             1630     8150000  2740001830     1620001          1691.36
 2/ 7/2018 12:52:20        1620        1620        1620        1620        5000             1620     8100000  2748101830     1625001          1691.14
 2/ 7/2018 12:53:51        1610        1610        1610        1610        5000             1610     8050000  2756151830     1630001          1690.89
 2/ 7/2018 12:55:46        1620        1620        1620        1620        5000             1620     8100000  2764251830     1635001          1690.67
 2/ 7/2018 12:56: 5        1630        1630        1630        1630        5000             1630     8150000  2772401830     1640001          1690.49
 2/ 7/2018 12:56:14        1620        1620        1620        1620        5000             1620     8100000  2780501830     1645001          1690.27
 2/ 7/2018 12:57:35        1630        1630        1630        1630        5000             1630     8150000  2788651830     1650001          1690.09
 2/ 7/2018 12:57:42        1640        1640        1640        1640        5000             1640     8200000  2796851830     1655001          1689.94
 2/ 7/2018 14: 0: 1        1540        1540        1540        1540        5000             1540     7700000  2804551830     1660001          1689.49
 2/ 7/2018 14: 2: 5        1550        1550        1550        1550        5000             1550     7750000  2812301830     1665001          1689.07
 2/ 7/2018 14: 4:53        1560        1560        1560        1560        5000             1560     7800000  2820101830     1670001          1688.68
 2/ 7/2018 14: 6: 4        1550        1550        1550        1550        5000             1550     7750000  2827851830     1675001          1688.27
 2/ 7/2018 14: 7:25        1560        1560        1560        1560        5000             1560     7800000  2835651830     1680001          1687.89
 2/ 7/2018 14: 8:49        1550        1550        1550        1550        5000             1550     7750000  2843401830     1685001          1687.48
 2/ 7/2018 14: 9:43        1540        1540        1540        1540        5000             1540     7700000  2851101830     1690001          1687.04
 2/ 7/2018 14:10:28        1550        1550        1550        1550        5000             1550     7750000  2858851830     1695001          1686.64
 2/ 7/2018 14:11:52        1540        1540        1540        1540        5000             1540     7700000  2866551830     1700001          1686.21
 2/ 7/2018 14:12:27        1550        1550        1550        1550        5000             1550     7750000  2874301830     1705001          1685.81
 2/ 7/2018 14:14: 5        1560        1560        1560        1560        5000             1560     7800000  2882101830     1710001          1685.44
 2/ 7/2018 14:15:30        1570        1570        1570        1570        5000             1570     7850000  2889951830     1715001           1685.1
 2/ 7/2018 14:16: 5        1580        1580        1580        1580        5000             1580     7900000  2897851830     1720001           1684.8
 2/ 7/2018 14:16:12        1570        1570        1570        1570        5000             1570     7850000  2905701830     1725001          1684.46
 2/ 7/2018 14:16:19        1580        1580        1580        1580        5000             1580     7900000  2913601830     1730001          1684.16
 2/ 7/2018 14:16:40        1570        1570        1570        1570        5000             1570     7850000  2921451830     1735001          1683.83
 2/ 7/2018 14:20:26        1580        1580        1580        1580        5000             1580     7900000  2929351830     1740001          1683.53
 2/ 7/2018 14:21: 9        1570        1570        1570        1570        5000             1570     7850000  2937201830     1745001          1683.21
 2/ 7/2018 14:22:41        1560        1560        1560        1560        5000             1560     7800000  2945001830     1750001          1682.86
 2/ 7/2018 14:22:48        1550        1550        1550        1550        5000             1550     7750000  2952751830     1755001          1682.48
 2/ 7/2018 14:23: 2        1540        1540        1540        1540        5000             1540     7700000  2960451830     1760001          1682.07
 2/ 7/2018 14:24:19        1530        1530        1530        1530        5000             1530     7650000  2968101830     1765001          1681.64
 2/ 7/2018 14:27:37        1540        1540        1540        1540        5000             1540     7700000  2975801830     1770001          1681.24
 2/ 7/2018 14:28: 5        1550        1550        1550        1550        5000             1550     7750000  2983551830     1775001          1680.87
 2/ 7/2018 14:29: 1        1540        1540        1540        1540        5000             1540     7700000  2991251830     1780001          1680.48
 2/ 7/2018 14:30: 4        1550        1550        1550        1550        5000             1550     7750000  2999001830     1785001          1680.11
 2/ 7/2018 14:30:34        1560        1560        1560        1560        5000             1560     7800000  3006801830     1790001          1679.78
 2/ 7/2018 14:32:22        1570        1570        1570        1570        5000             1570     7850000  3014651830     1795001          1679.47
 2/ 7/2018 14:34: 9        1560        1560        1560        1560        5000             1560     7800000  3022451830     1800001          1679.14
 2/ 7/2018 14:37:58        1550        1550        1550        1550        5000             1550     7750000  3030201830     1805001          1678.78
 2/ 7/2018 14:41: 8        1540        1540        1540        1540        5000             1540     7700000  3037901830     1810001           1678.4
 2/ 7/2018 14:43:22        1550        1550        1550        1550        5000             1550     7750000  3045651830     1815001          1678.04
 2/ 7/2018 14:46:37        1560        1560        1560        1560        5000             1560     7800000  3053451830     1820001          1677.72
 2/ 7/2018 14:48: 8        1550        1550        1550        1550        5000             1550     7750000  3061201830     1825001          1677.37
 2/ 7/2018 14:48:22        1540        1540        1540        1540        5000             1540     7700000  3068901830     1830001          1676.99
 2/ 7/2018 14:51:58        1550        1550        1550        1550        5000             1550     7750000  3076651830     1835001          1676.65
 2/ 7/2018 14:53: 1        1540        1540        1540        1540        5000             1540     7700000  3084351830     1840001          1676.28
 2/ 7/2018 14:55:16        1550        1550        1550        1550        5000             1550     7750000  3092101830     1845001          1675.94
 2/ 7/2018 14:57:36        1540        1540        1540        1540        5000             1540     7700000  3099801830     1850001          1675.57
 2/ 7/2018 15: 0:42        1530        1530        1530        1530        5000             1530     7650000  3107451830     1855001          1675.18
 2/ 7/2018 15: 0:49        1540        1540        1540        1540        5000             1540     7700000  3115151830     1860001          1674.81
 2/ 7/2018 15: 1: 3        1530        1530        1530        1530        5000             1530     7650000  3122801830     1865001          1674.42
 2/ 7/2018 15: 1:17        1540        1540        1540        1540        5000             1540     7700000  3130501830     1870001          1674.06
 2/ 7/2018 15: 2:34        1550        1550        1550        1550        5000             1550     7750000  3138251830     1875001          1673.73
 2/ 7/2018 15: 2:41        1540        1540        1540        1540        5000             1540     7700000  3145951830     1880001          1673.38
 2/ 7/2018 15: 2:55        1550        1550        1550        1550        5000             1550     7750000  3153701830     1885001          1673.05
 2/ 7/2018 15: 4: 5        1570        1570        1570        1570        5000             1570     7850000  3161551830     1890001          1672.78
 2/ 7/2018 15: 4:26        1580        1580        1580        1580        5000             1580     7900000  3169451830     1895001          1672.53
 2/ 7/2018 15: 4:33        1590        1590        1590        1590        5000             1590     7950000  3177401830     1900001          1672.32
 2/ 7/2018 15: 5:15        1600        1600        1600        1600        5000             1600     8000000  3185401830     1905001          1672.13
 2/ 7/2018 15: 5:43        1610        1610        1610        1610        5000             1610     8050000  3193451830     1910001          1671.96
 2/ 7/2018 15: 6:39        1620        1620        1620        1620        5000             1620     8100000  3201551830     1915001          1671.83
 2/ 7/2018 15: 7:14        1610        1610        1610        1610        5000             1610     8050000  3209601830     1920001          1671.67
 2/ 7/2018 15: 7:42        1590        1590        1590        1590        5000             1590     7950000  3217551830     1925001          1671.45
 2/ 7/2018 15:11:19        1600        1600        1600        1600        5000             1600     8000000  3225551830     1930001          1671.27
 2/ 7/2018 15:11:54        1590        1590        1590        1590        5000             1590     7950000  3233501830     1935001          1671.06
 2/ 7/2018 15:12:57        1600        1600        1600        1600        5000             1600     8000000  3241501830     1940001          1670.88
 2/ 7/2018 15:18:26        1610        1610        1610        1610        5000             1610     8050000  3249551830     1945001          1670.72
 2/ 7/2018 15:19:55        1620        1620        1620        1620        5000             1620     8100000  3257651830     1950001          1670.59
 2/ 7/2018 15:20:37        1610        1610        1610        1610        5000             1610     8050000  3265701830     1955001          1670.43
 2/ 7/2018 15:22:29        1600        1600        1600        1600        5000             1600     8000000  3273701830     1960001          1670.26
 2/ 7/2018 15:23:18        1610        1610        1610        1610        5000             1610     8050000  3281751830     1965001           1670.1
 2/ 7/2018 15:23:53        1600        1600        1600        1600        5000             1600     8000000  3289751830     1970001          1669.92
 2/ 7/2018 15:26:27        1610        1610        1610        1610        5000             1610     8050000  3297801830     1975001          1669.77
 2/ 7/2018 15:27:23        1600        1600        1600        1600        5000             1600     8000000  3305801830     1980001           1669.6
 2/ 7/2018 15:27:30        1610        1610        1610        1610        5000             1610     8050000  3313851830     1985001          1669.45
 2/ 7/2018 15:28:15        1600        1600        1600        1600        5000             1600     8000000  3321851830     1990001          1669.27
 2/ 7/2018 15:28:29        1610        1610        1610        1610        5000             1610     8050000  3329901830     1995001          1669.12
 2/ 7/2018 15:30:35        1620        1620        1620        1620        5000             1620     8100000  3338001830     2000001             1669
 2/ 7/2018 15:30:42        1610        1610        1610        1610        5000             1610     8050000  3346051830     2005001          1668.85
 2/ 7/2018 15:31: 3        1620        1620        1620        1620        5000             1620     8100000  3354151830     2010001          1668.73
 2/ 7/2018 15:31:24        1610        1610        1610        1610        5000             1610     8050000  3362201830     2015001          1668.59
 2/ 7/2018 15:31:31        1620        1620        1620        1620        5000             1620     8100000  3370301830     2020001          1668.47
 2/ 7/2018 15:31:38        1610        1610        1610        1610        5000             1610     8050000  3378351830     2025001          1668.32
 2/ 7/2018 15:33: 3        1620        1620        1620        1620        5000             1620     8100000  3386451830     2030001           1668.2
 2/ 7/2018 15:33:17        1610        1610        1610        1610        5000             1610     8050000  3394501830     2035001          1668.06
 2/ 7/2018 15:33:59        1600        1600        1600        1600        5000             1600     8000000  3402501830     2040001          1667.89
 2/ 7/2018 15:34: 6        1580        1580        1580        1580        5000             1580     7900000  3410401830     2045001          1667.68
 2/ 7/2018 15:35:44        1590        1590        1590        1590        5000             1590     7950000  3418351830     2050001          1667.49
 2/ 7/2018 15:37:50        1580        1580        1580        1580        5000             1580     7900000  3426251830     2055001          1667.28
 2/ 7/2018 15:37:57        1570        1570        1570        1570        5000             1570     7850000  3434101830     2060001          1667.04
 2/ 7/2018 15:39: 7        1580        1580        1580        1580        5000             1580     7900000  3442001830     2065001          1666.83
 2/ 7/2018 15:39:42        1570        1570        1570        1570        5000             1570     7850000  3449851830     2070001          1666.59
 2/ 7/2018 15:41:20        1580        1580        1580        1580        5000             1580     7900000  3457751830     2075001          1666.39
 2/ 7/2018 15:41:27        1570        1570        1570        1570        5000             1570     7850000  3465601830     2080001          1666.15
 2/ 7/2018 15:45:32        1580        1580        1580        1580        5000             1580     7900000  3473501830     2085001          1665.95
 2/ 7/2018 15:45:39        1570        1570        1570        1570        5000             1570     7850000  3481351830     2090001          1665.72
 2/ 7/2018 15:46: 0        1580        1580        1580        1580        5000             1580     7900000  3489251830     2095001          1665.51
 2/ 7/2018 15:46:21        1590        1590        1590        1590        5000             1590     7950000  3497201830     2100001          1665.33
 2/ 7/2018 15:46:35        1600        1600        1600        1600        5000             1600     8000000  3505201830     2105001          1665.18
 2/ 7/2018 15:48:22        1610        1610        1610        1610        5000             1610     8050000  3513251830     2110001          1665.05
 2/ 7/2018 15:50:21        1600        1600        1600        1600        5000             1600     8000000  3521251830     2115001          1664.89
 2/ 7/2018 16: 0:37        1590        1590        1590        1590        5000             1590     7950000  3529201830     2120001          1664.72
 2/ 7/2018 16: 1: 8        1580        1580        1580        1580        5000             1580     7900000  3537101830     2125001          1664.52
 2/ 7/2018 16: 2:25        1570        1570        1570        1570        5000             1570     7850000  3544951830     2130001           1664.3
 2/ 7/2018 16: 4:11        1560        1560        1560        1560        5000             1560     7800000  3552751830     2135001          1664.05
 2/ 7/2018 16: 4:46        1570        1570        1570        1570        5000             1570     7850000  3560601830     2140001          1663.83
 2/ 7/2018 16: 5:10        1580        1580        1580        1580        5000             1580     7900000  3568501830     2145001          1663.64
 2/ 7/2018 16: 7:45        1570        1570        1570        1570        5000             1570     7850000  3576351830     2150001          1663.42
 2/ 7/2018 16:11:15        1580        1580        1580        1580        5000             1580     7900000  3584251830     2155001          1663.23
 2/ 7/2018 16:11:50        1570        1570        1570        1570        5000             1570     7850000  3592101830     2160001          1663.01
 2/ 7/2018 16:12:18        1580        1580        1580        1580        5000             1580     7900000  3600001830     2165001          1662.82
 2/ 7/2018 16:13:35        1590        1590        1590        1590        5000             1590     7950000  3607951830     2170001          1662.65
 2/ 7/2018 16:15:13        1600        1600        1600        1600        5000             1600     8000000  3615951830     2175001          1662.51
 2/ 7/2018 16:19:18        1610        1610        1610        1610        5000             1610     8050000  3624001830     2180001          1662.39
 2/ 7/2018 16:20:14        1620        1620        1620        1620        5000             1620     8100000  3632101830     2185001          1662.29
 2/ 7/2018 16:20:28        1630        1630        1630        1630        5000             1630     8150000  3640251830     2190001          1662.21
 2/ 7/2018 16:23:16        1640        1640        1640        1640        5000             1640     8200000  3648451830     2195001          1662.16
 2/ 7/2018 16:23:30        1630        1630        1630        1630        5000             1630     8150000  3656601830     2200001          1662.09
 2/ 7/2018 16:24: 5        1620        1620        1620        1620        5000             1620     8100000  3664701830     2205001             1662
 2/ 7/2018 16:24:12        1630        1630        1630        1630        5000             1630     8150000  3672851830     2210001          1661.92
 2/ 7/2018 16:24:19        1620        1620        1620        1620        5000             1620     8100000  3680951830     2215001          1661.83
 2/ 7/2018 16:24:33        1630        1630        1630        1630        5000             1630     8150000  3689101830     2220001          1661.76
 2/ 7/2018 16:24:47        1620        1620        1620        1620        5000             1620     8100000  3697201830     2225001          1661.66
 2/ 7/2018 16:30:30        1610        1610        1610        1610        5000             1610     8050000  3705251830     2230001          1661.55
 2/ 7/2018 16:31: 5        1620        1620        1620        1620        5000             1620     8100000  3713351830     2235001          1661.45
 2/ 7/2018 16:31:19        1630        1630        1630        1630        5000             1630     8150000  3721501830     2240001          1661.38
 2/ 7/2018 16:32:22        1620        1620        1620        1620        5000             1620     8100000  3729601830     2245001          1661.29
 2/ 7/2018 16:33:39        1610        1610        1610        1610        5000             1610     8050000  3737651830     2250001          1661.18
 2/ 7/2018 16:34:28        1600        1600        1600        1600        5000             1600     8000000  3745651830     2255001          1661.04
 2/ 7/2018 16:34:35        1590        1590        1590        1590        5000             1590     7950000  3753601830     2260001          1660.89
 2/ 7/2018 16:34:42        1600        1600        1600        1600        5000             1600     8000000  3761601830     2265001          1660.75
 2/ 7/2018 16:35: 3        1590        1590        1590        1590        5000             1590     7950000  3769551830     2270001          1660.59
 2/ 7/2018 16:36:27        1580        1580        1580        1580        5000             1580     7900000  3777451830     2275001          1660.42
 2/ 7/2018 16:36:55        1570        1570        1570        1570        5000             1570     7850000  3785301830     2280001          1660.22
 2/ 7/2018 16:38:26        1560        1560        1560        1560        5000             1560     7800000  3793101830     2285001             1660
 2/ 7/2018 16:39:15        1570        1570        1570        1570        5000             1570     7850000  3800951830     2290001           1659.8
 2/ 7/2018 16:39:22        1560        1560        1560        1560        5000             1560     7800000  3808751830     2295001          1659.59
 2/ 7/2018 16:41: 0        1570        1570        1570        1570        5000             1570     7850000  3816601830     2300001          1659.39
 2/ 7/2018 16:43:13        1560        1560        1560        1560        5000             1560     7800000  3824401830     2305001          1659.18
 2/ 7/2018 16:43:20        1570        1570        1570        1570        5000             1570     7850000  3832251830     2310001          1658.98
 2/ 7/2018 16:44:26        1580        1580        1580        1580        5000             1580     7900000  3840151830     2315001          1658.81
 2/ 7/2018 16:45:29        1590        1590        1590        1590        5000             1590     7950000  3848101830     2320001          1658.66
 2/ 7/2018 16:45:50        1580        1580        1580        1580        5000             1580     7900000  3856001830     2325001          1658.49
 2/ 7/2018 16:46: 4        1570        1570        1570        1570        5000             1570     7850000  3863851830     2330001           1658.3
 2/ 7/2018 16:46:18        1580        1580        1580        1580        5000             1580     7900000  3871751830     2335001          1658.14
 2/ 7/2018 16:47:14        1570        1570        1570        1570        5000             1570     7850000  3879601830     2340001          1657.95
 2/ 7/2018 16:47:21        1550        1550        1550        1550        5000             1550     7750000  3887351830     2345001          1657.72
 2/ 7/2018 16:47:35        1540        1540        1540        1540        5000             1540     7700000  3895051830     2350001          1657.47
 2/ 7/2018 16:47:42        1530        1530        1530        1530        5000             1530     7650000  3902701830     2355001           1657.2
 2/ 7/2018 16:48:10        1540        1540        1540        1540        5000             1540     7700000  3910401830     2360001          1656.95
 2/ 7/2018 16:50:16        1550        1550        1550        1550        5000             1550     7750000  3918151830     2365001          1656.72
 2/ 7/2018 16:50:30        1560        1560        1560        1560        5000             1560     7800000  3925951830     2370001          1656.52
 2/ 7/2018 16:50:51        1570        1570        1570        1570        5000             1570     7850000  3933801830     2375001          1656.34
 2/ 7/2018 16:51:26        1580        1580        1580        1580        5000             1580     7900000  3941701830     2380001          1656.18
 2/ 7/2018 16:51:33        1570        1570        1570        1570        5000             1570     7850000  3949551830     2385001             1656
 2/ 7/2018 16:51:40        1580        1580        1580        1580        5000             1580     7900000  3957451830     2390001          1655.84
 2/ 7/2018 16:52: 8        1560        1560        1560        1560        5000             1560     7800000  3965251830     2395001          1655.64
 2/ 7/2018 16:53:39        1570        1570        1570        1570        5000             1570     7850000  3973101830     2400001          1655.46
 2/ 7/2018 16:54: 7        1580        1580        1580        1580        5000             1580     7900000  3981001830     2405001           1655.3
 2/ 7/2018 16:57:31        1570        1570        1570        1570        5000             1570     7850000  3988851830     2410001          1655.12
 2/ 7/2018 16:59: 9        1560        1560        1560        1560        5000             1560     7800000  3996651830     2415001          1654.93
 2/ 7/2018 17: 0: 2        1550        1550        1550        1550        5000             1550     7750000  4004401830     2420001          1654.71
 2/ 7/2018 17: 0: 9        1540        1540        1540        1540        5000             1540     7700000  4012101830     2425001          1654.47
 2/ 7/2018 17: 0:16        1550        1550        1550        1550        5000             1550     7750000  4019851830     2430001          1654.26
 2/ 7/2018 17: 0:23        1540        1540        1540        1540        5000             1540     7700000  4027551830     2435001          1654.02
 2/ 7/2018 17: 0:51        1530        1530        1530        1530        5000             1530     7650000  4035201830     2440001          1653.77
 2/ 7/2018 17: 1: 5        1540        1540        1540        1540        5000             1540     7700000  4042901830     2445001          1653.54
 2/ 7/2018 17: 1:26        1530        1530        1530        1530        5000             1530     7650000  4050551830     2450001          1653.29
 2/ 7/2018 17: 1:40        1540        1540        1540        1540        5000             1540     7700000  4058251830     2455001          1653.06
 2/ 7/2018 17: 1:47        1550        1550        1550        1550        5000             1550     7750000  4066001830     2460001          1652.85
 2/ 7/2018 17: 2: 8        1540        1540        1540        1540        5000             1540     7700000  4073701830     2465001          1652.62
 2/ 7/2018 17: 2:15        1550        1550        1550        1550        5000             1550     7750000  4081451830     2470001          1652.41
 2/ 7/2018 17: 2:29        1540        1540        1540        1540        5000             1540     7700000  4089151830     2475001          1652.18
 2/ 7/2018 17: 2:50        1550        1550        1550        1550        5000             1550     7750000  4096901830     2480001          1651.98
 2/ 7/2018 17: 3: 4        1560        1560        1560        1560        5000             1560     7800000  4104701830     2485001          1651.79
 2/ 7/2018 17: 3:11        1550        1550        1550        1550        5000             1550     7750000  4112451830     2490001          1651.59
 2/ 7/2018 17: 3:39        1560        1560        1560        1560        5000             1560     7800000  4120251830     2495001           1651.4
 2/ 7/2018 17: 4: 7        1550        1550        1550        1550        5000             1550     7750000  4128001830     2500001           1651.2
 2/ 7/2018 17: 4:14        1560        1560        1560        1560        5000             1560     7800000  4135801830     2505001          1651.02
 2/ 7/2018 17: 4:49        1550        1550        1550        1550        5000             1550     7750000  4143551830     2510001          1650.82
 2/ 7/2018 17: 5: 3        1540        1540        1540        1540        5000             1540     7700000  4151251830     2515001           1650.6
 2/ 7/2018 17: 5:38        1550        1550        1550        1550        5000             1550     7750000  4159001830     2520001           1650.4
 2/ 7/2018 17: 5:45        1540        1540        1540        1540        5000             1540     7700000  4166701830     2525001          1650.18
 2/ 7/2018 17: 6:43        1550        1550        1550        1550        5000             1550     7750000  4174451830     2530001          1649.98
 2/ 7/2018 17: 6:50        1540        1540        1540        1540        5000             1540     7700000  4182151830     2535001          1649.76
 2/ 7/2018 17: 8:21        1550        1550        1550        1550        5000             1550     7750000  4189901830     2540001          1649.57
 2/ 7/2018 17: 8:56        1540        1540        1540        1540        5000             1540     7700000  4197601830     2545001          1649.35
 2/ 7/2018 17:10: 6        1550        1550        1550        1550        5000             1550     7750000  4205351830     2550001          1649.16
 2/ 7/2018 17:10:13        1560        1560        1560        1560        5000             1560     7800000  4213151830     2555001          1648.98
 2/ 7/2018 17:12:25        1570        1570        1570        1570        5000             1570     7850000  4221001830     2560001          1648.83
 2/ 7/2018 17:12:39        1560        1560        1560        1560        5000             1560     7800000  4228801830     2565001          1648.66
 2/ 7/2018 17:12:46        1570        1570        1570        1570        5000             1570     7850000  4236651830     2570001           1648.5
 2/ 7/2018 17:14:45        1580        1580        1580        1580        5000             1580     7900000  4244551830     2575001          1648.37
 2/ 7/2018 17:15: 6        1570        1570        1570        1570        5000             1570     7850000  4252401830     2580001          1648.22
 2/ 7/2018 17:16:32        1560        1560        1560        1560        5000             1560     7800000  4260201830     2585001          1648.05
 2/ 7/2018 17:16:51        1550        1550        1550        1550        5000             1550     7750000  4267951830     2590001          1647.86
 2/ 7/2018 17:17: 5        1560        1560        1560        1560        5000             1560     7800000  4275751830     2595001          1647.69
 2/ 7/2018 17:17:47        1550        1550        1550        1550        5000             1550     7750000  4283501830     2600001           1647.5
 2/ 7/2018 17:18:17        1540        1540        1540        1540        5000             1540     7700000  4291201830     2605001          1647.29
 2/ 7/2018 17:18:59        1530        1530        1530        1530        5000             1530     7650000  4298851830     2610001          1647.07
 2/ 7/2018 17:20:30        1540        1540        1540        1540        5000             1540     7700000  4306551830     2615001          1646.86
 2/ 7/2018 17:20:51        1550        1550        1550        1550        5000             1550     7750000  4314301830     2620001          1646.68
 2/ 7/2018 17:21: 5        1540        1540        1540        1540        5000             1540     7700000  4322001830     2625001          1646.48
 2/ 7/2018 17:23:26        1550        1550        1550        1550        5000             1550     7750000  4329751830     2630001          1646.29
 2/ 7/2018 17:24: 8        1540        1540        1540        1540        5000             1540     7700000  4337451830     2635001          1646.09
 2/ 7/2018 17:24:22        1530        1530        1530        1530        5000             1530     7650000  4345101830     2640001          1645.87
 2/ 7/2018 17:24:29        1540        1540        1540        1540        5000             1540     7700000  4352801830     2645001          1645.67
 2/ 7/2018 17:24:57        1530        1530        1530        1530        5000             1530     7650000  4360451830     2650001          1645.45
 2/ 7/2018 17:25: 4        1490        1490        1490        1490        5000             1490     7450000  4367901830     2655001          1645.16
 2/ 7/2018 17:25:18        1500        1500        1500        1500        5000             1500     7500000  4375401830     2660001          1644.89
 2/ 7/2018 17:26: 0        1490        1490        1490        1490        5000             1490     7450000  4382851830     2665001           1644.6
 2/ 7/2018 17:26:14        1500        1500        1500        1500        5000             1500     7500000  4390351830     2670001          1644.33
 2/ 7/2018 17:27: 3        1510        1510        1510        1510        5000             1510     7550000  4397901830     2675001          1644.07
 2/ 7/2018 17:27:31        1520        1520        1520        1520        5000             1520     7600000  4405501830     2680001          1643.84
 2/ 7/2018 17:27:38        1530        1530        1530        1530        5000             1530     7650000  4413151830     2685001          1643.63
 2/ 7/2018 17:27:45        1520        1520        1520        1520        5000             1520     7600000  4420751830     2690001           1643.4
 2/ 7/2018 17:28:20        1510        1510        1510        1510        5000             1510     7550000  4428301830     2695001          1643.15
 2/ 7/2018 17:28:48        1520        1520        1520        1520        5000             1520     7600000  4435901830     2700001          1642.93
 2/ 7/2018 17:29:23        1530        1530        1530        1530        5000             1530     7650000  4443551830     2705001          1642.72
 2/ 7/2018 17:29:30        1520        1520        1520        1520        5000             1520     7600000  4451151830     2710001          1642.49
 2/ 7/2018 17:30: 5        1510        1510        1510        1510        5000             1510     7550000  4458701830     2715001          1642.25
 2/ 7/2018 17:31:29        1520        1520        1520        1520        5000             1520     7600000  4466301830     2720001          1642.02
 2/ 7/2018 17:31:57        1510        1510        1510        1510        5000             1510     7550000  4473851830     2725001          1641.78
 2/ 7/2018 17:32:11        1500        1500        1500        1500        5000             1500     7500000  4481351830     2730001          1641.52
 2/ 7/2018 17:32:22        1510        1510        1510        1510        5000             1510     7550000  4488901830     2735001          1641.28
 2/ 7/2018 17:32:43        1490        1490        1490        1490        5000             1490     7450000  4496351830     2740001             1641
 2/ 7/2018 17:32:50        1500        1500        1500        1500        5000             1500     7500000  4503851830     2745001          1640.75
 2/ 7/2018 17:33:25        1510        1510        1510        1510        5000             1510     7550000  4511401830     2750001          1640.51
 2/ 7/2018 17:33:39        1500        1500        1500        1500        5000             1500     7500000  4518901830     2755001          1640.25
 2/ 7/2018 17:33:46        1490        1490        1490        1490        5000             1490     7450000  4526351830     2760001          1639.98
 2/ 7/2018 17:34: 0        1500        1500        1500        1500        5000             1500     7500000  4533851830     2765001          1639.73
 2/ 7/2018 17:34: 7        1510        1510        1510        1510        5000             1510     7550000  4541401830     2770001          1639.49
 2/ 7/2018 17:34:14        1500        1500        1500        1500        5000             1500     7500000  4548901830     2775001          1639.24
 2/ 7/2018 17:34:28        1490        1490        1490        1490        5000             1490     7450000  4556351830     2780001          1638.97
 2/ 7/2018 17:34:56        1500        1500        1500        1500        5000             1500     7500000  4563851830     2785001          1638.73
 2/ 7/2018 17:35: 3        1490        1490        1490        1490        5000             1490     7450000  4571301830     2790001          1638.46
 2/ 7/2018 17:35:52        1500        1500        1500        1500        5000             1500     7500000  4578801830     2795001          1638.21
 2/ 7/2018 17:36:20        1490        1490        1490        1490        5000             1490     7450000  4586251830     2800001          1637.95
 2/ 7/2018 17:36:55        1500        1500        1500        1500        5000             1500     7500000  4593751830     2805001           1637.7
 2/ 7/2018 17:37:23        1490        1490        1490        1490        5000             1490     7450000  4601201830     2810001          1637.44
 2/ 7/2018 17:37:51        1500        1500        1500        1500        5000             1500     7500000  4608701830     2815001          1637.19
 2/ 7/2018 17:37:58        1490        1490        1490        1490        5000             1490     7450000  4616151830     2820001          1636.93
 2/ 7/2018 17:38:26        1500        1500        1500        1500        5000             1500     7500000  4623651830     2825001          1636.69
 2/ 7/2018 17:39:57        1490        1490        1490        1490        5000             1490     7450000  4631101830     2830001          1636.43
 2/ 7/2018 17:40:18        1500        1500        1500        1500        5000             1500     7500000  4638601830     2835001          1636.19
 2/ 7/2018 17:40:46        1490        1490        1490        1490        5000             1490     7450000  4646051830     2840001          1635.93
 2/ 7/2018 17:41:42        1500        1500        1500        1500        5000             1500     7500000  4653551830     2845001          1635.69
 2/ 7/2018 17:43: 6        1490        1490        1490        1490        5000             1490     7450000  4661001830     2850001          1635.44
 2/ 7/2018 17:43:25        1500        1500        1500        1500        5000             1500     7500000  4668501830     2855001           1635.2
 2/ 7/2018 17:44:49        1510        1510        1510        1510        5000             1510     7550000  4676051830     2860001          1634.98
 2/ 7/2018 17:45:10        1500        1500        1500        1500        5000             1500     7500000  4683551830     2865001          1634.75
 2/ 7/2018 17:45:31        1510        1510        1510        1510        5000             1510     7550000  4691101830     2870001          1634.53
 2/ 7/2018 17:45:45        1500        1500        1500        1500        5000             1500     7500000  4698601830     2875001           1634.3
 2/ 7/2018 17:46: 6        1510        1510        1510        1510        5000             1510     7550000  4706151830     2880001          1634.08
 2/ 7/2018 17:46:27        1520        1520        1520        1520        5000             1520     7600000  4713751830     2885001          1633.88
 2/ 7/2018 17:47:16        1530        1530        1530        1530        5000             1530     7650000  4721401830     2890001           1633.7
 2/ 7/2018 17:47:30        1520        1520        1520        1520        5000             1520     7600000  4729001830     2895001          1633.51
 2/ 7/2018 17:48:12        1510        1510        1510        1510        5000             1510     7550000  4736551830     2900001          1633.29
 2/ 7/2018 17:49:59        1520        1520        1520        1520        5000             1520     7600000  4744151830     2905001           1633.1
 2/ 7/2018 17:51: 9        1530        1530        1530        1530        5000             1530     7650000  4751801830     2910001          1632.92
 2/ 7/2018 17:51:30        1540        1540        1540        1540        5000             1540     7700000  4759501830     2915001          1632.76
 2/ 7/2018 17:53:38        1530        1530        1530        1530        5000             1530     7650000  4767151830     2920001          1632.59
 2/ 7/2018 17:54:13        1540        1540        1540        1540        5000             1540     7700000  4774851830     2925001          1632.43
 2/ 7/2018 17:55: 9        1550        1550        1550        1550        5000             1550     7750000  4782601830     2930001          1632.29
 2/ 7/2018 17:55:16        1560        1560        1560        1560        5000             1560     7800000  4790401830     2935001          1632.16
 2/ 7/2018 17:57:46        1570        1570        1570        1570        5000             1570     7850000  4798251830     2940001          1632.06
 2/ 7/2018 17:57:53        1560        1560        1560        1560        5000             1560     7800000  4806051830     2945001          1631.94
 2/ 7/2018 17:58:16        1550        1550        1550        1550        5000             1550     7750000  4813801830     2950001           1631.8
 2/ 7/2018 17:58:44        1560        1560        1560        1560        5000             1560     7800000  4821601830     2955001          1631.68
 2/ 7/2018 17:59:12        1550        1550        1550        1550        5000             1550     7750000  4829351830     2960001          1631.54
