         Date              Open        High         Low       Close      Volume    Typical Price         V*P    Total VP     Total V            VWAP
 2/ 7/2018 10: 0: 1        1000        1000        1000        1000        6231             1000     6231000     6231000        6231             1000
 2/ 7/2018 10: 0:34         690         690         690         690       25000              690    17250000    23481000       31231          751.849
 2/ 7/2018 10: 1: 5         700         700         700         700       25000              700    17500000    40981000       56231          728.797
 2/ 7/2018 10: 1:26         720         720         720         720       25000              720    18000000    58981000       81231           726.09
 2/ 7/2018 10: 1:28         710         710         710         710       25000              710    17750000    76731000      106231          722.303
 2/ 7/2018 10: 1:29         720         720         720         720       25000              720    18000000    94731000      131231          721.864
 2/ 7/2018 10: 1:30         710         710         710         710       25000              710    17750000   112481000      156231          719.966
 2/ 7/2018 10: 1:31         720         720         720         720       25000              720    18000000   130481000      181231          719.971
 2/ 7/2018 10: 1:32         710         710         710         710       25000              710    17750000   148231000      206231          718.762
 2/ 7/2018 10: 1:33         720         720         720         720       25000              720    18000000   166231000      231231          718.896
 2/ 7/2018 10: 1:34         710         710         710         710       25000              710    17750000   183981000      256231          718.028
 2/ 7/2018 10: 2:24         730         730         730         730       24850              730    18140500   202121500      281081          719.086
 2/ 7/2018 10: 2:26         720         720         720         720       24850              720    17892000   220013500      305931          719.161
 2/ 7/2018 10: 2:28         710         710         710         710       24850              710    17643500   237657000      330781          718.472
 2/ 7/2018 10: 2:33         720         720         720         720       24850              720    17892000   255549000      355631          718.579
 2/ 7/2018 10: 2:36         730         730         730         730       24850              730    18140500   273689500      380481          719.325
 2/ 7/2018 10: 2:38         720         720         710         710       24850          713.333    17726333   291415833      405331          718.958
 2/ 7/2018 10: 2:50         720         720         720         720       24850              720    17892000   309307833      430181          719.018
 2/ 7/2018 10: 2:52         730         730         720         720       24850          723.333    17974833   327282666      455031          719.254
 2/ 7/2018 10: 2:53         730         730         720         720       24850          723.333    17974833   345257499      479881          719.465
 2/ 7/2018 10: 3: 1         730         730         730         730       24850              730    18140500   363397999      504731          719.984
 2/ 7/2018 10: 3: 2         720         720         720         720       24850              720    17892000   381289999      529581          719.984
 2/ 7/2018 10: 3: 7         730         730         730         730       24850              730    18140500   399430499      554431          720.433
 2/ 7/2018 10: 3: 9         720         720         720         720       24850              720    17892000   417322499      579281          720.415
 2/ 7/2018 10: 3:41         730         730         730         730       24850              730    18140500   435462999      604131          720.809
 2/ 7/2018 10: 3:50         720         730         720         730       24850          726.667    18057666   453520665      628981           721.04
 2/ 7/2018 10: 3:54         720         720         720         720       24850              720    17892000   471412665      653831          721.001
 2/ 7/2018 10: 3:58         730         730         730         730       24850              730    18140500   489553165      678681           721.33
 2/ 7/2018 10: 4:40         750         750         740         740       24850          743.333    18471833   508024998      703531          722.107
 2/ 7/2018 10: 5: 8         750         750         750         750       24850              750    18637500   526662498      728381          723.059
 2/ 7/2018 10: 5:19         760         760         760         760       24850              760    18886000   545548498      753231          724.278
 2/ 7/2018 10: 5:21         750         750         750         750       24850              750    18637500   564185998      778081          725.099
 2/ 7/2018 10: 5:32         770         770         770         770       24850              770    19134500   583320498      802931          726.489
 2/ 7/2018 10: 5:33         760         760         760         760       24850              760    18886000   602206498      827781          727.495
 2/ 7/2018 10: 6: 0         750         750         750         750       24850              750    18637500   620843998      852631          728.151
 2/ 7/2018 10: 6:25         740         740         740         740       24850              740    18389000   639232998      877481          728.486
 2/ 7/2018 10: 7: 3         750         750         750         750       24850              750    18637500   657870498      902331          729.079
 2/ 7/2018 10: 7: 4         740         740         740         740       24850              740    18389000   676259498      927181          729.372
 2/ 7/2018 10: 7:17         750         750         750         750       24850              750    18637500   694896998      952031           729.91
 2/ 7/2018 10: 7:59         760         760         760         760       24850              760    18886000   713782998      976881          730.675
 2/ 7/2018 10: 8: 0         750         750         750         750       24850              750    18637500   732420498     1001731          731.155
 2/ 7/2018 10: 8: 8         740         740         740         740         100              740       74000   732494498     1001831          731.156
 2/ 7/2018 10: 8:17         760         760         760         760       24850              760    18886000   751380498     1026681          731.854
 2/ 7/2018 10: 8:18         750         750         750         750       24850              750    18637500   770017998     1051531          732.283
 2/ 7/2018 10: 9:25         760         760         750         750       24850          753.333    18720333   788738331     1076381          732.769
 2/ 7/2018 10:10:34         710         710         710         710           1              710         710   788739041     1076382          732.769
 2/ 7/2018 10:10:49         720         720         720         720           1              720         720   788739761     1076383          732.769
 2/ 7/2018 10:11: 3         730         730         730         730           1              730         730   788740491     1076384          732.769
 2/ 7/2018 10:11: 9         740         740         740         740       24750              740    18315000   807055491     1101134          732.931
 2/ 7/2018 10:12:46         760         760         760         760       24749              760    18809240   825864731     1125883          733.526
 2/ 7/2018 10:12:47         750         750         750         750       24749              750    18561750   844426481     1150632          733.881
 2/ 7/2018 10:14:21         740         740         740         740       24749              740    18314260   862740741     1175381          734.009
 2/ 7/2018 10:15:54         730         730         730         730       24749              730    18066770   880807511     1200130          733.927
 2/ 7/2018 10:17:50         720         720         720         720       24599              720    17711280   898518791     1224729          733.647
 2/ 7/2018 10:18:26         710         710         710         710       24599              710    17465290   915984081     1249328          733.181
 2/ 7/2018 10:18:46         700         720         700         720       24599          713.333    17547286   933531367     1273927          732.798
 2/ 7/2018 10:18:47         700         700         700         700       24599              700    17219300   950750667     1298526          732.177
 2/ 7/2018 10:18:56         710         710         710         710       24599              710    17465290   968215957     1323125          731.765
 2/ 7/2018 10:18:57         700         700         700         700       24599              700    17219300   985435257     1347724          731.185
 2/ 7/2018 10:20: 1         710         710         710         710       24599              710    17465290  1002900547     1372323          730.805
 2/ 7/2018 10:20:21         700         700         700         700       24599              700    17219300  1020119847     1396922          730.263
 2/ 7/2018 10:20:24         710         710         710         710       24599              710    17465290  1037585137     1421521          729.912
 2/ 7/2018 10:20:29         720         720         720         720       24599              720    17711280  1055296417     1446120          729.743
 2/ 7/2018 10:20:30         710         710         710         710       24599              710    17465290  1072761707     1470719          729.413
 2/ 7/2018 10:20:31         720         720         720         720       24599              720    17711280  1090472987     1495318          729.258
 2/ 7/2018 10:20:32         710         710         710         710       24599              710    17465290  1107938277     1519917          728.947
 2/ 7/2018 10:20:33         720         720         720         720       24599              720    17711280  1125649557     1544516          728.804
 2/ 7/2018 10:20:34         710         710         710         710       24599              710    17465290  1143114847     1569115          728.509
 2/ 7/2018 10:20:39         720         720         720         720       24599              720    17711280  1160826127     1593714          728.378
 2/ 7/2018 10:20:40         710         710         710         710       24599              710    17465290  1178291417     1618313          728.099
 2/ 7/2018 10:20:42         720         720         710         710       24599          713.333    17547286  1195838703     1642912          727.878
 2/ 7/2018 10:20:54         730         730         720         720       24599          723.333    17793276  1213631979     1667511           727.81
 2/ 7/2018 10:20:57         730         730         730         730       24599              730    17957270  1231589249     1692110          727.842
 2/ 7/2018 10:20:58         720         720         720         720       24599              720    17711280  1249300529     1716709           727.73
 2/ 7/2018 10:21: 1         730         730         730         730       24599              730    17957270  1267257799     1741308          727.762
 2/ 7/2018 10:21: 3         720         720         720         720       24599              720    17711280  1284969079     1765907          727.654
 2/ 7/2018 10:21:55         690         690         690         690        2000              690     1380000  1286349079     1767907          727.611
 2/ 7/2018 10:22: 6         730         730         730         730       24599              730    17957270  1304306349     1792506          727.644
 2/ 7/2018 10:22: 7         720         730         720         730       24599          726.667    17875273  1322181622     1817105          727.631
 2/ 7/2018 10:22: 8         720         720         720         720       24599              720    17711280  1339892902     1841704          727.529
 2/ 7/2018 10:22: 9         730         730         720         720       24599          723.333    17793276  1357686178     1866303          727.474
 2/ 7/2018 10:22:21         730         730         730         730         599              730      437270  1358123448     1866902          727.474
 2/ 7/2018 10:22:32         730         730         730         730       25000              730    18250000  1376373448     1891902          727.508
 2/ 7/2018 10:23: 1         720         720         720         720       25000              720    18000000  1394373448     1916902           727.41
 2/ 7/2018 10:23:11         720         720         720         720       25000              720    18000000  1412373448     1941902          727.314
 2/ 7/2018 10:23:19         730         730         730         730       25000              730    18250000  1430623448     1966902          727.349
 2/ 7/2018 10:23:20         740         740         740         740       25000              740    18500000  1449123448     1991902          727.507
 2/ 7/2018 10:23:22         730         730         730         730       25000              730    18250000  1467373448     2016902          727.538
 2/ 7/2018 10:23:24         740         740         740         740       25000              740    18500000  1485873448     2041902          727.691
 2/ 7/2018 10:23:27         730         730         730         730       25000              730    18250000  1504123448     2066902          727.719
 2/ 7/2018 10:27: 3         740         740         740         740       20000              740    14800000  1518923448     2086902          727.837
 2/ 7/2018 10:27: 6         730         730         730         730       20000              730    14600000  1533523448     2106902          727.857
 2/ 7/2018 10:28: 0         740         740         730         730       20000          733.333    14666666  1548190114     2126902          727.909
 2/ 7/2018 10:28: 4         740         740         740         740       20000              740    14800000  1562990114     2146902          728.021
 2/ 7/2018 10:28: 6         730         730         730         730       20000              730    14600000  1577590114     2166902          728.039
 2/ 7/2018 10:28: 7         740         740         730         730       20000          733.333    14666666  1592256780     2186902          728.088
 2/ 7/2018 10:28: 8         740         740         740         740       20000              740    14800000  1607056780     2206902          728.196
 2/ 7/2018 10:28:13         730         730         730         730       20000              730    14600000  1621656780     2226902          728.212
 2/ 7/2018 10:31:16         740         740         740         740       19915              740    14737100  1636393880     2246817          728.316
 2/ 7/2018 10:31:33         730         730         730         730       19915              730    14537950  1650931830     2266732          728.331
 2/ 7/2018 10:32: 7         730         730         730         730       25000              730    18250000  1669181830     2291732          728.349
 2/ 7/2018 10:32:44         740         740         740         740       24000              740    17760000  1686941830     2315732           728.47
 2/ 7/2018 10:33:18         730         730         730         730        4000              730     2920000  1689861830     2319732          728.473
 2/ 7/2018 10:36:40         760         760         760         760        1641              760     1247160  1691108990     2321373          728.495
 2/ 7/2018 10:37:37         730         730         730         730       20000              730    14600000  1705708990     2341373          728.508
 2/ 7/2018 10:38:17         740         740         740         740       20000              740    14800000  1720508990     2361373          728.605
 2/ 7/2018 10:38:34         730         730         730         730       20000              730    14600000  1735108990     2381373          728.617
 2/ 7/2018 10:39:34         730         730         730         730        1641              730     1197930  1736306920     2383014          728.618
 2/ 7/2018 10:40:12         730         730         730         730       20000              730    14600000  1750906920     2403014           728.63
 2/ 7/2018 10:40:23         730         730         730         730       25000              730    18250000  1769156920     2428014          728.644
 2/ 7/2018 10:41:10         740         740         740         740       25000              740    18500000  1787656920     2453014          728.759
 2/ 7/2018 10:41:11         730         730         730         730       25000              730    18250000  1805906920     2478014          728.772
 2/ 7/2018 10:41:15         740         740         740         740       25000              740    18500000  1824406920     2503014          728.884
 2/ 7/2018 10:41:16         730         730         730         730       25000              730    18250000  1842656920     2528014          728.895
 2/ 7/2018 10:41:22         730         730         730         730       25000              730    18250000  1860906920     2553014          728.906
 2/ 7/2018 10:41:30         740         740         740         740       25000              740    18500000  1879406920     2578014          729.013
 2/ 7/2018 10:41:40         730         730         730         730       25000              730    18250000  1897656920     2603014          729.023
 2/ 7/2018 10:44:48         710         710         710         710         100              710       71000  1897727920     2603114          729.022
 2/ 7/2018 10:45: 7         720         720         720         720         100              720       72000  1897799920     2603214          729.022
 2/ 7/2018 10:47:23         730         730         730         730        5000              730     3650000  1901449920     2608214          729.024
 2/ 7/2018 10:49:33         760         760         760         760        5000              760     3800000  1905249920     2613214          729.083
 2/ 7/2018 10:50:36         740         740         740         740        1000              740      740000  1905989920     2614214          729.087
 2/ 7/2018 10:50:37         740         740         740         740        1000              740      740000  1906729920     2615214          729.091
 2/ 7/2018 10:50:39         720         720         720         720          20              720       14400  1906744320     2615234          729.091
 2/ 7/2018 10:50:49         740         740         740         740       25000              740    18500000  1925244320     2640234          729.195
 2/ 7/2018 10:51:51         750         750         750         750       25000              750    18750000  1943994320     2665234           729.39
 2/ 7/2018 10:51:52         740         740         740         740       25000              740    18500000  1962494320     2690234          729.488
 2/ 7/2018 10:53:10         750         750         750         750        1000              750      750000  1963244320     2691234          729.496
 2/ 7/2018 10:53:22         750         750         750         750       25000              750    18750000  1981994320     2716234          729.685
 2/ 7/2018 10:53:49         740         740         740         740       25000              740    18500000  2000494320     2741234          729.779
 2/ 7/2018 10:54: 1         740         740         740         740       25000              740    18500000  2018994320     2766234          729.871
 2/ 7/2018 10:54:18         750         750         750         750       20000              750    15000000  2033994320     2786234          730.016
 2/ 7/2018 10:54:23         740         740         740         740       20000              740    14800000  2048794320     2806234          730.087
 2/ 7/2018 10:56:13         730         730         730         730          20              730       14600  2048808920     2806254          730.087
 2/ 7/2018 10:56:15         740         740         740         740           1              740         740  2048809660     2806255          730.087
 2/ 7/2018 10:58:26         740         740         740         740        5000              740     3700000  2052509660     2811255          730.104
 2/ 7/2018 11: 4:47         750         750         750         750       19999              750    14999250  2067508910     2831254          730.245
 2/ 7/2018 11: 5:24         740         740         740         740         200              740      148000  2067656910     2831454          730.246
 2/ 7/2018 11:13:47         770         770         770         770         350              770      269500  2067926410     2831804          730.251
 2/ 7/2018 11:18:17         760         760         760         760          26              760       19760  2067946170     2831830          730.251
 2/ 7/2018 11:22:17         760         760         760         760       18499              760    14059240  2082005410     2850329          730.444
 2/ 7/2018 11:23:45         780         780         780         780          26              780       20280  2082025690     2850355          730.444
 2/ 7/2018 11:24:39         750         750         750         750       18499              750    13874250  2095899940     2868854           730.57
 2/ 7/2018 11:24:51         750         750         750         750       18499              750    13874250  2109774190     2887353          730.695
 2/ 7/2018 11:25:15         750         750         750         750       10000              750     7500000  2117274190     2897353          730.762
 2/ 7/2018 11:26:27         740         740         740         740       18499              740    13689260  2130963450     2915852           730.82
 2/ 7/2018 11:26:46         760         760         760         760          26              760       19760  2130983210     2915878           730.82
 2/ 7/2018 11:30: 9         750         750         750         750       18499              750    13874250  2144857460     2934377          730.941
 2/ 7/2018 11:32:14         740         740         740         740       18499              740    13689260  2158546720     2952876          730.998
 2/ 7/2018 11:37:36         750         750         750         750       18499              750    13874250  2172420970     2971375          731.116
 2/ 7/2018 11:37:38         740         740         740         740       18499              740    13689260  2186110230     2989874          731.171
 2/ 7/2018 11:37:42         750         750         750         750       18499              750    13874250  2199984480     3008373          731.287
 2/ 7/2018 11:37:49         740         740         740         740           1              740         740  2199985220     3008374          731.287
 2/ 7/2018 11:40:43         740         740         740         740       18498              740    13688520  2213673740     3026872           731.34
 2/ 7/2018 11:40:55         750         750         750         750       18498              750    13873500  2227547240     3045370          731.454
 2/ 7/2018 11:47:20         740         740         740         740       18498              740    13688520  2241235760     3063868          731.505
 2/ 7/2018 11:47:59         740         740         740         740         538              740      398120  2241633880     3064406          731.507
 2/ 7/2018 11:48: 1         740         740         740         740        8273              740     6122020  2247755900     3072679           731.53
 2/ 7/2018 11:48: 8         730         730         730         730         100              730       73000  2247828900     3072779           731.53
 2/ 7/2018 11:54:18         750         750         750         750       18498              750    13873500  2261702400     3091277           731.64
 2/ 7/2018 11:57:33          10          10          10          10        6100               10       61000  2261763400     3097377          730.219
 2/ 7/2018 11:58:40         740         740         740         740       18498              740    13688520  2275451920     3115875          730.277
 2/ 7/2018 11:59:37         750         750         750         750       18498              750    13873500  2289325420     3134373          730.393
 2/ 7/2018 12: 0: 8         740         740         740         740       18498              740    13688520  2303013940     3152871           730.45
 2/ 7/2018 12: 0:55         750         750         750         750       18498              750    13873500  2316887440     3171369          730.564
 2/ 7/2018 12: 5:16         740         740         740         740          20              740       14800  2316902240     3171389          730.564
 2/ 7/2018 12: 8:59         760         760         760         760       18498              760    14058480  2330960720     3189887          730.735
 2/ 7/2018 12: 9: 0         750         750         750         750       18498              750    13873500  2344834220     3208385          730.846
 2/ 7/2018 12:16:56         760         760         760         760       18498              760    14058480  2358892700     3226883          731.013
 2/ 7/2018 12:17: 7         760         760         760         760       18498              760    14058480  2372951180     3245381          731.178
 2/ 7/2018 12:17:52         750         750         750         750       18498              750    13873500  2386824680     3263879          731.285
 2/ 7/2018 12:19:52         760         760         750         750       18498          753.333    13935160  2400759840     3282377          731.409
 2/ 7/2018 12:19:54         760         760         760         760       18498              760    14058480  2414818320     3300875          731.569
 2/ 7/2018 12:20:26         770         770         770         770       18498              770    14243460  2429061780     3319373          731.783
 2/ 7/2018 12:20:47         760         760         760         760       18498              760    14058480  2443120260     3337871           731.94
 2/ 7/2018 12:20:53         770         770         770         770       18498              770    14243460  2457363720     3356369          732.149
 2/ 7/2018 12:23:20         760         760         760         760       18498              760    14058480  2471422200     3374867          732.302
 2/ 7/2018 12:23:30         780         780         780         780       18498              780    14428440  2485850640     3393365          732.562
 2/ 7/2018 12:23:32         770         770         770         770       18498              770    14243460  2500094100     3411863          732.765
 2/ 7/2018 12:23:33         780         780         780         780       18498              780    14428440  2514522540     3430361           733.02
 2/ 7/2018 12:23:34         770         770         770         770       18498              770    14243460  2528766000     3448859          733.218
 2/ 7/2018 12:23:41         760         760         760         760       18498              760    14058480  2542824480     3467357          733.361
 2/ 7/2018 12:23:53         760         760         760         760        3000              760     2280000  2545104480     3470357          733.384
 2/ 7/2018 12:36:19         770         770         770         770       18498              770    14243460  2559347940     3488855          733.578
 2/ 7/2018 12:36:23         760         760         760         760       18498              760    14058480  2573406420     3507353          733.718
 2/ 7/2018 12:36:25         770         770         770         770       18498              770    14243460  2587649880     3525851          733.908
 2/ 7/2018 12:36:42         760         760         760         760       18498              760    14058480  2601708360     3544349          734.044
 2/ 7/2018 12:36:45         770         770         770         770       18498              770    14243460  2615951820     3562847          734.231
 2/ 7/2018 12:37: 5         780         780         780         780       18498              780    14428440  2630380260     3581345          734.467
 2/ 7/2018 12:37: 6         770         780         770         780       18498          776.667    14366780  2644747040     3599843          734.684
 2/ 7/2018 12:37:16         790         790         790         790       18498              790    14613420  2659360460     3618341          734.967
 2/ 7/2018 12:37:20         780         780         780         780       18498              780    14428440  2673788900     3636839          735.196
 2/ 7/2018 12:37:32         790         790         790         790       18498              790    14613420  2688402320     3655337          735.473
 2/ 7/2018 12:37:33         780         780         780         780       18498              780    14428440  2702830760     3673835          735.697
 2/ 7/2018 12:38:14         790         790         790         790       18498              790    14613420  2717444180     3692333          735.969
 2/ 7/2018 12:38:33         800         800         800         800       18498              800    14798400  2732242580     3710831          736.289
 2/ 7/2018 12:38:34         790         790         790         790       18498              790    14613420  2746856000     3729329          736.555
 2/ 7/2018 12:39: 2         800         800         800         800       18498              800    14798400  2761654400     3747827          736.868
 2/ 7/2018 12:40:49         810         810         800         800       18498          803.333    14860060  2776514460     3766325          737.195
 2/ 7/2018 12:40:52         810         810         810         810       18498              810    14983380  2791497840     3784823           737.55
 2/ 7/2018 12:40:53         790         790         790         790       18498              790    14613420  2806111260     3803321          737.806
 2/ 7/2018 12:41:21         800         800         800         800       18498              800    14798400  2820909660     3821819          738.107
 2/ 7/2018 12:41:40         790         790         790         790       18498              790    14613420  2835523080     3840317          738.357
 2/ 7/2018 12:41:44         800         800         800         800       18498              800    14798400  2850321480     3858815          738.652
 2/ 7/2018 12:41:55         770         770         770         770          28              770       21560  2850343040     3858843          738.652
 2/ 7/2018 12:42: 3         790         790         790         790         190              790      150100  2850493140     3859033          738.655
 2/ 7/2018 12:42:14         810         810         810         810       18498              810    14983380  2865476520     3877531          738.995
 2/ 7/2018 12:42:24         800         800         800         800       18498              800    14798400  2880274920     3896029          739.285
 2/ 7/2018 12:42:25         810         810         810         810       18498              810    14983380  2895258300     3914527          739.619
 2/ 7/2018 12:42:26         800         800         800         800       18498              800    14798400  2910056700     3933025          739.903
 2/ 7/2018 12:42:27         810         810         810         810       18498              810    14983380  2925040080     3951523          740.231
 2/ 7/2018 12:42:29         800         800         800         800       18498              800    14798400  2939838480     3970021           740.51
 2/ 7/2018 12:42:31         810         810         810         810       18498              810    14983380  2954821860     3988519          740.832
 2/ 7/2018 12:42:33         800         800         800         800       18498              800    14798400  2969620260     4007017          741.105
 2/ 7/2018 12:42:38         810         810         810         810       18498              810    14983380  2984603640     4025515          741.422
 2/ 7/2018 12:42:39         800         800         800         800       10000              800     8000000  2992603640     4035515          741.567
 2/ 7/2018 12:43: 3         800         800         800         800         190              800      152000  2992755640     4035705          741.569
 2/ 7/2018 12:43:19         800         800         800         800        8308              800     6646400  2999402040     4044013           741.69
 2/ 7/2018 12:43:31         800         800         800         800       25000              800    20000000  3019402040     4069013          742.048
 2/ 7/2018 12:44:32         790         790         790         790       25000              790    19750000  3039152040     4094013          742.341
 2/ 7/2018 12:44:34         800         800         800         800       25000              800    20000000  3059152040     4119013          742.691
 2/ 7/2018 12:45:58         790         790         790         790         118              790       93220  3059245260     4119131          742.692
 2/ 7/2018 12:46:35         810         810         800         800       24850          803.333    19962833  3079208093     4143981          743.056
 2/ 7/2018 12:47:54         790         790         790         790       24732              790    19538280  3098746373     4168713          743.334
 2/ 7/2018 12:47:55         800         800         800         800        2000              800     1600000  3100346373     4170713          743.361
 2/ 7/2018 12:47:59         800         800         800         800       24732              800    19785600  3120131973     4195445          743.695
 2/ 7/2018 12:50:46         810         810         810         810       24732              810    20032920  3140164893     4220177          744.084
 2/ 7/2018 12:50:47         790         790         790         790       24732              790    19538280  3159703173     4244909          744.351
 2/ 7/2018 12:51:23         800         800         800         800       24732              800    19785600  3179488773     4269641          744.674
 2/ 7/2018 12:51:41         800         800         800         800        4000              800     3200000  3182688773     4273641          744.725
 2/ 7/2018 12:52:41         810         810         800         800       24732          803.333    19868040  3202556813     4298373          745.063
 2/ 7/2018 12:52:54         810         810         800         800       24732          803.333    19868040  3222424853     4323105          745.396
 2/ 7/2018 12:53:28         810         810         800         800       24732          803.333    19868040  3242292893     4347837          745.725
 2/ 7/2018 12:56:33         810         810         810         810       24732              810    20032920  3262325813     4372569          746.089
 2/ 7/2018 12:56:34         800         800         800         800       24732              800    19785600  3282111413     4397301          746.392
 2/ 7/2018 12:56:38         810         810         810         810       24732              810    20032920  3302144333     4422033          746.748
 2/ 7/2018 12:56:39         800         800         800         800       24732              800    19785600  3321929933     4446765          747.044
 2/ 7/2018 12:56:41         810         810         810         810       24732              810    20032920  3341962853     4471497          747.392
 2/ 7/2018 12:56:42         800         800         800         800       24732              800    19785600  3361748453     4496229          747.682
 2/ 7/2018 12:58: 5         850         850         850         850        4000              850     3400000  3365148453     4500229          747.773
 2/ 7/2018 12:58:51         810         810         810         810       24732              810    20032920  3385181373     4524961          748.113
 2/ 7/2018 12:58:53         800         800         800         800       24732              800    19785600  3404966973     4549693          748.395
 2/ 7/2018 12:58:54         810         810         810         810       24732              810    20032920  3424999893     4574425          748.728
 2/ 7/2018 12:58:55         800         800         800         800       24732              800    19785600  3444785493     4599157          749.004
 2/ 7/2018 12:59:32         810         810         810         810       24732              810    20032920  3464818413     4623889           749.33
 2/ 7/2018 12:59:33         820         820         800         800       24732          806.667    19950480  3484768893     4648621          749.635
 2/ 7/2018 14: 0: 0         800         820         800         820         300          813.333      244000  3485012893     4648921          749.639
 2/ 7/2018 14: 0:13         790         790         790         790           1              790         790  3485013683     4648922          749.639
 2/ 7/2018 14: 0:25         800         800         800         800       25000              800    20000000  3505013683     4673922          749.908
 2/ 7/2018 14: 0:26         810         810         810         810       25000              810    20250000  3525263683     4698922          750.228
 2/ 7/2018 14: 0:39         820         820         820         820       25000              820    20500000  3545763683     4723922          750.597
 2/ 7/2018 14: 0:50         830         830         830         830       25000              830    20750000  3566513683     4748922          751.015
 2/ 7/2018 14: 1: 2         820         820         820         820       25000              820    20500000  3587013683     4773922          751.377
 2/ 7/2018 14: 1: 9         820         820         820         820           1              820         820  3587014503     4773923          751.377
 2/ 7/2018 14: 5: 6         810         810         810         810        6000              810     4860000  3591874503     4779923           751.45
 2/ 7/2018 14: 6: 6         800         800         800         800        6000              800     4800000  3596674503     4785923          751.511
 2/ 7/2018 14: 6:23         810         810         810         810        4000              810     3240000  3599914503     4789923           751.56
 2/ 7/2018 14: 6:48         840         840         840         840       25000              840    21000000  3620914503     4814923          752.019
 2/ 7/2018 14: 6:49         820         840         820         840       25000          833.333    20833333  3641747836     4839923          752.439
 2/ 7/2018 14: 6:50         830         830         830         830       25000              830    20750000  3662497836     4864923          752.838
 2/ 7/2018 14: 6:51         820         820         820         820       25000              820    20500000  3682997836     4889923          753.181
 2/ 7/2018 14: 7: 6         830         830         830         830       25000              830    20750000  3703747836     4914923          753.572
 2/ 7/2018 14: 7: 9         820         820         820         820        4000              820     3280000  3707027836     4918923          753.626
 2/ 7/2018 14: 7:37         840         840         840         840       25000              840    21000000  3728027836     4943923          754.063
 2/ 7/2018 14: 7:42         850         850         850         850       25000              850    21250000  3749277836     4968923          754.545
 2/ 7/2018 14: 8: 2         840         840         840         840       25000              840    21000000  3770277836     4993923          754.973
 2/ 7/2018 14: 8: 5         850         850         850         850       25000              850    21250000  3791527836     5018923          755.447
 2/ 7/2018 14: 8:21         830         830         830         830        3000              830     2490000  3794017836     5021923          755.491
 2/ 7/2018 14: 8:49         860         860         860         860       25000              860    21500000  3815517836     5046923          756.009
 2/ 7/2018 14: 8:50         850         850         850         850       25000              850    21250000  3836767836     5071923          756.472
 2/ 7/2018 14: 8:52         860         860         860         860       25000              860    21500000  3858267836     5096923           756.98
 2/ 7/2018 14: 8:53         850         850         850         850       25000              850    21250000  3879517836     5121923          757.434
 2/ 7/2018 14: 9: 6         860         860         860         860           1              860         860  3879518696     5121924          757.434
 2/ 7/2018 14: 9:11         840         840         840         840       25000              840    21000000  3900518696     5146924          757.835
 2/ 7/2018 14: 9:39         850         850         850         850           1              850         850  3900519546     5146925          757.835
 2/ 7/2018 14: 9:48         830         830         830         830        4000              830     3320000  3903839546     5150925          757.891
 2/ 7/2018 14: 9:53         840         840         840         840           1              840         840  3903840386     5150926          757.891
 2/ 7/2018 14:10: 0         850         860         850         860       25000          856.667    21416666  3925257052     5175926          758.368
 2/ 7/2018 14:10: 1         850         850         850         850       25000              850    21250000  3946507052     5200926          758.809
 2/ 7/2018 14:11:31         860         860         860         860       25000              860    21500000  3968007052     5225926          759.293
 2/ 7/2018 14:11:38         850         850         850         850       25000              850    21250000  3989257052     5250926          759.724
 2/ 7/2018 14:11:42         860         860         860         860       25000              860    21500000  4010757052     5275926            760.2
 2/ 7/2018 14:11:43         850         850         850         850       25000              850    21250000  4032007052     5300926          760.623
 2/ 7/2018 14:11:52         860         860         860         860       25000              860    21500000  4053507052     5325926           761.09
 2/ 7/2018 14:13: 7         860         860         860         860       25000              860    21500000  4075007052     5350926          761.552
 2/ 7/2018 14:13:28         860         860         860         860       12500              860    10750000  4085757052     5363426          761.781
 2/ 7/2018 14:13:29         860         860         860         860       25000              860    21500000  4107257052     5388426          762.237
 2/ 7/2018 14:13:32         870         870         870         870       25000              870    21750000  4129007052     5413426          762.735
 2/ 7/2018 14:13:33         870         870         870         870       12500              870    10875000  4139882052     5425926          762.982
 2/ 7/2018 14:13:34         860         860         860         860       12500              860    10750000  4150632052     5438426          763.205
 2/ 7/2018 14:13:35         860         860         860         860       25000              860    21500000  4172132052     5463426          763.648
 2/ 7/2018 14:13:36         860         860         860         860       25000              860    21500000  4193632052     5488426          764.086
 2/ 7/2018 14:13:41         850         850         850         850       25000              850    21250000  4214882052     5513426          764.476
 2/ 7/2018 14:14:45         860         860         860         860       25000              860    21500000  4236382052     5538426          764.907
 2/ 7/2018 14:15: 1         850         850         850         850       25000              850    21250000  4257632052     5563426           765.29
 2/ 7/2018 14:15: 3         860         860         860         860       25000              860    21500000  4279132052     5588426          765.713
 2/ 7/2018 14:15: 4         850         860         850         860       25000          856.667    21416666  4300548718     5613426          766.118
 2/ 7/2018 14:15:34         850         850         850         850       25000              850    21250000  4321798718     5638426           766.49
 2/ 7/2018 14:15:37         860         860         860         860       25000              860    21500000  4343298718     5663426          766.903
 2/ 7/2018 14:15:42         850         850         850         850       25000              850    21250000  4364548718     5688426          767.268
 2/ 7/2018 14:18: 1         860         860         850         850       24940          853.333    21282133  4385830851     5713366          767.644
 2/ 7/2018 14:18:48         870         870         850         850       24940          856.667    21365266  4407196117     5738306          768.031
 2/ 7/2018 14:19: 8         860         860         860         860       24940              860    21448400  4428644517     5763246          768.429
 2/ 7/2018 14:19: 9         850         850         850         850       24940              850    21199000  4449843517     5788186           768.78
 2/ 7/2018 14:19:42         860         860         850         850       24940          853.333    21282133  4471125650     5813126          769.143
 2/ 7/2018 14:20: 6         840         840         840         840       24940              840    20949600  4492075250     5838066          769.446
 2/ 7/2018 14:21: 6         830         830         830         830       21930              830    18201900  4510277150     5859996          769.672
 2/ 7/2018 14:21: 8         840         840         840         840       21930              840    18421200  4528698350     5881926          769.935
 2/ 7/2018 14:22:57         840         840         840         840       20000              840    16800000  4545498350     5901926          770.172
 2/ 7/2018 14:23: 1         830         830         830         830        5000              830     4150000  4549648350     5906926          770.223
 2/ 7/2018 14:23: 3         830         830         830         830        4000              830     3320000  4552968350     5910926          770.263
 2/ 7/2018 14:23: 8         840         840         840         840       25000              840    21000000  4573968350     5935926          770.557
 2/ 7/2018 14:23:53         850         850         850         850       25000              850    21250000  4595218350     5960926           770.89
 2/ 7/2018 14:23:55         860         860         860         860       25000              860    21500000  4616718350     5985926          771.262
 2/ 7/2018 14:23:56         840         840         840         840       25000              840    21000000  4637718350     6010926          771.548
 2/ 7/2018 14:23:58         850         850         850         850       25000              850    21250000  4658968350     6035926          771.873
 2/ 7/2018 14:24: 4         850         850         850         850       25000              850    21250000  4680218350     6060926          772.195
 2/ 7/2018 14:24:46         850         850         850         850        1000              850      850000  4681068350     6061926          772.208
 2/ 7/2018 14:28: 6         860         860         850         850       25000          853.333    21333333  4702401683     6086926          772.541
 2/ 7/2018 14:28: 7         860         860         860         860       25000              860    21500000  4723901683     6111926          772.899
 2/ 7/2018 14:28: 8         850         850         850         850       25000              850    21250000  4745151683     6136926          773.213
 2/ 7/2018 14:29:20         860         860         860         860       25000              860    21500000  4766651683     6161926          773.565
 2/ 7/2018 14:29:55         860         860         860         860       25000              860    21500000  4788151683     6186926          773.914
 2/ 7/2018 14:31:47         870         870         870         870       24913              870    21674310  4809825993     6211839            774.3
 2/ 7/2018 14:31:49         860         860         860         860       24913              860    21425180  4831251173     6236752          774.642
 2/ 7/2018 14:32: 0         880         880         870         870       24913          873.333    21757353  4853008526     6261665          775.035
 2/ 7/2018 14:32:19         860         860         860         860       24913              860    21425180  4874433706     6286578          775.372
 2/ 7/2018 14:32:33         870         870         870         870       24108              870    20973960  4895407666     6310686          775.733
 2/ 7/2018 14:32:41         860         870         860         870       24108          866.667    20893600  4916301266     6334794          776.079
 2/ 7/2018 14:32:42         860         860         860         860       24108              860    20732880  4937034146     6358902          776.397
 2/ 7/2018 14:33:13         860         860         860         860       12500              860    10750000  4947784146     6371402          776.561
 2/ 7/2018 14:33:14         860         860         860         860       12500              860    10750000  4958534146     6383902          776.725
 2/ 7/2018 14:33:37         860         860         860         860       12500              860    10750000  4969284146     6396402          776.887
 2/ 7/2018 14:33:54         860         860         860         860       12500              860    10750000  4980034146     6408902           777.05
 2/ 7/2018 14:34:25        1210        1210        1210        1210         143             1210      173030  4980207176     6409045          777.059
 2/ 7/2018 14:34:31         870         870         870         870       12500              870    10875000  4991082176     6421545           777.24
 2/ 7/2018 14:34:32         860         860         860         860       12500              860    10750000  5001832176     6434045          777.401
 2/ 7/2018 14:37: 2         830         830         830         830         500              830      415000  5002247176     6434545          777.405
 2/ 7/2018 14:37:16         840         840         840         840         500              840      420000  5002667176     6435045           777.41
 2/ 7/2018 14:38: 9         850         850         850         850         500              850      425000  5003092176     6435545          777.415
 2/ 7/2018 14:38:13         860         860         860         860       12500              860    10750000  5013842176     6448045          777.576
 2/ 7/2018 14:38:14         860         860         860         860       25000              860    21500000  5035342176     6473045          777.894
 2/ 7/2018 14:38:16         860         860         860         860       25000              860    21500000  5056842176     6498045           778.21
 2/ 7/2018 14:38:29         870         870         860         860       25000          863.333    21583333  5078425509     6523045          778.536
 2/ 7/2018 14:38:30         870         870         870         870       25000              870    21750000  5100175509     6548045          778.885
 2/ 7/2018 14:38:34         860         870         860         870       25000          866.667    21666666  5121842175     6573045          779.219
 2/ 7/2018 14:38:46         860         860         860         860       25000              860    21500000  5143342175     6598045          779.525
 2/ 7/2018 14:39:19         860         860         860         860       12500              860    10750000  5154092175     6610545          779.677
 2/ 7/2018 14:39:50         860         860         860         860       25000              860    21500000  5175592175     6635545           779.98
 2/ 7/2018 14:41:24         870         870         870         870       25000              870    21750000  5197342175     6660545          780.318
 2/ 7/2018 14:41:25         850         850         850         850       25000              850    21250000  5218592175     6685545          780.578
 2/ 7/2018 14:41:43         860         860         860         860       25000              860    21500000  5240092175     6710545          780.874
 2/ 7/2018 14:41:57         860         860         860         860       25000              860    21500000  5261592175     6735545          781.168
 2/ 7/2018 14:41:59         860         860         860         860       12500              860    10750000  5272342175     6748045          781.314
 2/ 7/2018 14:42: 0         860         860         860         860       12500              860    10750000  5283092175     6760545           781.46
 2/ 7/2018 14:42: 1         860         860         860         860       25000              860    21500000  5304592175     6785545          781.749
 2/ 7/2018 14:42:19         850         850         850         850       25000              850    21250000  5325842175     6810545          781.999
 2/ 7/2018 14:42:21         870         870         870         870       25000              870    21750000  5347592175     6835545          782.321
 2/ 7/2018 14:42:22         860         870         860         870       25000          866.667    21666666  5369258841     6860545          782.629
 2/ 7/2018 14:42:23         850         850         850         850       25000              850    21250000  5390508841     6885545          782.873
 2/ 7/2018 14:42:24         860         860         850         850       25000          853.333    21333333  5411842174     6910545          783.128
 2/ 7/2018 14:42:48         860         860         860         860       25000              860    21500000  5433342174     6935545          783.405
 2/ 7/2018 14:44:25         860         860         860         860         805              860      692300  5434034474     6936350          783.414
 2/ 7/2018 14:45:17         850         850         850         850       25000              850    21250000  5455284474     6961350          783.653
 2/ 7/2018 14:45:19         860         860         860         860       25000              860    21500000  5476784474     6986350          783.926
 2/ 7/2018 14:45:21         850         850         850         850       25000              850    21250000  5498034474     7011350          784.162
 2/ 7/2018 14:47: 9         840         840         840         840       25000              840    21000000  5519034474     7036350           784.36
 2/ 7/2018 14:47:20         850         850         850         850       25000              850    21250000  5540284474     7061350          784.593
 2/ 7/2018 14:49: 0         840         840         840         840       25000              840    21000000  5561284474     7086350          784.788
 2/ 7/2018 14:51:12         840         840         840         840         805              840      676200  5561960674     7087155          784.795
 2/ 7/2018 14:51:57         850         850         850         850       24429              850    20764650  5582725324     7111584          785.019
 2/ 7/2018 14:52: 5         840         840         840         840       24429              840    20520360  5603245684     7136013          785.207
 2/ 7/2018 14:52:47         840         840         840         840           1              840         840  5603246524     7136014          785.207
 2/ 7/2018 14:53:16         840         840         840         840          20              840       16800  5603263324     7136034          785.207
 2/ 7/2018 14:53:40         850         850         850         850       24429              850    20764650  5624027974     7160463          785.428
 2/ 7/2018 14:53:42         840         840         840         840       24429              840    20520360  5644548334     7184892          785.614
 2/ 7/2018 14:59:14         840         840         840         840         500              840      420000  5644968334     7185392          785.617
 2/ 7/2018 14:59:40         840         840         840         840         268              840      225120  5645193454     7185660          785.619
 2/ 7/2018 15: 0:57         830         830         830         830       24429              830    20276070  5665469524     7210089           785.77
 2/ 7/2018 15: 0:59         840         840         840         840       24429              840    20520360  5685989884     7234518          785.953
 2/ 7/2018 15: 1: 5         830         840         830         840       24429          836.667    20438930  5706428814     7258947          786.123
 2/ 7/2018 15: 1:35         850         850         850         850       24429              850    20764650  5727193464     7283376          786.338
 2/ 7/2018 15: 1:36         840         840         840         840       24429              840    20520360  5747713824     7307805          786.517
 2/ 7/2018 15: 2:56         850         850         850         850       24429              850    20764650  5768478474     7332234          786.729
 2/ 7/2018 15: 4:39         850         850         850         850          50              850       42500  5768520974     7332284          786.729
 2/ 7/2018 15: 4:55         840         840         840         840       23876              840    20055840  5788576814     7356160          786.902
 2/ 7/2018 15: 5:15         840         840         840         840          50              840       42000  5788618814     7356210          786.902
 2/ 7/2018 15: 6:53         830         830         830         830       23876              830    19817080  5808435894     7380086          787.042
 2/ 7/2018 15: 7:14         830         830         830         830         100              830       83000  5808518894     7380186          787.042
 2/ 7/2018 15: 7:27         840         840         830         830       23876          833.333    19896666  5828415560     7404062          787.192
 2/ 7/2018 15: 7:34         840         840         840         840       23876              840    20055840  5848471400     7427938          787.361
 2/ 7/2018 15: 9:37         850         850         850         850       23876              850    20294600  5868766000     7451814          787.562
 2/ 7/2018 15: 9:38         840         840         840         840       23876              840    20055840  5888821840     7475690           787.73
 2/ 7/2018 15:13:42         830         830         830         830          10              830        8300  5888830140     7475700           787.73
 2/ 7/2018 15:17:46         820         820         820         820        1601              820     1312820  5890142960     7477301          787.737
 2/ 7/2018 15:19:13         820         820         820         820           1              820         820  5890143780     7477302          787.737
 2/ 7/2018 15:19:33         830         830         830         830           1              830         830  5890144610     7477303          787.737
 2/ 7/2018 15:19:42         830         830         830         830          14              830       11620  5890156230     7477317          787.737
 2/ 7/2018 15:23: 4         850         850         850         850       23876              850    20294600  5910450830     7501193          787.935
 2/ 7/2018 15:23: 5         840         840         840         840       23876              840    20055840  5930506670     7525069            788.1
 2/ 7/2018 15:27:36         850         850         850         850       23876              850    20294600  5950801270     7548945          788.296
 2/ 7/2018 15:28:55         850         850         850         850        4000              850     3400000  5954201270     7552945          788.328
 2/ 7/2018 15:30:58         860         860         860         860       23776              860    20447360  5974648630     7576721          788.553
 2/ 7/2018 15:31: 1         850         850         850         850       23776              850    20209600  5994858230     7600497          788.746
 2/ 7/2018 15:34:33         860         860         850         850        4514          853.333     3851946  5998710176     7605011          788.784
 2/ 7/2018 15:34:37         850         860         850         860        3676          856.667     3149106  6001859282     7608687          788.817
 2/ 7/2018 15:34:44         860         860         860         860       25000              860    21500000  6023359282     7633687           789.05
 2/ 7/2018 15:34:48         850         860         850         860       25000          856.667    21416666  6044775948     7658687          789.271
 2/ 7/2018 15:34:50         850         850         850         850       25000              850    21250000  6066025948     7683687          789.468
 2/ 7/2018 15:34:59         860         860         860         860       25000              860    21500000  6087525948     7708687          789.697
 2/ 7/2018 15:35: 4         850         850         850         850          85              850       72250  6087598198     7708772          789.698
 2/ 7/2018 15:35:26         860         860         860         860       25000              860    21500000  6109098198     7733772          789.925
 2/ 7/2018 15:35:36         870         870         870         870       25000              870    21750000  6130848198     7758772          790.183
 2/ 7/2018 15:35:37         860         870         860         870       25000          866.667    21666666  6152514864     7783772          790.428
 2/ 7/2018 15:35:38         860         860         860         860       25000              860    21500000  6174014864     7808772          790.651
 2/ 7/2018 15:36:34         860         860         860         860       12500              860    10750000  6184764864     7821272          790.762
 2/ 7/2018 15:36:41         850         850         850         850       12415              850    10552750  6195317614     7833687          790.856
 2/ 7/2018 15:36:52         850         850         850         850       25000              850    21250000  6216567614     7858687          791.044
 2/ 7/2018 15:37:18         860         860         860         860       25000              860    21500000  6238067614     7883687          791.263
 2/ 7/2018 15:37:19         850         850         850         850       25000              850    21250000  6259317614     7908687          791.448
 2/ 7/2018 15:37:22         860         860         860         860       25000              860    21500000  6280817614     7933687          791.664
 2/ 7/2018 15:37:31         860         860         860         860       12500              860    10750000  6291567614     7946187          791.772
 2/ 7/2018 15:38:23         860         860         860         860       12500              860    10750000  6302317614     7958687          791.879
 2/ 7/2018 15:39:47         850         850         850         850       12500              850    10625000  6312942614     7971187           791.97
 2/ 7/2018 15:40:33         850         850         850         850       25000              850    21250000  6334192614     7996187          792.152
 2/ 7/2018 15:40:50         860         860         860         860       25000              860    21500000  6355692614     8021187          792.363
 2/ 7/2018 15:40:59         860         860         860         860       12500              860    10750000  6366442614     8033687          792.468
 2/ 7/2018 15:41:34         870         870         870         870       12499              870    10874130  6377316744     8046186          792.589
 2/ 7/2018 15:41:35         860         860         860         860       12499              860    10749140  6388065884     8058685          792.693
 2/ 7/2018 15:41:36         870         870         870         870       12499              870    10874130  6398940014     8071184          792.813
 2/ 7/2018 15:41:38         860         860         860         860       12499              860    10749140  6409689154     8083683          792.917
 2/ 7/2018 15:41:39         880         880         880         880       12499              880    10999120  6420688274     8096182          793.051
 2/ 7/2018 15:41:40         870         870         870         870       12499              870    10874130  6431562404     8108681           793.17
 2/ 7/2018 15:41:41         860         860         860         860         333              860      286380  6431848784     8109014          793.173
 2/ 7/2018 15:41:54         860         860         860         860        2000              860     1720000  6433568784     8111014          793.189
 2/ 7/2018 15:41:55         860         860         860         860        2000              860     1720000  6435288784     8113014          793.206
 2/ 7/2018 15:41:56         860         860         860         860        2000              860     1720000  6437008784     8115014          793.222
 2/ 7/2018 15:42:15         880         880         880         880       12499              880    10999120  6448007904     8127513          793.356
 2/ 7/2018 15:42:16         860         860         860         860        6166              860     5302760  6453310664     8133679          793.406
 2/ 7/2018 15:42:27         860         860         860         860       12500              860    10750000  6464060664     8146179          793.508
 2/ 7/2018 15:42:46         870         870         870         870       15333              870    13339710  6477400374     8161512          793.652
 2/ 7/2018 15:43: 4         870         870         870         870        8500              870     7395000  6484795374     8170012          793.731
 2/ 7/2018 15:43:55         860         860         860         860         252              860      216720  6485012094     8170264          793.733
 2/ 7/2018 15:44:44         860         860         860         860        2581              860     2219660  6487231754     8172845          793.754
 2/ 7/2018 15:44:56         870         870         870         870        8500              870     7395000  6494626754     8181345          793.834
 2/ 7/2018 15:45:33         880         880         880         880        8500              880     7480000  6502106754     8189845          793.923
 2/ 7/2018 15:45:34         860         860         860         860        8500              860     7310000  6509416754     8198345          793.992
 2/ 7/2018 15:45:35         880         880         860         860        8500          866.667     7366666  6516783420     8206845          794.067
 2/ 7/2018 15:46:37         860         860         860         860       25000              860    21500000  6538283420     8231845          794.267
 2/ 7/2018 15:46:39         860         860         860         860       25000              860    21500000  6559783420     8256845          794.466
 2/ 7/2018 15:46:40         860         860         860         860       12500              860    10750000  6570533420     8269345          794.565
 2/ 7/2018 15:46:41         870         870         860         860       12500          863.333    10791666  6581325086     8281845          794.669
 2/ 7/2018 15:46:43         860         860         860         860       12500              860    10750000  6592075086     8294345          794.767
 2/ 7/2018 15:47: 0         860         860         860         860       12500              860    10750000  6602825086     8306845          794.866
 2/ 7/2018 15:47:22         860         860         860         860       25000              860    21500000  6624325086     8331845          795.061
 2/ 7/2018 15:47:59         850         850         850         850        3000              850     2550000  6626875086     8334845          795.081
 2/ 7/2018 15:49:27         850         850         850         850       21750              850    18487500  6645362586     8356595          795.224
 2/ 7/2018 15:49:28         860         860         860         860       21750              860    18705000  6664067586     8378345          795.392
 2/ 7/2018 15:50:14         850         850         850         850       21750              850    18487500  6682555086     8400095          795.533
 2/ 7/2018 15:52: 1         860         860         860         860       21750              860    18705000  6701260086     8421845            795.7
 2/ 7/2018 15:52:43         840         840         840         840           1              840         840  6701260926     8421846            795.7
 2/ 7/2018 15:53:40         850         850         850         850       21750              850    18487500  6719748426     8443596           795.84
 2/ 7/2018 15:55:25         840         840         840         840        1000              840      840000  6720588426     8444596          795.845
 2/ 7/2018 15:55:47         840         840         840         840       20749              840    17429160  6738017586     8465345          795.953
 2/ 7/2018 15:56:48         860         860         860         860       20499              860    17629140  6755646726     8485844          796.108
 2/ 7/2018 15:56:49         850         850         850         850       20499              850    17424150  6773070876     8506343          796.238
 2/ 7/2018 15:56:51         820         820         820         820           1              820         820  6773071696     8506344          796.238
 2/ 7/2018 15:58: 4         840         840         840         840       20498              840    17218320  6790290016     8526842          796.343
 2/ 7/2018 15:59:15         760         760         760         760       10000              760     7600000  6797890016     8536842            796.3
 2/ 7/2018 16: 0:33         840         840         840         840       25000              840    21000000  6818890016     8561842          796.428
 2/ 7/2018 16: 2:12         850         850         850         850       25000              850    21250000  6840140016     8586842          796.584
 2/ 7/2018 16: 2:40         840         840         840         840       25000              840    21000000  6861140016     8611842           796.71
 2/ 7/2018 16: 2:42         860         860         860         860       25000              860    21500000  6882640016     8636842          796.893
 2/ 7/2018 16: 2:44         840         840         840         840       25000              840    21000000  6903640016     8661842          797.018
 2/ 7/2018 16: 3: 4         850         850         850         850       25000              850    21250000  6924890016     8686842           797.17
 2/ 7/2018 16: 3: 6         840         840         840         840       25000              840    21000000  6945890016     8711842          797.293
 2/ 7/2018 16: 3:40         830         830         830         830         500              830      415000  6946305016     8712342          797.295
 2/ 7/2018 16: 4:58         850         850         850         850       25000              850    21250000  6967555016     8737342          797.446
 2/ 7/2018 16: 4:59         840         840         840         840       25000              840    21000000  6988555016     8762342          797.567
 2/ 7/2018 16: 5:10         830         830         830         830       24485              830    20322550  7008877566     8786827          797.657
 2/ 7/2018 16: 5:21         850         850         830         830       24485          836.667    20485783  7029363349     8811312          797.766
 2/ 7/2018 16: 5:42         820         820         820         820       24286              820    19914520  7049277869     8835598          797.827
 2/ 7/2018 16: 6:43         810         810         810         810       24286              810    19671660  7068949529     8859884           797.86
 2/ 7/2018 16: 6:47         800         800         800         800           1              800         800  7068950329     8859885           797.86
 2/ 7/2018 16: 7:11         820         820         820         820       24286              820    19914520  7088864849     8884171          797.921
 2/ 7/2018 16: 7:21         810         810         810         810       24286              810    19671660  7108536509     8908457          797.954
 2/ 7/2018 16: 7:22         820         820         820         820       24286              820    19914520  7128451029     8932743          798.014
 2/ 7/2018 16: 7:37         810         810         810         810         500              810      405000  7128856029     8933243          798.014
 2/ 7/2018 16: 8: 5         810         810         810         810       23786              810    19266660  7148122689     8957029          798.046
 2/ 7/2018 16: 8:31         800         810         800         810       23786          806.667    19187373  7167310062     8980815          798.069
 2/ 7/2018 16: 8:43         810         810         810         810       23786              810    19266660  7186576722     9004601          798.101
 2/ 7/2018 16: 8:57         820         820         820         820       23786              820    19504520  7206081242     9028387          798.158
 2/ 7/2018 16: 9:26         830         830         830         830       23786              830    19742380  7225823622     9052173          798.242
 2/ 7/2018 16: 9:28         810         810         810         810       23786              810    19266660  7245090282     9075959          798.273
 2/ 7/2018 16: 9:39         820         820         820         820       23786              820    19504520  7264594802     9099745          798.329
 2/ 7/2018 16: 9:40         810         810         810         810       23786              810    19266660  7283861462     9123531           798.36
 2/ 7/2018 16:10: 5         790         790         790         790           1              790         790  7283862252     9123532           798.36
 2/ 7/2018 16:11:49         820         820         820         820       23786              820    19504520  7303366772     9147318          798.416
 2/ 7/2018 16:12:10         810         810         810         810       23786              810    19266660  7322633432     9171104          798.446
 2/ 7/2018 16:12:11         820         820         820         820       23786              820    19504520  7342137952     9194890          798.502
 2/ 7/2018 16:12:12         810         810         810         810       23786              810    19266660  7361404612     9218676          798.532
 2/ 7/2018 16:13:58         800         800         800         800       23786              800    19028800  7380433412     9242462          798.535
 2/ 7/2018 16:14:19         790         790         790         790       23785              790    18790150  7399223562     9266247          798.514
 2/ 7/2018 16:14:23         800         800         800         800       23785              800    19028000  7418251562     9290032          798.517
 2/ 7/2018 16:14:24         790         800         790         800       23785          796.667    18948716  7437200278     9313817          798.513
 2/ 7/2018 16:14:28         790         810         790         810       23785          803.333    19107283  7456307561     9337602          798.525
 2/ 7/2018 16:14:29         800         800         800         800       23785              800    19028000  7475335561     9361387          798.529
 2/ 7/2018 16:14:32         790         790         790         790       23785              790    18790150  7494125711     9385172          798.507
 2/ 7/2018 16:14:34         800         800         800         800       23785              800    19028000  7513153711     9408957          798.511
 2/ 7/2018 16:14:38         790         790         790         790        1500              790     1185000  7514338711     9410457          798.509
 2/ 7/2018 16:14:42         790         810         790         810       22285          803.333    17902283  7532240994     9432742          798.521
 2/ 7/2018 16:14:43         790         800         790         800       12285          796.667     9787050  7542028044     9445027          798.518
 2/ 7/2018 16:14:53         780         790         780         790       12285          786.667     9664200  7551692244     9457312          798.503
 2/ 7/2018 16:14:54         800         800         800         800       12285              800     9828000  7561520244     9469597          798.505
 2/ 7/2018 16:14:55         800         800         800         800       25000              800    20000000  7581520244     9494597          798.509
 2/ 7/2018 16:17:44         810         810         810         810       24800              810    20088000  7601608244     9519397          798.539
 2/ 7/2018 16:17:50         800         800         800         800         150              800      120000  7601728244     9519547          798.539
 2/ 7/2018 16:18:37         820         820         820         820       24650              820    20213000  7621941244     9544197          798.594
 2/ 7/2018 16:18:38         810         810         810         810       24650              810    19966500  7641907744     9568847          798.624
 2/ 7/2018 16:19: 1         790         790         790         790        4177              790     3299830  7645207574     9573024           798.62
 2/ 7/2018 16:19:26         790         790         790         790          10              790        7900  7645215474     9573034           798.62
 2/ 7/2018 16:19:56         800         800         800         800        1000              800      800000  7646015474     9574034           798.62
 2/ 7/2018 16:20: 0         800         800         800         800       23300              800    18640000  7664655474     9597334          798.623
 2/ 7/2018 16:20: 7         810         810         810         810       22800              810    18468000  7683123474     9620134           798.65
 2/ 7/2018 16:20: 8         800         800         800         800       22800              800    18240000  7701363474     9642934          798.654
 2/ 7/2018 16:20: 9         810         810         800         800       22800          803.333    18316000  7719679474     9665734          798.665
 2/ 7/2018 16:20:12         810         810         810         810       22800              810    18468000  7738147474     9688534          798.691
 2/ 7/2018 16:20:15         800         800         800         800       22800              800    18240000  7756387474     9711334          798.694
 2/ 7/2018 16:20:35         810         810         810         810       22800              810    18468000  7774855474     9734134          798.721
 2/ 7/2018 16:20:42         720         720         720         720       10000              720     7200000  7782055474     9744134           798.64
 2/ 7/2018 16:20:53         800         800         800         800       22800              800    18240000  7800295474     9766934          798.643
 2/ 7/2018 16:21:54         720         720         720         720       10583              720     7619760  7807915234     9777517          798.558
 2/ 7/2018 16:23:50         790         790         790         790        4177              790     3299830  7811215064     9781694          798.554
 2/ 7/2018 16:28:25         810         810         810         810       17700              810    14337000  7825552064     9799394          798.575
 2/ 7/2018 16:29:15         800         800         800         800        4125              800     3300000  7828852064     9803519          798.576
 2/ 7/2018 16:29:49         800         800         800         800          10              800        8000  7828860064     9803529          798.576
 2/ 7/2018 16:31:37         820         820         820         820       17700              820    14514000  7843374064     9821229          798.614
 2/ 7/2018 16:32:13         830         830         830         830       17400              830    14442000  7857816064     9838629           798.67
 2/ 7/2018 16:32:14         820         820         820         820       17400              820    14268000  7872084064     9856029          798.707
 2/ 7/2018 16:32:23         830         830         830         830       17400              830    14442000  7886526064     9873429          798.763
 2/ 7/2018 16:32:45         820         820         820         820       17400              820    14268000  7900794064     9890829            798.8
 2/ 7/2018 16:32:57         830         830         830         830       17400              830    14442000  7915236064     9908229          798.855
 2/ 7/2018 16:32:58         820         820         820         820       17400              820    14268000  7929504064     9925629          798.892
 2/ 7/2018 16:33:16         830         830         830         830        1000              830      830000  7930334064     9926629          798.895
 2/ 7/2018 16:33:26         820         820         820         820        5000              820     4100000  7934434064     9931629          798.906
 2/ 7/2018 16:33:48         810         810         810         810        4074              810     3299940  7937734004     9935703           798.91
 2/ 7/2018 16:34:31         830         830         830         830       17400              830    14442000  7952176004     9953103          798.965
 2/ 7/2018 16:35: 5         820         820         820         820        4024              820     3299680  7955475684     9957127          798.973
 2/ 7/2018 16:37:44         820         820         820         820       17400              820    14268000  7969743684     9974527           799.01
 2/ 7/2018 16:37:54         820         820         820         820        1000              820      820000  7970563684     9975527          799.012
 2/ 7/2018 16:38:46         830         830         830         830       13376              830    11102080  7981665764     9988903          799.053
 2/ 7/2018 16:39:12         810         810         810         810          10              810        8100  7981673864     9988913          799.053
 2/ 7/2018 16:39:18         820         820         820         820       13376              820    10968320  7992642184    10002289          799.081
 2/ 7/2018 16:44:42         810         810         810         810           1              810         810  7992642994    10002290          799.081
 2/ 7/2018 16:48: 3         810         810         810         810         139              810      112590  7992755584    10002429          799.081
 2/ 7/2018 16:49:43         830         830         830         830       12700              830    10541000  8003296584    10015129          799.121
 2/ 7/2018 16:50:25         820         820         820         820       12700              820    10414000  8013710584    10027829          799.147
 2/ 7/2018 16:51:50         820         820         820         820       25000              820    20500000  8034210584    10052829          799.199
 2/ 7/2018 16:52:40         830         830         830         830       25000              830    20750000  8054960584    10077829          799.275
 2/ 7/2018 16:53:21         840         840         840         840       19000              840    15960000  8070920584    10096829          799.352
 2/ 7/2018 16:54: 1         820         820         820         820           1              820         820  8070921404    10096830          799.352
 2/ 7/2018 16:54:12         830         830         830         830           1              830         830  8070922234    10096831          799.352
 2/ 7/2018 16:54:52         830         830         830         830       18999              830    15769170  8086691404    10115830           799.41
 2/ 7/2018 16:54:53         850         850         850         850       18999              850    16149150  8102840554    10134829          799.504
 2/ 7/2018 16:54:55         830         830         830         830       18999              830    15769170  8118609724    10153828          799.561
 2/ 7/2018 16:54:56         850         850         850         850       18999              850    16149150  8134758874    10172827          799.656
 2/ 7/2018 16:54:57         840         840         840         840       18999              840    15959160  8150718034    10191826          799.731
 2/ 7/2018 16:56:41         830         830         830         830       18999              830    15769170  8166487204    10210825          799.787
 2/ 7/2018 16:59: 0         840         840         840         840       18999              840    15959160  8182446364    10229824          799.862
 2/ 7/2018 16:59: 1         830         830         830         830       18999              830    15769170  8198215534    10248823          799.918
 2/ 7/2018 17: 0:27         840         840         840         840       18999              840    15959160  8214174694    10267822          799.992
 2/ 7/2018 17: 1:14         820         820         820         820        5000              820     4100000  8218274694    10272822          800.002
 2/ 7/2018 17: 1:24         830         830         830         830       18999              830    15769170  8234043864    10291821          800.057
 2/ 7/2018 17: 2:17         820         820         820         820         500              820      410000  8234453864    10292321          800.058
 2/ 7/2018 17: 9:33         840         840         840         840       18999              840    15959160  8250413024    10311320          800.132
 2/ 7/2018 17: 9:42         830         830         830         830       18999              830    15769170  8266182194    10330319          800.187
 2/ 7/2018 17: 9:44         840         840         840         840       18999              840    15959160  8282141354    10349318           800.26
 2/ 7/2018 17:11:34         830         830         830         830        5000              830     4150000  8286291354    10354318          800.274
 2/ 7/2018 17:12: 3         830         830         830         830         500              830      415000  8286706354    10354818          800.275
 2/ 7/2018 17:13:51         830         830         830         830         500              830      415000  8287121354    10355318          800.277
 2/ 7/2018 17:15: 8         850         850         850         850       18499              850    15724150  8302845504    10373817          800.366
 2/ 7/2018 17:15: 9         840         840         840         840       18499              840    15539160  8318384664    10392316          800.436
 2/ 7/2018 17:15:42         800         800         800         800         500              800      400000  8318784664    10392816          800.436
 2/ 7/2018 17:18:37        1110        1110        1110        1110         812             1110      901320  8319685984    10393628           800.46
 2/ 7/2018 17:19: 9         830         830         830         830       12187              830    10115210  8329801194    10405815          800.495
 2/ 7/2018 17:19:21         830         830         800         800         100              810       81000  8329882194    10405915          800.495
 2/ 7/2018 17:19:45         840         840         840         840       25000              840    21000000  8350882194    10430915           800.59
 2/ 7/2018 17:19:48         830         830         830         830       25000              830    20750000  8371632194    10455915           800.66
 2/ 7/2018 17:19:49         840         840         840         840       25000              840    21000000  8392632194    10480915          800.754
 2/ 7/2018 17:22:34         850         850         850         850       25000              850    21250000  8413882194    10505915          800.871
 2/ 7/2018 17:22:35         840         840         840         840       25000              840    21000000  8434882194    10530915          800.964
 2/ 7/2018 17:22:54         850         850         850         850       25000              850    21250000  8456132194    10555915           801.08
 2/ 7/2018 17:25:36         950         950         950         950          52              950       49400  8456181594    10555967          801.081
 2/ 7/2018 17:26:57         850         850         850         850        4000              850     3400000  8459581594    10559967          801.099
 2/ 7/2018 17:27:35         840         840         840         840       24948              840    20956320  8480537914    10584915          801.191
 2/ 7/2018 17:28:34         850         850         850         850       24948              850    21205800  8501743714    10609863          801.306
 2/ 7/2018 17:29: 0         800         800         800         800        1000              800      800000  8502543714    10610863          801.306
 2/ 7/2018 17:31:38         860         860         850         850       24948          853.333    21288960  8523832674    10635811          801.428
 2/ 7/2018 17:32:18         840         850         840         850       24948          846.667    21122640  8544955314    10660759          801.533
 2/ 7/2018 17:32:46         930         930         930         930          22              930       20460  8544975774    10660781          801.534
 2/ 7/2018 17:34: 1         860         860         860         860       24948              860    21455280  8566431054    10685729           801.67
 2/ 7/2018 17:34: 8         860         860         860         860       25000              860    21500000  8587931054    10710729          801.806
 2/ 7/2018 17:34: 9         870         870         870         870       25000              870    21750000  8609681054    10735729          801.965
 2/ 7/2018 17:34:39         880         880         880         880       25000              880    22000000  8631681054    10760729          802.146
 2/ 7/2018 17:35: 0         870         870         870         870       25000              870    21750000  8653431054    10785729          802.304
 2/ 7/2018 17:35:39         830         830         830         830         500              830      415000  8653846054    10786229          802.305
 2/ 7/2018 17:35:44         880         880         880         880       25000              880    22000000  8675846054    10811229          802.485
 2/ 7/2018 17:35:52         840         840         840         840         500              840      420000  8676266054    10811729          802.486
 2/ 7/2018 17:36: 2         850         850         850         850         500              850      425000  8676691054    10812229          802.489
 2/ 7/2018 17:36: 9         860         860         860         860         500              860      430000  8677121054    10812729          802.491
 2/ 7/2018 17:36:29         870         870         870         870         500              870      435000  8677556054    10813229          802.494
 2/ 7/2018 17:36:41         890         890         890         890       25000              890    22250000  8699806054    10838229          802.696
 2/ 7/2018 17:36:44         880         880         880         880       25000              880    22000000  8721806054    10863229          802.874
 2/ 7/2018 17:37:15         890         890         890         890       23000              890    20470000  8742276054    10886229          803.058
 2/ 7/2018 17:37:16         870         870         870         870       23000              870    20010000  8762286054    10909229          803.199
 2/ 7/2018 17:37:20         880         880         880         880       23000              880    20240000  8782526054    10932229          803.361
 2/ 7/2018 17:37:32         870         870         870         870       23000              870    20010000  8802536054    10955229          803.501
 2/ 7/2018 17:38:13         880         880         880         880       23000              880    20240000  8822776054    10978229          803.661
 2/ 7/2018 17:38:15         870         870         870         870       23000              870    20010000  8842786054    11001229            803.8
 2/ 7/2018 17:39:34         880         880         880         880       23000              880    20240000  8863026054    11024229          803.959
 2/ 7/2018 17:39:35         870         870         870         870       23000              870    20010000  8883036054    11047229          804.096
 2/ 7/2018 17:40:34         880         880         880         880       23000              880    20240000  8903276054    11070229          804.254
 2/ 7/2018 17:41:13         870         870         870         870        5000              870     4350000  8907626054    11075229          804.284
 2/ 7/2018 17:42:11         890         890         890         890       23000              890    20470000  8928096054    11098229          804.461
 2/ 7/2018 17:42:13         840         840         840         840        5000              840     4200000  8932296054    11103229          804.477
 2/ 7/2018 17:42:41         880         880         880         880       23000              880    20240000  8952536054    11126229          804.633
 2/ 7/2018 17:42:46         890         890         890         890       23000              890    20470000  8973006054    11149229           804.81
 2/ 7/2018 17:42:52         880         880         880         880          10              880        8800  8973014854    11149239           804.81
 2/ 7/2018 17:43:29         880         880         880         880       23000              880    20240000  8993254854    11172239          804.964
 2/ 7/2018 17:44:21         890         890         880         880       23000          883.333    20316666  9013571520    11195239          805.125
 2/ 7/2018 17:44:22         890         890         890         890       23000              890    20470000  9034041520    11218239          805.299
 2/ 7/2018 17:44:32         890         890         890         890        1500              890     1335000  9035376520    11219739          805.311
 2/ 7/2018 17:44:47         880         880         880         880       23000              880    20240000  9055616520    11242739          805.464
 2/ 7/2018 17:44:51         890         890         890         890       23000              890    20470000  9076086520    11265739          805.636
 2/ 7/2018 17:46:13         880         880         880         880       23000              880    20240000  9096326520    11288739          805.788
 2/ 7/2018 17:49:14         890         890         890         890       18949              890    16864610  9113191130    11307688          805.929
 2/ 7/2018 17:49:40         880         880         880         880          35              880       30800  9113221930    11307723          805.929
 2/ 7/2018 17:50: 9         880         880         880         880       18949              880    16675120  9129897050    11326672          806.053
 2/ 7/2018 17:50:18         900         900         900         900       10000              900     9000000  9138897050    11336672          806.136
 2/ 7/2018 17:50:32         900         900         900         900       18949              900    17054100  9155951150    11355621          806.292
 2/ 7/2018 17:50:33         880         880         880         880       18949              880    16675120  9172626270    11374570          806.415
 2/ 7/2018 17:50:34         900         900         900         900       18949              900    17054100  9189680370    11393519          806.571
 2/ 7/2018 17:50:35         880         880         880         880       18949              880    16675120  9206355490    11412468          806.693
 2/ 7/2018 17:50:36         890         890         880         880       18949          883.333    16738283  9223093773    11431417           806.82
 2/ 7/2018 17:50:37         890         890         890         890       18949              890    16864610  9239958383    11450366          806.957
 2/ 7/2018 17:51: 8         880         880         880         880       18949              880    16675120  9256633503    11469315          807.078
 2/ 7/2018 17:51:32         890         890         890         890       18949              890    16864610  9273498113    11488264          807.215
 2/ 7/2018 17:52: 3         880         880         880         880       18949              880    16675120  9290173233    11507213          807.335
 2/ 7/2018 17:57:14         890         890         890         890       18949              890    16864610  9307037843    11526162          807.471
 2/ 7/2018 17:57:18         870         870         870         870        1000              870      870000  9307907843    11527162          807.476
 2/ 7/2018 17:58:56         880         880         880         880       18949              880    16675120  9324582963    11546111          807.595
 2/ 7/2018 17:59: 5         890         890         880         880       18949          883.333    16738283  9341321246    11565060          807.719
 2/ 7/2018 17:59:37         880         880         880         880       10000              880     8800000  9350121246    11575060          807.782
