         Date              Open        High         Low       Close      Volume     Typical Price         V*P    Total VP     Total V        VWAP    Message Count
10/ 7/2018  0: 2: 3          70          70          70          70       50000                70     3500000     3500000       50000          70           1
10/ 7/2018  6: 2:50          70          70          70          70       50000                70     3500000     7000000      100000          70           1
10/ 7/2018 28: 2:14          60          60          60          60       50000                60     3000000    10000000      150000     66.6667           1
10/ 7/2018 29: 2:54          70          70          70          70       50000                70     3500000    13500000      200000        67.5           1
10/ 7/2018 31: 2: 4          60          60          60          60       50000                60     3000000    16500000      250000          66           1
10/ 7/2018 31: 2: 5          70          70          70          70       50000                70     3500000    20000000      300000     66.6667           1
10/ 7/2018 50: 2: 7          70          70          70          70       50000                70     3500000    23500000      350000     67.1429           1
11/ 7/2018  1: 2: 1          70          70          70          70       50000                70     3500000    27000000      400000        67.5           1
11/ 7/2018  3: 2:45          70          70          70          70       50000                70     3500000    30500000      450000     67.7778           1
11/ 7/2018 18: 2:12          70          70          70          70       50000                70     3500000    34000000      500000          68           1
14/ 7/2018  0: 2: 1          70          70          70          70       50000                70     3500000    37500000      550000     68.1818           1
14/ 7/2018  4: 2: 5          70          70          70          70       50000                70     3500000    41000000      600000     68.3333           1
14/ 7/2018 20: 2:59          70          70          70          70       50000                70     3500000    44500000      650000     68.4615           1
14/ 7/2018 21: 2:52          70          70          70          70       50000                70     3500000    48000000      700000     68.5714           1
14/ 7/2018 41: 2:34          60          60          60          60       50000                60     3000000    51000000      750000          68           1
14/ 7/2018 52: 2:22          60          60          60          60       50000                60     3000000    54000000      800000        67.5           1
14/ 7/2018 59: 2: 9          60          60          60          60       50000                60     3000000    57000000      850000     67.0588           1
15/ 7/2018 13: 2: 1          60          60          60          60       50000                60     3000000    60000000      900000     66.6667           1
15/ 7/2018 13: 2:47          60          60          60          60       50000                60     3000000    63000000      950000     66.3158           1
15/ 7/2018 57: 2:51          60          60          60          60       50000                60     3000000    66000000     1000000          66           1
16/ 7/2018  5: 2:41          60          60          60          60       50000                60     3000000    69000000     1050000     65.7143           1
16/ 7/2018  5: 2:42          60          60          60          60       50000                60     3000000    72000000     1100000     65.4545           1
16/ 7/2018 20: 2:56          60          60          60          60       50000                60     3000000    75000000     1150000     65.2174           1
