         Date              Open        High         Low       Close      Volume    Typical Price         V*P    Total VP     Total V            VWAP
 2/ 7/2018 10: 0: 3         900         900         900         900      100000              900    90000000    90000000      100000              900
 2/ 7/2018 10: 0: 4         890         890         890         890      100000              890    89000000   179000000      200000              895
 2/ 7/2018 10: 0: 9         900         900         900         900      100000              900    90000000   269000000      300000          896.667
 2/ 7/2018 10: 0:17         910         910         910         910      100000              910    91000000   360000000      400000              900
 2/ 7/2018 10: 0:23         910         910         910         910        2200              910     2002000   362002000      402200          900.055
 2/ 7/2018 10: 1:11         920         920         920         920      100000              920    92000000   454002000      502200          904.026
 2/ 7/2018 10: 1:18         930         930         930         930      100000              930    93000000   547002000      602200          908.339
 2/ 7/2018 10: 1:28         920         920         920         920      100000              920    92000000   639002000      702200              910
 2/ 7/2018 10: 1:33         930         930         930         930      100000              930    93000000   732002000      802200          912.493
 2/ 7/2018 10: 2:33         940         940         940         940      100000              940    94000000   826002000      902200          915.542
 2/ 7/2018 10: 2:36         930         930         930         930      100000              930    93000000   919002000     1002200          916.985
 2/ 7/2018 10: 3: 3         940         940         940         940      100000              940    94000000  1013002000     1102200          919.073
 2/ 7/2018 10: 3:55         930         930         930         930      100000              930    93000000  1106002000     1202200          919.982
 2/ 7/2018 10: 4: 8         920         920         920         920        2000              920     1840000  1107842000     1204200          919.982
 2/ 7/2018 10: 4:18         940         940         940         940      100000              940    94000000  1201842000     1304200          921.517
 2/ 7/2018 10: 4:23         930         930         930         930      100000              930    93000000  1294842000     1404200          922.121
 2/ 7/2018 10: 4:33         940         940         940         940      100000              940    94000000  1388842000     1504200          923.309
 2/ 7/2018 10: 5:43         950         950         950         950      100000              950    95000000  1483842000     1604200          924.973
 2/ 7/2018 10: 6: 0         940         940         940         940      100000              940    94000000  1577842000     1704200          925.855
 2/ 7/2018 10: 6: 1         930         930         930         930      100000              930    93000000  1670842000     1804200          926.085
 2/ 7/2018 10: 6: 5         940         940         940         940      100000              940    94000000  1764842000     1904200          926.815
 2/ 7/2018 10: 6:18         950         950         950         950      100000              950    95000000  1859842000     2004200          927.972
 2/ 7/2018 10: 6:26         940         940         940         940      100000              940    94000000  1953842000     2104200          928.544
 2/ 7/2018 10: 6:29         950         950         950         950      100000              950    95000000  2048842000     2204200          929.517
 2/ 7/2018 10: 6:31         940         940         940         940      100000              940    94000000  2142842000     2304200          929.972
 2/ 7/2018 10: 6:39         930         930         930         930      100000              930    93000000  2235842000     2404200          929.973
 2/ 7/2018 10: 6:42         940         940         940         940      100000              940    94000000  2329842000     2504200          930.374
 2/ 7/2018 10: 6:43         930         930         930         930      100000              930    93000000  2422842000     2604200          930.359
 2/ 7/2018 10: 6:44         940         940         940         940      100000              940    94000000  2516842000     2704200          930.716
 2/ 7/2018 10: 6:51         930         930         930         930      100000              930    93000000  2609842000     2804200           930.69
 2/ 7/2018 10: 6:52         940         940         940         940      100000              940    94000000  2703842000     2904200          931.011
 2/ 7/2018 10: 6:53         930         930         930         930      100000              930    93000000  2796842000     3004200          930.977
 2/ 7/2018 10: 6:54         930         930         930         930      100000              930    93000000  2889842000     3104200          930.946
 2/ 7/2018 10: 6:55         940         940         940         940      100000              940    94000000  2983842000     3204200          931.228
 2/ 7/2018 10: 6:56         930         930         930         930      100000              930    93000000  3076842000     3304200          931.191
 2/ 7/2018 10: 6:57         940         940         940         940      100000              940    94000000  3170842000     3404200           931.45
 2/ 7/2018 10: 6:59         930         930         930         930      100000              930    93000000  3263842000     3504200          931.409
 2/ 7/2018 10: 7: 1         940         940         940         940      100000              940    94000000  3357842000     3604200          931.647
 2/ 7/2018 10: 7: 2         930         930         930         930      100000              930    93000000  3450842000     3704200          931.603
 2/ 7/2018 10: 7:21         920         920         920         920      100000              920    92000000  3542842000     3804200          931.298
 2/ 7/2018 10: 7:30         930         930         930         930      100000              930    93000000  3635842000     3904200          931.264
 2/ 7/2018 10: 7:39         940         940         940         940      100000              940    94000000  3729842000     4004200          931.482
 2/ 7/2018 10: 7:40         930         930         930         930      100000              930    93000000  3822842000     4104200          931.446
 2/ 7/2018 10: 8: 0         920         920         920         920      100000              920    92000000  3914842000     4204200          931.174
 2/ 7/2018 10: 9:29         930         930         930         930      100000              930    93000000  4007842000     4304200          931.147
 2/ 7/2018 10: 9:46         920         920         920         920      100000              920    92000000  4099842000     4404200          930.894
 2/ 7/2018 10: 9:58         910         910         910         910      100000              910    91000000  4190842000     4504200           930.43
 2/ 7/2018 10:10: 8         920         920         920         920      100000              920    92000000  4282842000     4604200          930.203
 2/ 7/2018 10:10:20         910         910         910         910      100000              910    91000000  4373842000     4704200          929.774
 2/ 7/2018 10:10:30         900         900         900         900      100000              900    90000000  4463842000     4804200          929.154
 2/ 7/2018 10:10:42         910         910         910         910      100000              910    91000000  4554842000     4904200          928.764
 2/ 7/2018 10:10:48         900         900         900         900      100000              900    90000000  4644842000     5004200          928.189
 2/ 7/2018 10:12:12         890         890         890         890      100000              890    89000000  4733842000     5104200          927.441
 2/ 7/2018 10:12:29         900         900         900         900      100000              900    90000000  4823842000     5204200          926.913
 2/ 7/2018 10:12:41         910         910         910         910      100000              910    91000000  4914842000     5304200          926.594
 2/ 7/2018 10:13: 3         920         920         920         920      100000              920    92000000  5006842000     5404200          926.472
 2/ 7/2018 10:14:43         910         910         910         910      100000              910    91000000  5097842000     5504200          926.173
 2/ 7/2018 10:15:28         920         920         920         920      100000              920    92000000  5189842000     5604200          926.063
 2/ 7/2018 10:15:41         910         910         910         910      100000              910    91000000  5280842000     5704200          925.781
 2/ 7/2018 10:15:59         920         920         920         920      100000              920    92000000  5372842000     5804200          925.682
 2/ 7/2018 10:16: 5         930         930         930         930      100000              930    93000000  5465842000     5904200          925.755
 2/ 7/2018 10:18: 5         940         940         940         940      100000              940    94000000  5559842000     6004200          925.992
 2/ 7/2018 10:18: 6         930         930         930         930      100000              930    93000000  5652842000     6104200          926.058
 2/ 7/2018 10:19: 2         940         940         940         940      100000              940    94000000  5746842000     6204200          926.283
 2/ 7/2018 10:19:20         950         950         950         950      100000              950    95000000  5841842000     6304200          926.659
 2/ 7/2018 10:19:21         940         940         940         940      100000              940    94000000  5935842000     6404200          926.867
 2/ 7/2018 10:20: 8         930         930         930         930      100000              930    93000000  6028842000     6504200          926.915
 2/ 7/2018 10:20:20         920         920         920         920      100000              920    92000000  6120842000     6604200          926.811
 2/ 7/2018 10:20:29         930         930         930         930      100000              930    93000000  6213842000     6704200          926.858
 2/ 7/2018 10:24:30         930         930         930         930         141              930      131130  6213973130     6704341          926.858
 2/ 7/2018 10:25:57         930         930         930         930         141              930      131130  6214104260     6704482          926.858
 2/ 7/2018 10:26:33         940         940         940         940         139              940      130660  6214234920     6704621          926.858
 2/ 7/2018 10:27:43         940         940         940         940      100000              940    94000000  6308234920     6804621          927.052
 2/ 7/2018 10:27:48         950         950         950         950      100000              950    95000000  6403234920     6904621          927.384
 2/ 7/2018 10:28:19         940         940         940         940      100000              940    94000000  6497234920     7004621          927.564
 2/ 7/2018 10:28:40         930         930         930         930      100000              930    93000000  6590234920     7104621          927.598
 2/ 7/2018 10:29:56         920         920         920         920      100000              920    92000000  6682234920     7204621          927.493
 2/ 7/2018 10:30: 2         930         930         930         930      100000              930    93000000  6775234920     7304621          927.527
 2/ 7/2018 10:30:26         940         940         940         940      100000              940    94000000  6869234920     7404621          927.696
 2/ 7/2018 10:30:45         930         930         930         930      100000              930    93000000  6962234920     7504621          927.726
 2/ 7/2018 10:31:16         920         920         920         920      100000              920    92000000  7054234920     7604621          927.625
 2/ 7/2018 10:31:46         910         910         910         910      100000              910    91000000  7145234920     7704621          927.396
 2/ 7/2018 10:33: 6         900         900         900         900      100000              900    90000000  7235234920     7804621          927.045
 2/ 7/2018 10:33: 7         910         910         910         910      100000              910    91000000  7326234920     7904621          926.829
 2/ 7/2018 10:33: 8         900         900         900         900      100000              900    90000000  7416234920     8004621          926.494
 2/ 7/2018 10:33: 9         910         910         910         910      100000              910    91000000  7507234920     8104621          926.291
 2/ 7/2018 10:33:14         900         900         900         900      100000              900    90000000  7597234920     8204621           925.97
 2/ 7/2018 10:33:15         910         910         910         910      100000              910    91000000  7688234920     8304621          925.778
 2/ 7/2018 10:33:49         900         900         900         900      100000              900    90000000  7778234920     8404621          925.471
 2/ 7/2018 10:33:53         890         890         890         890      100000              890    89000000  7867234920     8504621          925.054
 2/ 7/2018 10:34:11         900         900         900         900      100000              900    90000000  7957234920     8604621          924.763
 2/ 7/2018 10:35: 2         910         910         910         910      100000              910    91000000  8048234920     8704621          924.593
 2/ 7/2018 10:35:16         920         920         920         920      100000              920    92000000  8140234920     8804621          924.541
 2/ 7/2018 10:36:11         910         910         910         910      100000              910    91000000  8231234920     8904621          924.378
 2/ 7/2018 10:36:14         920         920         920         920      100000              920    92000000  8323234920     9004621          924.329
 2/ 7/2018 10:37:37         910         910         910         910      100000              910    91000000  8414234920     9104621          924.172
 2/ 7/2018 10:37:46         900         900         900         900      100000              900    90000000  8504234920     9204621          923.909
 2/ 7/2018 10:38: 6         910         910         910         910      100000              910    91000000  8595234920     9304621           923.76
 2/ 7/2018 10:38: 9         900         900         900         900      100000              900    90000000  8685234920     9404621          923.507
 2/ 7/2018 10:38:11         910         910         910         910      100000              910    91000000  8776234920     9504621          923.365
 2/ 7/2018 10:38:15         900         900         900         900      100000              900    90000000  8866234920     9604621          923.122
 2/ 7/2018 10:38:16         910         910         910         910      100000              910    91000000  8957234920     9704621          922.987
 2/ 7/2018 10:38:20         900         900         900         900      100000              900    90000000  9047234920     9804621          922.752
 2/ 7/2018 10:38:21         910         910         910         910      100000              910    91000000  9138234920     9904621          922.623
 2/ 7/2018 10:38:22         900         900         900         900      100000              900    90000000  9228234920    10004621          922.397
 2/ 7/2018 10:38:23         910         910         910         910      100000              910    91000000  9319234920    10104621          922.275
 2/ 7/2018 10:38:24         900         900         900         900      100000              900    90000000  9409234920    10204621          922.056
 2/ 7/2018 10:38:25         910         910         910         910      100000              910    91000000  9500234920    10304621          921.939
 2/ 7/2018 10:38:28         900         900         900         900      100000              900    90000000  9590234920    10404621          921.728
 2/ 7/2018 10:38:29         910         910         910         910      100000              910    91000000  9681234920    10504621          921.617
 2/ 7/2018 10:38:30         900         900         900         900      100000              900    90000000  9771234920    10604621          921.413
 2/ 7/2018 10:38:31         910         910         910         910      100000              910    91000000  9862234920    10704621          921.306
 2/ 7/2018 10:38:52         900         900         900         900      100000              900    90000000  9952234920    10804621          921.109
 2/ 7/2018 10:39:42         910         910         910         910      100000              910    91000000 10043234920    10904621          921.007
 2/ 7/2018 10:40:22         920         920         920         920      100000              920    92000000 10135234920    11004621          920.998
 2/ 7/2018 10:40:40         910         910         910         910      100000              910    91000000 10226234920    11104621          920.899
 2/ 7/2018 10:41:12         900         900         900         900      100000              900    90000000 10316234920    11204621          920.713
 2/ 7/2018 10:41:35         910         910         910         910      100000              910    91000000 10407234920    11304621          920.618
 2/ 7/2018 10:41:36         900         900         900         900      100000              900    90000000 10497234920    11404621          920.437
 2/ 7/2018 10:43:33         910         910         910         910      100000              910    91000000 10588234920    11504621          920.346
 2/ 7/2018 10:43:35         900         900         900         900      100000              900    90000000 10678234920    11604621          920.171
 2/ 7/2018 10:43:36         910         910         910         910      100000              910    91000000 10769234920    11704621          920.084
 2/ 7/2018 10:43:42         900         900         900         900      100000              900    90000000 10859234920    11804621          919.914
 2/ 7/2018 10:43:47         910         910         910         910      100000              910    91000000 10950234920    11904621          919.831
 2/ 7/2018 10:45:32         900         900         900         900      100000              900    90000000 11040234920    12004621          919.665
 2/ 7/2018 10:46:12         910         910         910         910      100000              910    91000000 11131234920    12104621          919.586
 2/ 7/2018 10:47:13         900         900         900         900      100000              900    90000000 11221234920    12204621          919.425
 2/ 7/2018 10:47:53         890         890         890         890      100000              890    89000000 11310234920    12304621          919.186
 2/ 7/2018 10:48:45         900         900         900         900      100000              900    90000000 11400234920    12404621          919.031
 2/ 7/2018 10:48:46         890         890         890         890      100000              890    89000000 11489234920    12504621          918.799
 2/ 7/2018 10:48:48         880         880         880         880      100000              880    88000000 11577234920    12604621          918.491
 2/ 7/2018 10:48:50         870         870         870         870      100000              870    87000000 11664234920    12704621           918.11
 2/ 7/2018 10:48:51         860         860         860         860      100000              860    86000000 11750234920    12804621          917.656
 2/ 7/2018 10:48:52         870         870         870         870      100000              870    87000000 11837234920    12904621          917.287
 2/ 7/2018 10:49:17         860         860         860         860      100000              860    86000000 11923234920    13004621          916.846
 2/ 7/2018 10:49:29         850         850         850         850      100000              850    85000000 12008234920    13104621          916.336
 2/ 7/2018 10:49:43         840         840         840         840      100000              840    84000000 12092234920    13204621          915.758
 2/ 7/2018 10:49:48         830         830         830         830      100000              830    83000000 12175234920    13304621          915.113
 2/ 7/2018 10:49:50         820         820         820         820      100000              820    82000000 12257234920    13404621          914.404
 2/ 7/2018 10:49:51         810         810         810         810      100000              810    81000000 12338234920    13504621          913.631
 2/ 7/2018 10:49:56         820         820         820         820      100000              820    82000000 12420234920    13604621          912.942
 2/ 7/2018 10:50:10         810         810         810         810      100000              810    81000000 12501234920    13704621          912.191
 2/ 7/2018 10:50:11         820         820         820         820      100000              820    82000000 12583234920    13804621          911.523
 2/ 7/2018 10:50:24         830         830         830         830      100000              830    83000000 12666234920    13904621          910.937
 2/ 7/2018 10:52:46         840         840         840         840      100000              840    84000000 12750234920    14004621          910.431
 2/ 7/2018 10:53:16         850         850         850         850      100000              850    85000000 12835234920    14104621          910.002
 2/ 7/2018 10:54: 7         840         840         840         840        2500              840     2100000 12837334920    14107121           909.99
 2/ 7/2018 10:54:15         840         840         840         840       97500              840    81900000 12919234920    14204621          909.509
 2/ 7/2018 10:54:46         830         830         830         830      100000              830    83000000 13002234920    14304621          908.953
 2/ 7/2018 10:55: 7         840         840         840         840      100000              840    84000000 13086234920    14404621          908.475
 2/ 7/2018 10:56:21         830         830         830         830      100000              830    83000000 13169234920    14504621          907.934
 2/ 7/2018 10:56:23         820         820         820         820      100000              820    82000000 13251234920    14604621          907.332
 2/ 7/2018 10:56:44         810         810         810         810      100000              810    81000000 13332234920    14704621           906.67
 2/ 7/2018 10:57: 1         820         820         820         820      100000              820    82000000 13414234920    14804621          906.084
 2/ 7/2018 10:57: 2         810         810         810         810      100000              810    81000000 13495234920    14904621           905.44
 2/ 7/2018 10:57: 8         820         820         820         820      100000              820    82000000 13577234920    15004621           904.87
 2/ 7/2018 10:58: 0         830         830         830         830      100000              830    83000000 13660234920    15104621          904.375
 2/ 7/2018 10:58: 3         820         820         820         820      100000              820    82000000 13742234920    15204621           903.82
 2/ 7/2018 10:58:15         830         830         830         830      100000              830    83000000 13825234920    15304621          903.337
 2/ 7/2018 10:58:56         820         820         820         820      100000              820    82000000 13907234920    15404621          902.796
 2/ 7/2018 10:59: 2         830         830         830         830      100000              830    83000000 13990234920    15504621          902.327
 2/ 7/2018 10:59: 7         840         840         840         840      100000              840    84000000 14074234920    15604621          901.927
 2/ 7/2018 10:59:11         830         830         830         830      100000              830    83000000 14157234920    15704621          901.469
 2/ 7/2018 10:59:37         840         840         840         840      100000              840    84000000 14241234920    15804621           901.08
 2/ 7/2018 10:59:52         830         830         830         830      100000              830    83000000 14324234920    15904621          900.634
 2/ 7/2018 11: 0:10         840         840         840         840      100000              840    84000000 14408234920    16004621          900.255
 2/ 7/2018 11: 0:23         830         830         830         830      100000              830    83000000 14491234920    16104621          899.818
 2/ 7/2018 11: 0:48         840         840         840         840      100000              840    84000000 14575234920    16204621          899.449
 2/ 7/2018 11: 0:49         830         830         830         830      100000              830    83000000 14658234920    16304621          899.023
 2/ 7/2018 11: 0:50         840         840         840         840      100000              840    84000000 14742234920    16404621          898.664
 2/ 7/2018 11: 0:51         840         840         840         840      100000              840    84000000 14826234920    16504621          898.308
 2/ 7/2018 11: 0:53         830         830         830         830      100000              830    83000000 14909234920    16604621          897.897
 2/ 7/2018 11: 0:54         820         820         820         820      100000              820    82000000 14991234920    16704621           897.43
 2/ 7/2018 11: 1:30         830         830         830         830      100000              830    83000000 15074234920    16804621          897.029
 2/ 7/2018 11: 1:31         820         820         820         820      100000              820    82000000 15156234920    16904621          896.573
 2/ 7/2018 11: 1:32         830         830         830         830      100000              830    83000000 15239234920    17004621          896.182
 2/ 7/2018 11: 1:33         820         820         820         820      100000              820    82000000 15321234920    17104621          895.737
 2/ 7/2018 11: 1:34         830         830         830         830      100000              830    83000000 15404234920    17204621          895.355
 2/ 7/2018 11: 1:35         820         820         820         820      100000              820    82000000 15486234920    17304621          894.919
 2/ 7/2018 11: 1:36         820         820         820         820      100000              820    82000000 15568234920    17404621          894.489
 2/ 7/2018 11: 1:38         830         830         830         830      100000              830    83000000 15651234920    17504621           894.12
 2/ 7/2018 11: 1:46         820         820         820         820      100000              820    82000000 15733234920    17604621          893.699
 2/ 7/2018 11: 1:59         830         830         830         830      100000              830    83000000 15816234920    17704621          893.339
 2/ 7/2018 11: 2: 0         820         820         820         820      100000              820    82000000 15898234920    17804621          892.927
 2/ 7/2018 11: 2: 3         830         830         830         830      100000              830    83000000 15981234920    17904621          892.576
 2/ 7/2018 11: 2: 4         820         820         820         820      100000              820    82000000 16063234920    18004621          892.173
 2/ 7/2018 11: 2: 5         830         830         830         830      100000              830    83000000 16146234920    18104621          891.829
 2/ 7/2018 11: 2:17         820         820         820         820      100000              820    82000000 16228234920    18204621          891.435
 2/ 7/2018 11: 2:19         830         830         830         830      100000              830    83000000 16311234920    18304621          891.099
 2/ 7/2018 11: 2:22         820         820         820         820      100000              820    82000000 16393234920    18404621          890.713
 2/ 7/2018 11: 2:23         830         830         830         830      100000              830    83000000 16476234920    18504621          890.385
 2/ 7/2018 11: 3:45         830         830         830         830        3400              830     2822000 16479056920    18508021          890.374
 2/ 7/2018 11: 4:16         820         820         820         820      100000              820    82000000 16561056920    18608021          889.996
 2/ 7/2018 11: 4:18         830         830         830         830      100000              830    83000000 16644056920    18708021          889.675
 2/ 7/2018 11: 4:19         820         820         820         820      100000              820    82000000 16726056920    18808021          889.304
 2/ 7/2018 11: 4:27         830         830         830         830      100000              830    83000000 16809056920    18908021          888.991
 2/ 7/2018 11: 4:28         820         820         820         820      100000              820    82000000 16891056920    19008021          888.628
 2/ 7/2018 11: 4:29         830         830         830         830      100000              830    83000000 16974056920    19108021          888.321
 2/ 7/2018 11: 4:53         820         820         820         820      100000              820    82000000 17056056920    19208021          887.965
 2/ 7/2018 11: 6:13         810         810         810         810      100000              810    81000000 17137056920    19308021          887.562
 2/ 7/2018 11: 6:52         800         800         800         800      100000              800    80000000 17217056920    19408021           887.11
 2/ 7/2018 11: 7:17         810         810         810         810      100000              810    81000000 17298056920    19508021          886.715
 2/ 7/2018 11: 8:42         800         800         800         800      100000              800    80000000 17378056920    19608021          886.273
 2/ 7/2018 11:15:11         790         790         790         790      100000              790    79000000 17457056920    19708021          885.784
 2/ 7/2018 11:16:33         800         800         800         800      100000              800    80000000 17537056920    19808021          885.351
 2/ 7/2018 11:16:37         790         790         790         790      100000              790    79000000 17616056920    19908021          884.872
 2/ 7/2018 11:16:38         800         800         800         800      100000              800    80000000 17696056920    20008021          884.448
 2/ 7/2018 11:16:40         790         790         790         790      100000              790    79000000 17775056920    20108021          883.978
 2/ 7/2018 11:16:45         800         800         800         800      100000              800    80000000 17855056920    20208021          883.563
 2/ 7/2018 11:16:46         790         790         790         790      100000              790    79000000 17934056920    20308021          883.102
 2/ 7/2018 11:16:47         800         800         800         800      100000              800    80000000 18014056920    20408021          882.695
 2/ 7/2018 11:16:48         790         790         790         790      100000              790    79000000 18093056920    20508021          882.243
 2/ 7/2018 11:16:49         800         800         800         800      100000              800    80000000 18173056920    20608021          881.844
 2/ 7/2018 11:16:50         790         790         790         790      100000              790    79000000 18252056920    20708021            881.4
 2/ 7/2018 11:16:54         800         800         800         800      100000              800    80000000 18332056920    20808021          881.009
 2/ 7/2018 11:16:55         790         790         790         790      100000              790    79000000 18411056920    20908021          880.574
 2/ 7/2018 11:16:59         800         800         800         800      100000              800    80000000 18491056920    21008021           880.19
 2/ 7/2018 11:17: 0         790         790         790         790      100000              790    79000000 18570056920    21108021          879.763
 2/ 7/2018 11:17: 4         800         800         800         800      100000              800    80000000 18650056920    21208021          879.387
 2/ 7/2018 11:17: 5         790         790         790         790      100000              790    79000000 18729056920    21308021          878.967
 2/ 7/2018 11:17: 7         800         800         800         800      100000              800    80000000 18809056920    21408021          878.599
 2/ 7/2018 11:17: 9         790         790         790         790      100000              790    79000000 18888056920    21508021          878.187
 2/ 7/2018 11:17:10         800         800         800         800      100000              800    80000000 18968056920    21608021          877.825
 2/ 7/2018 11:17:20         790         790         790         790      100000              790    79000000 19047056920    21708021           877.42
 2/ 7/2018 11:17:21         800         800         800         800      100000              800    80000000 19127056920    21808021          877.065
 2/ 7/2018 11:17:25         790         790         790         790      100000              790    79000000 19206056920    21908021          876.668
 2/ 7/2018 11:17:26         790         790         790         790      100000              790    79000000 19285056920    22008021          876.274
 2/ 7/2018 11:17:27         800         800         800         800      100000              800    80000000 19365056920    22108021          875.929
 2/ 7/2018 11:17:28         790         790         790         790      100000              790    79000000 19444056920    22208021          875.542
 2/ 7/2018 11:17:29         800         800         800         800      100000              800    80000000 19524056920    22308021          875.203
 2/ 7/2018 11:17:33         790         790         790         790      100000              790    79000000 19603056920    22408021          874.823
 2/ 7/2018 11:17:34         800         800         800         800      100000              800    80000000 19683056920    22508021          874.491
 2/ 7/2018 11:17:51         790         790         790         790      100000              790    79000000 19762056920    22608021          874.117
 2/ 7/2018 11:17:53         800         800         800         800      100000              800    80000000 19842056920    22708021          873.791
 2/ 7/2018 11:18: 2         790         790         790         790      100000              790    79000000 19921056920    22808021          873.423
 2/ 7/2018 11:18:10         800         800         800         800      100000              800    80000000 20001056920    22908021          873.103
 2/ 7/2018 11:18:11         790         790         790         790      100000              790    79000000 20080056920    23008021          872.742
 2/ 7/2018 11:18:13         800         800         800         800      100000              800    80000000 20160056920    23108021          872.427
 2/ 7/2018 11:18:14         790         790         790         790      100000              790    79000000 20239056920    23208021          872.072
 2/ 7/2018 11:18:17         800         800         800         800      100000              800    80000000 20319056920    23308021          871.762
 2/ 7/2018 11:18:20         790         790         790         790      100000              790    79000000 20398056920    23408021          871.413
 2/ 7/2018 11:18:21         800         800         800         800      100000              800    80000000 20478056920    23508021          871.109
 2/ 7/2018 11:18:56         810         810         810         810      100000              810    81000000 20559056920    23608021          870.851
 2/ 7/2018 11:19:29         800         800         800         800        3400              800     2720000 20561776920    23611421           870.84
 2/ 7/2018 11:19:55         820         820         820         820      100000              820    82000000 20643776920    23711421          870.626
 2/ 7/2018 11:22: 2         810         810         810         810      100000              810    81000000 20724776920    23811421          870.371
 2/ 7/2018 11:22:40         820         820         820         820      100000              820    82000000 20806776920    23911421          870.161
 2/ 7/2018 11:25: 6         830         830         830         830      100000              830    83000000 20889776920    24011421          869.993
 2/ 7/2018 11:25:14         820         820         820         820      100000              820    82000000 20971776920    24111421          869.786
 2/ 7/2018 11:25:42         830         830         830         830      100000              830    83000000 21054776920    24211421          869.622
 2/ 7/2018 11:26:10         820         820         820         820      100000              820    82000000 21136776920    24311421          869.418
 2/ 7/2018 11:26:54         810         810         810         810      100000              810    81000000 21217776920    24411421          869.174
 2/ 7/2018 11:27: 5         820         820         820         820      100000              820    82000000 21299776920    24511421          868.974
 2/ 7/2018 11:30:14         810         810         810         810      100000              810    81000000 21380776920    24611421          868.734
 2/ 7/2018 11:30:38         820         820         820         820      100000              820    82000000 21462776920    24711421          868.537
 2/ 7/2018 11:31: 0         810         810         810         810      100000              810    81000000 21543776920    24811421          868.301
 2/ 7/2018 11:31:22         800         800         800         800      100000              800    80000000 21623776920    24911421          868.027
 2/ 7/2018 11:32:16         810         810         810         810      100000              810    81000000 21704776920    25011421          867.795
 2/ 7/2018 11:33: 2         820         820         820         820      100000              820    82000000 21786776920    25111421          867.604
 2/ 7/2018 11:33:54         830         830         830         830      100000              830    83000000 21869776920    25211421          867.455
 2/ 7/2018 11:34:50         920         920         920         920        2500              920     2300000 21872076920    25213921           867.46
 2/ 7/2018 11:35: 5         840         840         840         840      100000              840    84000000 21956076920    25313921          867.352
 2/ 7/2018 11:36: 8         830         830         830         830      100000              830    83000000 22039076920    25413921          867.205
 2/ 7/2018 11:37: 6         820         820         820         820      100000              820    82000000 22121076920    25513921           867.02
 2/ 7/2018 11:37:17         830         830         830         830      100000              830    83000000 22204076920    25613921          866.875
 2/ 7/2018 11:40: 8         820         820         820         820      100000              820    82000000 22286076920    25713921          866.693
 2/ 7/2018 11:41:26         810         810         810         810      100000              810    81000000 22367076920    25813921          866.473
 2/ 7/2018 11:43: 7         800         800         800         800      100000              800    80000000 22447076920    25913921          866.217
 2/ 7/2018 11:43:50         810         810         810         810      100000              810    81000000 22528076920    26013921          866.001
 2/ 7/2018 11:44:40         800         800         800         800      100000              800    80000000 22608076920    26113921          865.748
 2/ 7/2018 11:44:52         790         790         790         790      100000              790    79000000 22687076920    26213921          865.459
 2/ 7/2018 11:45:19         800         800         800         800      100000              800    80000000 22767076920    26313921           865.21
 2/ 7/2018 11:45:38         810         810         810         810      100000              810    81000000 22848076920    26413921          865.001
 2/ 7/2018 11:46:10         800         800         800         800      100000              800    80000000 22928076920    26513921          864.756
 2/ 7/2018 11:48:23         790         790         790         790      100000              790    79000000 23007076920    26613921          864.475
 2/ 7/2018 11:48:37         800         800         800         800      100000              800    80000000 23087076920    26713921          864.234
 2/ 7/2018 11:48:38         790         790         790         790        1000              790      790000 23087866920    26714921          864.231
 2/ 7/2018 11:48:55         790         790         790         790       99000              790    78210000 23166076920    26813921          863.957
 2/ 7/2018 11:49:14        1190        1190        1190        1190         400             1190      476000 23166552920    26814321          863.962
 2/ 7/2018 11:49:32         780         780         780         780      100000              780    78000000 23244552920    26914321           863.65
 2/ 7/2018 11:49:50         790         790         790         790      100000              790    79000000 23323552920    27014321          863.377
 2/ 7/2018 11:51:11         790         790         790         790        1290              790     1019100 23324572020    27015611          863.374
 2/ 7/2018 11:51:12         780         780         780         780      100000              780    78000000 23402572020    27115611          863.066
 2/ 7/2018 11:52:25         790         790         790         790      100000              790    79000000 23481572020    27215611          862.798
 2/ 7/2018 11:52:41         780         780         780         780        1000              780      780000 23482352020    27216611          862.795
 2/ 7/2018 11:53:32         780         780         780         780       99000              780    77220000 23559572020    27315611          862.495
 2/ 7/2018 11:53:33         770         770         770         770      100000              770    77000000 23636572020    27415611          862.157
 2/ 7/2018 11:54: 2         760         760         760         760      100000              760    76000000 23712572020    27515611          861.786
 2/ 7/2018 11:55:11         750         750         750         750      100000              750    75000000 23787572020    27615611          861.381
 2/ 7/2018 11:55:42         760         760         760         760      100000              760    76000000 23863572020    27715611          861.016
 2/ 7/2018 11:55:58         750         750         750         750         500              750      375000 23863947020    27716111          861.014
 2/ 7/2018 12: 0:31         750         750         750         750       99500              750    74625000 23938572020    27815611          860.616
 2/ 7/2018 12: 0:33         760         760         760         760      100000              760    76000000 24014572020    27915611          860.256
 2/ 7/2018 12: 1: 9         770         770         770         770        2000              770     1540000 24016112020    27917611           860.25
 2/ 7/2018 12: 1:33         770         770         770         770      100000              770    77000000 24093112020    28017611          859.927
 2/ 7/2018 12: 2: 3         760         760         760         760      100000              760    76000000 24169112020    28117611          859.572
 2/ 7/2018 12: 2:17         770         770         770         770      100000              770    77000000 24246112020    28217611          859.255
 2/ 7/2018 12: 2:33         760         760         760         760      100000              760    76000000 24322112020    28317611          858.904
 2/ 7/2018 12: 2:41         770         770         770         770      100000              770    77000000 24399112020    28417611          858.591
 2/ 7/2018 12: 2:43         760         760         760         760      100000              760    76000000 24475112020    28517611          858.246
 2/ 7/2018 12: 5:12         800         800         800         800         500              800      400000 24475512020    28518111          858.245
 2/ 7/2018 12: 8:59         770         770         770         770      100000              770    77000000 24552512020    28618111          857.936
 2/ 7/2018 12: 9:10         760         760         760         760      100000              760    76000000 24628512020    28718111          857.595
 2/ 7/2018 12: 9:38         770         770         770         770      100000              770    77000000 24705512020    28818111          857.291
 2/ 7/2018 12:10:29         760         760         760         760      100000              760    76000000 24781512020    28918111          856.955
 2/ 7/2018 12:10:33         770         770         770         770      100000              770    77000000 24858512020    29018111          856.655
 2/ 7/2018 12:11: 3         760         760         760         760      100000              760    76000000 24934512020    29118111          856.323
 2/ 7/2018 12:11: 6         770         770         770         770      100000              770    77000000 25011512020    29218111          856.028
 2/ 7/2018 12:13:11         760         760         760         760      100000              760    76000000 25087512020    29318111            855.7
 2/ 7/2018 12:13:40         750         750         750         750        2351              750     1763250 25089275270    29320462          855.692
 2/ 7/2018 12:13:58         770         770         770         770      100000              770    77000000 25166275270    29420462            855.4
 2/ 7/2018 12:14: 5         760         760         760         760      100000              760    76000000 25242275270    29520462          855.077
 2/ 7/2018 12:14:56         770         770         770         770      100000              770    77000000 25319275270    29620462           854.79
 2/ 7/2018 12:15:10         760         760         760         760      100000              760    76000000 25395275270    29720462          854.471
 2/ 7/2018 12:15:53         770         770         770         770      100000              770    77000000 25472275270    29820462          854.188
 2/ 7/2018 12:16:12         760         760         760         760        2000              760     1520000 25473795270    29822462          854.181
 2/ 7/2018 12:18: 4         770         770         770         770        2000              770     1540000 25475335270    29824462          854.176
 2/ 7/2018 12:21:10         750         750         750         750        3000              750     2250000 25477585270    29827462          854.165
 2/ 7/2018 12:22: 7         780         780         780         780      100000              780    78000000 25555585270    29927462          853.918
 2/ 7/2018 12:25:19         790         790         790         790      100000              790    79000000 25634585270    30027462          853.705
 2/ 7/2018 12:26:28         840         840         840         840        3000              840     2520000 25637105270    30030462          853.703
 2/ 7/2018 12:26:48         800         800         800         800      100000              800    80000000 25717105270    30130462          853.525
 2/ 7/2018 12:27: 2         820         820         820         820        3000              820     2460000 25719565270    30133462          853.522
 2/ 7/2018 12:27:47         790         790         790         790      100000              790    79000000 25798565270    30233462          853.312
 2/ 7/2018 12:28:12         800         800         800         800      100000              800    80000000 25878565270    30333462          853.136
 2/ 7/2018 12:28:18         810         810         810         810        3000              810     2430000 25880995270    30336462          853.132
 2/ 7/2018 12:30:19         790         790         790         790      100000              790    79000000 25959995270    30436462          852.924
 2/ 7/2018 12:31: 1         800         800         800         800      100000              800    80000000 26039995270    30536462          852.751
 2/ 7/2018 12:33:41         810         810         810         810      100000              810    81000000 26120995270    30636462          852.611
 2/ 7/2018 12:35:24         820         820         820         820      100000              820    82000000 26202995270    30736462          852.505
 2/ 7/2018 12:36:37         830         830         830         830      100000              830    83000000 26285995270    30836462          852.432
 2/ 7/2018 12:37: 7         820         820         820         820      100000              820    82000000 26367995270    30936462          852.327
 2/ 7/2018 12:37:30         810         810         810         810      100000              810    81000000 26448995270    31036462          852.191
 2/ 7/2018 12:37:34         820         820         820         820      100000              820    82000000 26530995270    31136462          852.088
 2/ 7/2018 12:37:35         810         810         810         810      100000              810    81000000 26611995270    31236462          851.953
 2/ 7/2018 12:37:36         820         820         820         820      100000              820    82000000 26693995270    31336462          851.851
 2/ 7/2018 12:37:37         810         810         810         810      100000              810    81000000 26774995270    31436462          851.718
 2/ 7/2018 12:37:38         820         820         820         820      100000              820    82000000 26856995270    31536462          851.617
 2/ 7/2018 12:37:39         810         810         810         810      100000              810    81000000 26937995270    31636462          851.486
 2/ 7/2018 12:37:41         820         820         820         820      100000              820    82000000 27019995270    31736462          851.386
 2/ 7/2018 12:39: 9         810         810         810         810      100000              810    81000000 27100995270    31836462          851.257
 2/ 7/2018 12:39:33         820         820         820         820      100000              820    82000000 27182995270    31936462          851.159
 2/ 7/2018 12:41: 2         810         810         810         810      100000              810    81000000 27263995270    32036462           851.03
 2/ 7/2018 12:41:11         800         800         800         800      100000              800    80000000 27343995270    32136462          850.871
 2/ 7/2018 12:41:31         790         790         790         790      100000              790    79000000 27422995270    32236462          850.683
 2/ 7/2018 12:41:58         800         800         800         800      100000              800    80000000 27502995270    32336462          850.526
 2/ 7/2018 12:43:22         790         790         790         790        1000              790      790000 27503785270    32337462          850.524
 2/ 7/2018 12:43:25         810         810         810         810      100000              810    81000000 27584785270    32437462          850.399
 2/ 7/2018 12:44:49         800         800         800         800      100000              800    80000000 27664785270    32537462          850.244
 2/ 7/2018 12:45: 3         810         810         810         810      100000              810    81000000 27745785270    32637462          850.121
 2/ 7/2018 12:46:38         820         820         820         820      100000              820    82000000 27827785270    32737462          850.029
 2/ 7/2018 12:47: 1         810         810         810         810      100000              810    81000000 27908785270    32837462          849.907
 2/ 7/2018 12:49: 1         800         800         800         800      100000              800    80000000 27988785270    32937462          849.755
 2/ 7/2018 12:50:29         810         810         810         810      100000              810    81000000 28069785270    33037462          849.635
 2/ 7/2018 12:52:19         800         800         800         800      100000              800    80000000 28149785270    33137462          849.485
 2/ 7/2018 12:53:42        1100        1100        1100        1100        2500             1100     2750000 28152535270    33139962          849.504
 2/ 7/2018 12:54:10         790         790         790         790      100000              790    79000000 28231535270    33239962          849.325
 2/ 7/2018 12:54:11         800         800         800         800      100000              800    80000000 28311535270    33339962          849.177
 2/ 7/2018 12:54:42         790         790         790         790      100000              790    79000000 28390535270    33439962              849
 2/ 7/2018 12:54:43         800         800         800         800      100000              800    80000000 28470535270    33539962          848.854
 2/ 7/2018 12:54:53         790         790         790         790      100000              790    79000000 28549535270    33639962          848.679
 2/ 7/2018 12:54:54         800         800         800         800      100000              800    80000000 28629535270    33739962          848.535
 2/ 7/2018 12:56: 0         810         810         810         810      100000              810    81000000 28710535270    33839962          848.421
 2/ 7/2018 12:56:14         800         800         800         800      100000              800    80000000 28790535270    33939962          848.278
 2/ 7/2018 12:57:33         810         810         810         810      100000              810    81000000 28871535270    34039962          848.166
 2/ 7/2018 14: 0: 1         750         750         750         750      100000              750    75000000 28946535270    34139962          847.878
 2/ 7/2018 14: 2: 1         760         760         760         760      100000              760    76000000 29022535270    34239962          847.622
 2/ 7/2018 14: 9:38         750         750         750         750      100000              750    75000000 29097535270    34339962          847.337
 2/ 7/2018 14:10:24         760         760         760         760      100000              760    76000000 29173535270    34439962          847.084
 2/ 7/2018 14:11:50         750         750         750         750      100000              750    75000000 29248535270    34539962          846.803
 2/ 7/2018 14:12:24         760         760         760         760      100000              760    76000000 29324535270    34639962          846.552
 2/ 7/2018 14:12:25         750         750         750         750      100000              750    75000000 29399535270    34739962          846.274
 2/ 7/2018 14:12:26         760         760         760         760      100000              760    76000000 29475535270    34839962          846.027
 2/ 7/2018 14:12:27         750         750         750         750      100000              750    75000000 29550535270    34939962          845.752
 2/ 7/2018 14:12:33         760         760         760         760      100000              760    76000000 29626535270    35039962          845.507
 2/ 7/2018 14:12:34         750         750         750         750      100000              750    75000000 29701535270    35139962          845.235
 2/ 7/2018 14:12:35         760         760         760         760      100000              760    76000000 29777535270    35239962          844.993
 2/ 7/2018 14:12:36         750         750         750         750      100000              750    75000000 29852535270    35339962          844.725
 2/ 7/2018 14:12:37         760         760         760         760      100000              760    76000000 29928535270    35439962          844.486
 2/ 7/2018 14:12:41         750         750         750         750      100000              750    75000000 30003535270    35539962           844.22
 2/ 7/2018 14:12:46         760         760         760         760      100000              760    76000000 30079535270    35639962          843.983
 2/ 7/2018 14:12:47         750         750         750         750      100000              750    75000000 30154535270    35739962           843.72
 2/ 7/2018 14:12:48         760         760         760         760      100000              760    76000000 30230535270    35839962          843.487
 2/ 7/2018 14:12:49         750         750         750         750      100000              750    75000000 30305535270    35939962          843.227
 2/ 7/2018 14:12:52         760         760         760         760      100000              760    76000000 30381535270    36039962          842.996
 2/ 7/2018 14:12:58         750         750         750         750      100000              750    75000000 30456535270    36139962          842.738
 2/ 7/2018 14:13: 3         760         760         760         760      100000              760    76000000 30532535270    36239962           842.51
 2/ 7/2018 14:13: 4         750         750         750         750      100000              750    75000000 30607535270    36339962          842.256
 2/ 7/2018 14:13:31         760         760         760         760      100000              760    76000000 30683535270    36439962           842.03
 2/ 7/2018 14:13:32         750         750         750         750      100000              750    75000000 30758535270    36539962          841.778
 2/ 7/2018 14:13:38         760         760         760         760      100000              760    76000000 30834535270    36639962          841.555
 2/ 7/2018 14:13:43         750         750         750         750      100000              750    75000000 30909535270    36739962          841.306
 2/ 7/2018 14:13:44         760         760         760         760      100000              760    76000000 30985535270    36839962          841.085
 2/ 7/2018 14:13:45         750         750         750         750      100000              750    75000000 31060535270    36939962          840.838
 2/ 7/2018 14:14: 2         760         760         760         760      100000              760    76000000 31136535270    37039962           840.62
 2/ 7/2018 14:15:30         770         770         770         770      100000              770    77000000 31213535270    37139962           840.43
 2/ 7/2018 14:16:43         910         910         910         910        2500              910     2275000 31215810270    37142462          840.435
 2/ 7/2018 14:20:22         780         780         780         780      100000              780    78000000 31293810270    37242462          840.272
 2/ 7/2018 14:21: 3         770         770         770         770      100000              770    77000000 31370810270    37342462          840.084
 2/ 7/2018 14:22:44         760         760         760         760      100000              760    76000000 31446810270    37442462           839.87
 2/ 7/2018 14:22:56         750         750         750         750      100000              750    75000000 31521810270    37542462          839.631
 2/ 7/2018 14:24:13         740         740         740         740      100000              740    74000000 31595810270    37642462          839.366
 2/ 7/2018 14:27:36         750         750         750         750      100000              750    75000000 31670810270    37742462          839.129
 2/ 7/2018 14:27:59         760         760         760         760      100000              760    76000000 31746810270    37842462           838.92
 2/ 7/2018 14:28:59         750         750         750         750      100000              750    75000000 31821810270    37942462          838.686
 2/ 7/2018 14:29:23         780         780         780         780        2000              780     1560000 31823370270    37944462          838.683
 2/ 7/2018 14:30: 1         760         760         760         760      100000              760    76000000 31899370270    38044462          838.476
 2/ 7/2018 14:32:15         770         770         770         770      100000              770    77000000 31976370270    38144462          838.297
 2/ 7/2018 14:34: 7         760         760         760         760      100000              760    76000000 32052370270    38244462          838.092
 2/ 7/2018 14:35: 0         770         770         770         770      100000              770    77000000 32129370270    38344462          837.914
 2/ 7/2018 14:35: 2         760         760         760         760      100000              760    76000000 32205370270    38444462          837.712
 2/ 7/2018 14:35:25         770         770         770         770      100000              770    77000000 32282370270    38544462          837.536
 2/ 7/2018 14:35:26         760         760         760         760      100000              760    76000000 32358370270    38644462          837.335
 2/ 7/2018 14:35:35         770         770         770         770      100000              770    77000000 32435370270    38744462          837.161
 2/ 7/2018 14:35:37         760         760         760         760      100000              760    76000000 32511370270    38844462          836.963
 2/ 7/2018 14:36: 1         770         770         770         770      100000              770    77000000 32588370270    38944462          836.791
 2/ 7/2018 14:36: 2         760         760         760         760      100000              760    76000000 32664370270    39044462          836.594
 2/ 7/2018 14:36: 3         770         770         770         770      100000              770    77000000 32741370270    39144462          836.424
 2/ 7/2018 14:36:16         760         760         760         760      100000              760    76000000 32817370270    39244462          836.229
 2/ 7/2018 14:37: 0         770         770         770         770      100000              770    77000000 32894370270    39344462          836.061
 2/ 7/2018 14:37: 1         760         760         760         760      100000              760    76000000 32970370270    39444462          835.868
 2/ 7/2018 14:37: 3         770         770         770         770      100000              770    77000000 33047370270    39544462          835.702
 2/ 7/2018 14:37:16         760         760         760         760      100000              760    76000000 33123370270    39644462          835.511
 2/ 7/2018 14:37:18         770         770         770         770      100000              770    77000000 33200370270    39744462          835.346
 2/ 7/2018 14:37:24         760         760         760         760      100000              760    76000000 33276370270    39844462          835.157
 2/ 7/2018 14:37:56         770         770         770         770      100000              770    77000000 33353370270    39944462          834.994
 2/ 7/2018 14:37:57         760         760         760         760      100000              760    76000000 33429370270    40044462          834.806
 2/ 7/2018 14:41: 2         750         750         750         750      100000              750    75000000 33504370270    40144462          834.595
 2/ 7/2018 14:43:20         760         760         760         760      100000              760    76000000 33580370270    40244462           834.41
 2/ 7/2018 14:48:17         750         750         750         750      100000              750    75000000 33655370270    40344462            834.2
 2/ 7/2018 14:51:58         760         760         760         760      100000              760    76000000 33731370270    40444462          834.017
 2/ 7/2018 14:52:58         750         750         750         750      100000              750    75000000 33806370270    40544462           833.81
 2/ 7/2018 14:55:11         760         760         760         760      100000              760    76000000 33882370270    40644462          833.628
 2/ 7/2018 14:57:34         750         750         750         750      100000              750    75000000 33957370270    40744462          833.423
 2/ 7/2018 15: 3: 0         760         760         760         760      100000              760    76000000 34033370270    40844462          833.243
 2/ 7/2018 15: 4: 4         770         770         770         770      100000              770    77000000 34110370270    40944462          833.089
 2/ 7/2018 15: 4:30         780         780         780         780      100000              780    78000000 34188370270    41044462          832.959
 2/ 7/2018 15: 5:15         790         790         790         790      100000              790    79000000 34267370270    41144462          832.855
 2/ 7/2018 15: 6:36         800         800         800         800      100000              800    80000000 34347370270    41244462          832.775
 2/ 7/2018 15: 7: 8         790         790         790         790      100000              790    79000000 34426370270    41344462          832.672
 2/ 7/2018 15: 7:36         780         780         780         780      100000              780    78000000 34504370270    41444462          832.545
 2/ 7/2018 15:11:18         790         790         790         790      100000              790    79000000 34583370270    41544462          832.442
 2/ 7/2018 15:11:52         780         780         780         780      100000              780    78000000 34661370270    41644462          832.316
 2/ 7/2018 15:12:51         790         790         790         790      100000              790    79000000 34740370270    41744462          832.215
 2/ 7/2018 15:18:22         800         800         800         800      100000              800    80000000 34820370270    41844462          832.138
 2/ 7/2018 15:18:34         790         790         790         790      100000              790    79000000 34899370270    41944462          832.038
 2/ 7/2018 15:18:35         800         800         800         800      100000              800    80000000 34979370270    42044462          831.961
 2/ 7/2018 15:18:40         790         790         790         790      100000              790    79000000 35058370270    42144462          831.862
 2/ 7/2018 15:18:42         800         800         800         800      100000              800    80000000 35138370270    42244462          831.786
 2/ 7/2018 15:18:43         790         790         790         790      100000              790    79000000 35217370270    42344462          831.688
 2/ 7/2018 15:18:45         800         800         800         800      100000              800    80000000 35297370270    42444462          831.613
 2/ 7/2018 15:18:47         790         790         790         790      100000              790    79000000 35376370270    42544462          831.515
 2/ 7/2018 15:18:48         800         800         800         800      100000              800    80000000 35456370270    42644462          831.441
 2/ 7/2018 15:18:49         800         800         800         800      100000              800    80000000 35536370270    42744462          831.368
 2/ 7/2018 15:18:50         790         790         790         790      100000              790    79000000 35615370270    42844462          831.271
 2/ 7/2018 15:18:52         800         800         800         800      100000              800    80000000 35695370270    42944462          831.198
 2/ 7/2018 15:18:53         800         800         800         800      100000              800    80000000 35775370270    43044462          831.126
 2/ 7/2018 15:18:57         790         790         790         790      100000              790    79000000 35854370270    43144462          831.031
 2/ 7/2018 15:19: 0         800         800         800         800      100000              800    80000000 35934370270    43244462          830.959
 2/ 7/2018 15:19: 6         790         790         790         790      100000              790    79000000 36013370270    43344462          830.864
 2/ 7/2018 15:19: 7         800         800         800         800      100000              800    80000000 36093370270    43444462          830.793
 2/ 7/2018 15:19: 9         790         790         790         790      100000              790    79000000 36172370270    43544462            830.7
 2/ 7/2018 15:19:10         790         790         790         790      100000              790    79000000 36251370270    43644462          830.606
 2/ 7/2018 15:19:12         800         800         800         800      100000              800    80000000 36331370270    43744462          830.536
 2/ 7/2018 15:19:13         790         790         790         790      100000              790    79000000 36410370270    43844462          830.444
 2/ 7/2018 15:19:16         800         800         800         800      100000              800    80000000 36490370270    43944462          830.375
 2/ 7/2018 15:19:17         790         790         790         790      100000              790    79000000 36569370270    44044462          830.283
 2/ 7/2018 15:19:19         800         800         800         800      100000              800    80000000 36649370270    44144462          830.214
 2/ 7/2018 15:19:21         790         790         790         790      100000              790    79000000 36728370270    44244462          830.124
 2/ 7/2018 15:19:30         800         800         800         800      100000              800    80000000 36808370270    44344462          830.056
 2/ 7/2018 15:19:52         790         790         790         790      100000              790    79000000 36887370270    44444462          829.966
 2/ 7/2018 15:19:53         790         790         790         790      100000              790    79000000 36966370270    44544462          829.876
 2/ 7/2018 15:19:54         790         790         790         790      100000              790    79000000 37045370270    44644462          829.786
 2/ 7/2018 15:19:55         800         800         800         800      100000              800    80000000 37125370270    44744462           829.72
 2/ 7/2018 15:21:56         790         790         790         790      100000              790    79000000 37204370270    44844462          829.631
 2/ 7/2018 15:29:43         800         800         800         800      100000              800    80000000 37284370270    44944462          829.565
 2/ 7/2018 15:29:51         790         790         790         790      100000              790    79000000 37363370270    45044462          829.478
 2/ 7/2018 15:30:28         800         800         800         800      100000              800    80000000 37443370270    45144462          829.412
 2/ 7/2018 15:31:49         790         790         790         790      100000              790    79000000 37522370270    45244462          829.325
 2/ 7/2018 15:32:56         800         800         800         800      100000              800    80000000 37602370270    45344462           829.26
 2/ 7/2018 15:33:12         790         790         790         790      100000              790    79000000 37681370270    45444462          829.174
 2/ 7/2018 15:34: 1         780         780         780         780      100000              780    78000000 37759370270    45544462          829.066
 2/ 7/2018 15:37:51         770         770         770         770      100000              770    77000000 37836370270    45644462          828.937
 2/ 7/2018 15:39: 1         780         780         780         780      100000              780    78000000 37914370270    45744462           828.83
 2/ 7/2018 15:39:40         770         770         770         770      100000              770    77000000 37991370270    45844462          828.701
 2/ 7/2018 15:45:56         780         780         780         780      100000              780    78000000 38069370270    45944462          828.595
 2/ 7/2018 15:46:34         790         790         790         790      100000              790    79000000 38148370270    46044462          828.512
 2/ 7/2018 16: 0:31         780         780         780         780      100000              780    78000000 38226370270    46144462          828.406
 2/ 7/2018 16: 2:19         770         770         770         770      100000              770    77000000 38303370270    46244462           828.28
 2/ 7/2018 16: 4: 6         760         760         760         760      100000              760    76000000 38379370270    46344462          828.133
 2/ 7/2018 16: 4:43         770         770         770         770      100000              770    77000000 38456370270    46444462          828.008
 2/ 7/2018 16: 5: 6         780         780         780         780      100000              780    78000000 38534370270    46544462          827.905
 2/ 7/2018 16: 5:40         770         770         770         770      100000              770    77000000 38611370270    46644462           827.78
 2/ 7/2018 16: 5:41         780         780         780         780      100000              780    78000000 38689370270    46744462          827.678
 2/ 7/2018 16: 5:47         770         770         770         770      100000              770    77000000 38766370270    46844462          827.555
 2/ 7/2018 16: 5:48         780         780         780         780      100000              780    78000000 38844370270    46944462          827.454
 2/ 7/2018 16: 6: 2         770         770         770         770      100000              770    77000000 38921370270    47044462          827.332
 2/ 7/2018 16: 6: 3         780         780         780         780      100000              780    78000000 38999370270    47144462          827.231
 2/ 7/2018 16: 6:13         770         770         770         770      100000              770    77000000 39076370270    47244462           827.11
 2/ 7/2018 16: 6:15         780         780         780         780      100000              780    78000000 39154370270    47344462          827.011
 2/ 7/2018 16: 7:14         770         770         770         770      100000              770    77000000 39231370270    47444462           826.89
 2/ 7/2018 16: 7:18         780         780         780         780      100000              780    78000000 39309370270    47544462          826.792
 2/ 7/2018 16: 7:19         770         770         770         770      100000              770    77000000 39386370270    47644462          826.673
 2/ 7/2018 16: 7:21         780         780         780         780      100000              780    78000000 39464370270    47744462          826.575
 2/ 7/2018 16: 7:23         770         770         770         770      100000              770    77000000 39541370270    47844462          826.457
 2/ 7/2018 16: 7:24         780         780         780         780      100000              780    78000000 39619370270    47944462           826.36
 2/ 7/2018 16: 7:25         770         770         770         770      100000              770    77000000 39696370270    48044462          826.242
 2/ 7/2018 16: 7:26         770         770         770         770      100000              770    77000000 39773370270    48144462          826.126
 2/ 7/2018 16: 7:27         780         780         780         780      100000              780    78000000 39851370270    48244462           826.03
 2/ 7/2018 16: 7:29         770         770         770         770      100000              770    77000000 39928370270    48344462          825.914
 2/ 7/2018 16: 7:30         780         780         780         780      100000              780    78000000 40006370270    48444462          825.819
 2/ 7/2018 16: 7:31         780         780         780         780      100000              780    78000000 40084370270    48544462          825.725
 2/ 7/2018 16: 7:39         770         770         770         770      100000              770    77000000 40161370270    48644462           825.61
 2/ 7/2018 16: 7:40         780         780         780         780      100000              780    78000000 40239370270    48744462          825.517
 2/ 7/2018 16: 7:41         770         770         770         770      100000              770    77000000 40316370270    48844462          825.403
 2/ 7/2018 16: 7:42         780         780         780         780      100000              780    78000000 40394370270    48944462           825.31
 2/ 7/2018 16: 7:43         770         770         770         770      100000              770    77000000 40471370270    49044462          825.198
 2/ 7/2018 16:13:33         780         780         780         780      100000              780    78000000 40549370270    49144462          825.106
 2/ 7/2018 16:15:11         790         790         790         790      100000              790    79000000 40628370270    49244462          825.034
 2/ 7/2018 16:20:10         800         800         800         800      100000              800    80000000 40708370270    49344462          824.984
 2/ 7/2018 16:20:27         810         810         810         810      100000              810    81000000 40789370270    49444462          824.953
 2/ 7/2018 16:23:43         800         800         800         800      100000              800    80000000 40869370270    49544462          824.903
 2/ 7/2018 16:30:24         790         790         790         790      100000              790    79000000 40948370270    49644462          824.833
 2/ 7/2018 16:31: 2         800         800         800         800      100000              800    80000000 41028370270    49744462          824.783
 2/ 7/2018 16:31:16         810         810         810         810      100000              810    81000000 41109370270    49844462          824.753
 2/ 7/2018 16:32:17         800         800         800         800      100000              800    80000000 41189370270    49944462          824.703
 2/ 7/2018 16:33:47         790         790         790         790      100000              790    79000000 41268370270    50044462          824.634
 2/ 7/2018 16:34:31         780         780         780         780      100000              780    78000000 41346370270    50144462          824.545
 2/ 7/2018 16:34:39         790         790         790         790      100000              790    79000000 41425370270    50244462          824.476
 2/ 7/2018 16:35: 1         780         780         780         780      100000              780    78000000 41503370270    50344462          824.388
 2/ 7/2018 16:36:49         770         770         770         770      100000              770    77000000 41580370270    50444462           824.28
 2/ 7/2018 16:44:22         780         780         780         780      100000              780    78000000 41658370270    50544462          824.193
 2/ 7/2018 16:45:58         770         770         770         770      100000              770    77000000 41735370270    50644462          824.086
 2/ 7/2018 16:47:18         760         760         760         760      100000              760    76000000 41811370270    50744462          823.959
 2/ 7/2018 16:47:29         750         750         750         750      100000              750    75000000 41886370270    50844462          823.814
 2/ 7/2018 16:49:48         740         740         740         740        1000              740      740000 41887110270    50845462          823.812
 2/ 7/2018 16:50:12         760         760         760         760      100000              760    76000000 41963110270    50945462          823.687
 2/ 7/2018 16:50:51         770         770         770         770      100000              770    77000000 42040110270    51045462          823.582
 2/ 7/2018 16:51:42         750         750         750         750        1000              750      750000 42040860270    51046462           823.58
 2/ 7/2018 16:52: 7         760         760         760         760      100000              760    76000000 42116860270    51146462          823.456
 2/ 7/2018 16:53:37         770         770         770         770      100000              770    77000000 42193860270    51246462          823.352
 2/ 7/2018 16:59: 9         760         760         760         760      100000              760    76000000 42269860270    51346462          823.228
 2/ 7/2018 17: 0: 8         750         750         750         750       99000              750    74250000 42344110270    51445462          823.087
 2/ 7/2018 17: 0:11         760         760         760         760      100000              760    76000000 42420110270    51545462          822.965
 2/ 7/2018 17: 0:21         750         750         750         750      100000              750    75000000 42495110270    51645462          822.824
 2/ 7/2018 17: 0:52         740         740         740         740      100000              740    74000000 42569110270    51745462          822.664
 2/ 7/2018 17: 0:53         740         740         740         740      100000              740    74000000 42643110270    51845462          822.504
 2/ 7/2018 17: 0:55         750         750         750         750      100000              750    75000000 42718110270    51945462          822.365
 2/ 7/2018 17: 0:56         750         750         750         750      100000              750    75000000 42793110270    52045462          822.226
 2/ 7/2018 17: 0:57         740         740         740         740      100000              740    74000000 42867110270    52145462          822.068
 2/ 7/2018 17: 0:58         750         750         750         750      100000              750    75000000 42942110270    52245462           821.93
 2/ 7/2018 17: 1:31         740         740         740         740      100000              740    74000000 43016110270    52345462          821.773
 2/ 7/2018 17: 1:32         750         750         750         750      100000              750    75000000 43091110270    52445462          821.637
 2/ 7/2018 17: 1:44         760         760         760         760      100000              760    76000000 43167110270    52545462          821.519
 2/ 7/2018 17: 2: 4         750         750         750         750      100000              750    75000000 43242110270    52645462          821.383
 2/ 7/2018 17: 2: 8         760         760         760         760      100000              760    76000000 43318110270    52745462          821.267
 2/ 7/2018 17: 2:28         750         750         750         750      100000              750    75000000 43393110270    52845462          821.132
 2/ 7/2018 17: 2:55         760         760         760         760      100000              760    76000000 43469110270    52945462          821.017
 2/ 7/2018 17: 2:56         750         750         750         750      100000              750    75000000 43544110270    53045462          820.883
 2/ 7/2018 17: 2:58         760         760         760         760      100000              760    76000000 43620110270    53145462          820.768
 2/ 7/2018 17: 4:58         750         750         750         750      100000              750    75000000 43695110270    53245462          820.635
 2/ 7/2018 17: 5:37         760         760         760         760      100000              760    76000000 43771110270    53345462          820.522
 2/ 7/2018 17: 5:42         750         750         750         750      100000              750    75000000 43846110270    53445462           820.39
 2/ 7/2018 17: 6:40         760         760         760         760      100000              760    76000000 43922110270    53545462          820.277
 2/ 7/2018 17: 6:49         750         750         750         750      100000              750    75000000 43997110270    53645462          820.146
 2/ 7/2018 17: 8:20         760         760         760         760      100000              760    76000000 44073110270    53745462          820.034
 2/ 7/2018 17: 8:52         750         750         750         750      100000              750    75000000 44148110270    53845462          819.904
 2/ 7/2018 17:10: 2         760         760         760         760      100000              760    76000000 44224110270    53945462          819.793
 2/ 7/2018 17:10: 9         750         750         750         750      100000              750    75000000 44299110270    54045462          819.664
 2/ 7/2018 17:10:10         760         760         760         760      100000              760    76000000 44375110270    54145462          819.554
 2/ 7/2018 17:11:10         770         770         770         770      100000              770    77000000 44452110270    54245462          819.462
 2/ 7/2018 17:12:15         760         760         760         760      100000              760    76000000 44528110270    54345462          819.353
 2/ 7/2018 17:12:25         770         770         770         770      100000              770    77000000 44605110270    54445462          819.262
 2/ 7/2018 17:14:43         780         780         780         780      100000              780    78000000 44683110270    54545462           819.19
 2/ 7/2018 17:15: 5         770         770         770         770      100000              770    77000000 44760110270    54645462            819.1
 2/ 7/2018 17:16:44         760         760         760         760      100000              760    76000000 44836110270    54745462          818.992
 2/ 7/2018 17:18: 4         750         750         750         750      100000              750    75000000 44911110270    54845462          818.866
 2/ 7/2018 17:18: 8         760         760         760         760      100000              760    76000000 44987110270    54945462          818.759
 2/ 7/2018 17:18:13         750         750         750         750      100000              750    75000000 45062110270    55045462          818.634
 2/ 7/2018 17:18:34         760         760         760         760      100000              760    76000000 45138110270    55145462          818.528
 2/ 7/2018 17:18:37         750         750         750         750      100000              750    75000000 45213110270    55245462          818.404
 2/ 7/2018 17:20:50         760         760         760         760      100000              760    76000000 45289110270    55345462          818.299
 2/ 7/2018 17:21: 4         750         750         750         750      100000              750    75000000 45364110270    55445462          818.175
 2/ 7/2018 17:23:20         760         760         760         760      100000              760    76000000 45440110270    55545462          818.071
 2/ 7/2018 17:24: 7         750         750         750         750      100000              750    75000000 45515110270    55645462          817.948
 2/ 7/2018 17:24:15         740         740         740         740      100000              740    74000000 45589110270    55745462          817.808
 2/ 7/2018 17:24:17         750         750         750         750      100000              750    75000000 45664110270    55845462          817.687
 2/ 7/2018 17:24:18         740         740         740         740      100000              740    74000000 45738110270    55945462          817.548
 2/ 7/2018 17:24:19         750         750         750         750      100000              750    75000000 45813110270    56045462          817.428
 2/ 7/2018 17:24:20         740         740         740         740      100000              740    74000000 45887110270    56145462           817.29
 2/ 7/2018 17:24:21         740         740         740         740      100000              740    74000000 45961110270    56245462          817.152
 2/ 7/2018 17:24:23         750         750         750         750      100000              750    75000000 46036110270    56345462          817.033
 2/ 7/2018 17:24:53         740         740         740         740      100000              740    74000000 46110110270    56445462          816.897
 2/ 7/2018 17:25: 2         730         730         730         730      100000              730    73000000 46183110270    56545462          816.743
 2/ 7/2018 17:25: 3         720         720         720         720      100000              720    72000000 46255110270    56645462          816.572
 2/ 7/2018 17:25:15         730         730         730         730      100000              730    73000000 46328110270    56745462           816.42
 2/ 7/2018 17:25:53         720         720         720         720      100000              720    72000000 46400110270    56845462           816.25
 2/ 7/2018 17:26: 7         730         730         730         730      100000              730    73000000 46473110270    56945462          816.099
 2/ 7/2018 17:26:51         720         720         720         720      100000              720    72000000 46545110270    57045462           815.93
 2/ 7/2018 17:26:53         730         730         730         730      100000              730    73000000 46618110270    57145462           815.78
 2/ 7/2018 17:27:26         740         740         740         740      100000              740    74000000 46692110270    57245462          815.647
 2/ 7/2018 17:28:14         730         730         730         730      100000              730    73000000 46765110270    57345462          815.498
 2/ 7/2018 17:28:46         740         740         740         740      100000              740    74000000 46839110270    57445462          815.367
 2/ 7/2018 17:30: 4         730         730         730         730      100000              730    73000000 46912110270    57545462          815.218
 2/ 7/2018 17:31:28         740         740         740         740      100000              740    74000000 46986110270    57645462          815.088
 2/ 7/2018 17:31:53         730         730         730         730      100000              730    73000000 47059110270    57745462           814.94
 2/ 7/2018 17:32:41         720         720         720         720      100000              720    72000000 47131110270    57845462          814.776
 2/ 7/2018 17:32:48         730         730         730         730      100000              730    73000000 47204110270    57945462           814.63
 2/ 7/2018 17:33:46         720         720         720         720      100000              720    72000000 47276110270    58045462          814.467
 2/ 7/2018 17:33:58         730         730         730         730      100000              730    73000000 47349110270    58145462          814.322
 2/ 7/2018 17:34:28         720         720         720         720      100000              720    72000000 47421110270    58245462           814.16
 2/ 7/2018 17:35:48         730         730         730         730      100000              730    73000000 47494110270    58345462          814.015
 2/ 7/2018 17:36:11         720         720         720         720      100000              720    72000000 47566110270    58445462          813.855
 2/ 7/2018 17:36:53         730         730         730         730      100000              730    73000000 47639110270    58545462          813.711
 2/ 7/2018 17:37:20         720         720         720         720      100000              720    72000000 47711110270    58645462          813.552
 2/ 7/2018 17:37:44         730         730         730         730      100000              730    73000000 47784110270    58745462          813.409
 2/ 7/2018 17:37:53         720         720         720         720      100000              720    72000000 47856110270    58845462          813.251
 2/ 7/2018 17:38:21         730         730         730         730      100000              730    73000000 47929110270    58945462          813.109
 2/ 7/2018 17:39:54         720         720         720         720      100000              720    72000000 48001110270    59045462          812.952
 2/ 7/2018 17:40:16         730         730         730         730      100000              730    73000000 48074110270    59145462          812.811
 2/ 7/2018 17:40:45         720         720         720         720      100000              720    72000000 48146110270    59245462          812.655
 2/ 7/2018 17:43:25         730         730         730         730      100000              730    73000000 48219110270    59345462          812.516
 2/ 7/2018 17:43:52         720         720         720         720      100000              720    72000000 48291110270    59445462           812.36
 2/ 7/2018 17:43:55         730         730         730         730      100000              730    73000000 48364110270    59545462          812.222
 2/ 7/2018 17:43:56         720         720         720         720      100000              720    72000000 48436110270    59645462          812.067
 2/ 7/2018 17:43:57         730         730         730         730      100000              730    73000000 48509110270    59745462           811.93
 2/ 7/2018 17:43:58         720         720         720         720      100000              720    72000000 48581110270    59845462          811.776
 2/ 7/2018 17:44: 0         730         730         730         730      100000              730    73000000 48654110270    59945462           811.64
 2/ 7/2018 17:44: 1         730         730         730         730      100000              730    73000000 48727110270    60045462          811.504
 2/ 7/2018 17:44: 5         720         720         720         720      100000              720    72000000 48799110270    60145462          811.351
 2/ 7/2018 17:44:11         730         730         730         730      100000              730    73000000 48872110270    60245462          811.216
 2/ 7/2018 17:44:14         720         720         720         720      100000              720    72000000 48944110270    60345462          811.065
 2/ 7/2018 17:44:17         730         730         730         730      100000              730    73000000 49017110270    60445462          810.931
 2/ 7/2018 17:44:21         720         720         720         720      100000              720    72000000 49089110270    60545462          810.781
 2/ 7/2018 17:44:22         730         730         730         730      100000              730    73000000 49162110270    60645462          810.648
 2/ 7/2018 17:44:40         720         720         720         720      100000              720    72000000 49234110270    60745462          810.499
 2/ 7/2018 17:44:41         730         730         730         730      100000              730    73000000 49307110270    60845462          810.366
 2/ 7/2018 17:46:25         740         740         740         740      100000              740    74000000 49381110270    60945462          810.251
 2/ 7/2018 17:47:14         750         750         750         750      100000              750    75000000 49456110270    61045462          810.152
 2/ 7/2018 17:47:30         740         740         740         740      100000              740    74000000 49530110270    61145462          810.037
 2/ 7/2018 17:47:38         730         730         730         730          21              730       15330 49530125600    61145483          810.037
 2/ 7/2018 17:51: 2         750         750         750         750      100000              750    75000000 49605125600    61245483          809.939
 2/ 7/2018 17:55: 7         760         760         760         760      100000              760    76000000 49681125600    61345483          809.858
 2/ 7/2018 17:57:34         770         770         770         770      100000              770    77000000 49758125600    61445483          809.793
 2/ 7/2018 17:57:46         760         760         760         760      100000              760    76000000 49834125600    61545483          809.712
