         Date              Open        High         Low       Close      Volume     Typical Price         V*P    Total VP     Total V        VWAP    Message Count
10/ 7/2018  0: 2: 3        2020        2020        2020        2020        5000              2020    10100000    10100000        5000        2020           1
10/ 7/2018  0: 2: 9        2010        2010        2010        2010        5000              2010    10050000    20150000       10000        2015           1
10/ 7/2018  0: 2:16        2030        2030        2030        2030        5000              2030    10150000    30300000       15000        2020           1
10/ 7/2018  0: 2:30        2040        2040        2040        2040        5000              2040    10200000    40500000       20000        2025           1
10/ 7/2018  0: 2:44        2030        2030        2030        2030        5000              2030    10150000    50650000       25000        2026           1
10/ 7/2018  1: 2: 5        2040        2040        2040        2040        5000              2040    10200000    60850000       30000     2028.33           1
10/ 7/2018  1: 2:12        2050        2050        2050        2050        5000              2050    10250000    71100000       35000     2031.43           1
10/ 7/2018  1: 2:19        2060        2060        2060        2060        5000              2060    10300000    81400000       40000        2035           1
10/ 7/2018  2: 2:24        2070        2070        2070        2070        5000              2070    10350000    91750000       45000     2038.89           1
10/ 7/2018  2: 2:45        2060        2060        2060        2060        5000              2060    10300000   102050000       50000        2041           1
10/ 7/2018  3: 2: 6        2070        2070        2070        2070        5000              2070    10350000   112400000       55000     2043.64           1
10/ 7/2018  3: 2:34        2080        2080        2080        2080        5000              2080    10400000   122800000       60000     2046.67           1
10/ 7/2018  3: 2:41        2070        2070        2070        2070        5000              2070    10350000   133150000       65000     2048.46           1
10/ 7/2018  4: 2: 2        2060        2060        2060        2060        5000              2060    10300000   143450000       70000     2049.29           1
10/ 7/2018  4: 2:18        2070        2070        2070        2070        5000              2070    10350000   153800000       75000     2050.67           1
10/ 7/2018  4: 2:25        2060        2060        2060        2060        5000              2060    10300000   164100000       80000     2051.25           1
10/ 7/2018  4: 2:39        2070        2070        2070        2070        5000              2070    10350000   174450000       85000     2052.35           1
10/ 7/2018  5: 2:28        2080        2080        2080        2080        5000              2080    10400000   184850000       90000     2053.89           1
10/ 7/2018  5: 2:49        2090        2090        2090        2090        5000              2090    10450000   195300000       95000     2055.79           1
10/ 7/2018  6: 2: 4        2070        2070        2070        2070        5000              2070    10350000   205650000      100000      2056.5           1
10/ 7/2018  6: 2:11        2080        2080        2080        2080        5000              2080    10400000   216050000      105000     2057.62           1
10/ 7/2018  6: 2:25        2090        2090        2090        2090        5000              2090    10450000   226500000      110000     2059.09           1
10/ 7/2018  6: 2:32        2080        2080        2080        2080        5000              2080    10400000   236900000      115000        2060           1
10/ 7/2018  6: 2:46        2070        2070        2070        2070        5000              2070    10350000   247250000      120000     2060.42           1
10/ 7/2018  7: 2: 7        2060        2060        2060        2060        5000              2060    10300000   257550000      125000      2060.4           1
10/ 7/2018  8: 2: 3        2050        2050        2050        2050        5000              2050    10250000   267800000      130000        2060           1
10/ 7/2018  9: 2:34        2060        2060        2060        2060        5000              2060    10300000   278100000      135000        2060           1
10/ 7/2018  9: 2:48        2050        2050        2050        2050        5000              2050    10250000   288350000      140000     2059.64           1
10/ 7/2018  9: 2:55        2040        2040        2040        2040        5000              2040    10200000   298550000      145000     2058.97           1
10/ 7/2018 10: 2:16        2050        2050        2050        2050        5000              2050    10250000   308800000      150000     2058.67           1
10/ 7/2018 10: 2:23        2040        2040        2040        2040        5000              2040    10200000   319000000      155000     2058.06           1
10/ 7/2018 10: 2:37        2030        2030        2030        2030        5000              2030    10150000   329150000      160000     2057.19           1
10/ 7/2018 10: 2:44        2040        2040        2040        2040        5000              2040    10200000   339350000      165000     2056.67           1
10/ 7/2018 10: 2:51        2030        2030        2030        2030        5000              2030    10150000   349500000      170000     2055.88           1
10/ 7/2018 10: 2:58        2020        2020        2020        2020        5000              2020    10100000   359600000      175000     2054.86           1
10/ 7/2018 11: 2:26        2030        2030        2030        2030        5000              2030    10150000   369750000      180000     2054.17           1
10/ 7/2018 11: 2:33        2020        2020        2020        2020        5000              2020    10100000   379850000      185000     2053.24           1
10/ 7/2018 12: 2:29        2010        2010        2010        2010        5000              2010    10050000   389900000      190000     2052.11           1
10/ 7/2018 12: 2:36        2020        2020        2020        2020        5000              2020    10100000   400000000      195000     2051.28           1
10/ 7/2018 12: 2:43        2040        2040        2040        2040        5000              2040    10200000   410200000      200000        2051           1
10/ 7/2018 13: 2: 4        2050        2050        2050        2050        5000              2050    10250000   420450000      205000     2050.98           1
10/ 7/2018 13: 2:18        2060        2060        2060        2060        5000              2060    10300000   430750000      210000     2051.19           1
10/ 7/2018 13: 2:32        2050        2050        2050        2050        5000              2050    10250000   441000000      215000     2051.16           1
10/ 7/2018 13: 2:39        2060        2060        2060        2060        5000              2060    10300000   451300000      220000     2051.36           1
10/ 7/2018 13: 2:46        2050        2050        2050        2050        5000              2050    10250000   461550000      225000     2051.33           1
10/ 7/2018 13: 2:53        2060        2060        2060        2060        5000              2060    10300000   471850000      230000     2051.52           1
10/ 7/2018 14: 2: 0        2050        2050        2050        2050        5000              2050    10250000   482100000      235000     2051.49           1
10/ 7/2018 14: 2:14        2060        2060        2060        2060        5000              2060    10300000   492400000      240000     2051.67           1
10/ 7/2018 14: 2:21        2050        2050        2050        2050        5000              2050    10250000   502650000      245000     2051.63           1
10/ 7/2018 14: 2:49        2040        2040        2040        2040        5000              2040    10200000   512850000      250000      2051.4           1
10/ 7/2018 14: 2:56        2030        2030        2030        2030        5000              2030    10150000   523000000      255000     2050.98           1
10/ 7/2018 15: 2:31        2050        2050        2050        2050        5000              2050    10250000   533250000      260000     2050.96           1
10/ 7/2018 15: 2:45        2040        2040        2040        2040        5000              2040    10200000   543450000      265000     2050.75           1
10/ 7/2018 16: 2: 6        2060        2060        2060        2060        5000              2060    10300000   553750000      270000     2050.93           1
10/ 7/2018 16: 2:41        2070        2070        2070        2070        5000              2070    10350000   564100000      275000     2051.27           1
10/ 7/2018 16: 2:48        2060        2060        2060        2060        5000              2060    10300000   574400000      280000     2051.43           1
10/ 7/2018 16: 2:55        2070        2070        2070        2070        5000              2070    10350000   584750000      285000     2051.75           1
10/ 7/2018 17: 2: 9        2060        2060        2060        2060        5000              2060    10300000   595050000      290000      2051.9           1
10/ 7/2018 17: 2:51        2070        2070        2070        2070        5000              2070    10350000   605400000      295000      2052.2           1
10/ 7/2018 18: 2: 5        2080        2080        2080        2080        5000              2080    10400000   615800000      300000     2052.67           1
10/ 7/2018 18: 2:12        2070        2070        2070        2070        5000              2070    10350000   626150000      305000     2052.95           1
10/ 7/2018 19: 2:15        2080        2080        2080        2080        5000              2080    10400000   636550000      310000     2053.39           1
10/ 7/2018 20: 2:11        2070        2070        2070        2070        5000              2070    10350000   646900000      315000     2053.65           1
10/ 7/2018 20: 2:25        2050        2050        2050        2050        5000              2050    10250000   657150000      320000     2053.59           1
10/ 7/2018 20: 2:32        2060        2060        2060        2060        5000              2060    10300000   667450000      325000     2053.69           1
10/ 7/2018 27: 2:43        2080        2080        2080        2080        5000              2080    10400000   677850000      330000     2054.09           1
10/ 7/2018 27: 2:53        2090        2090        2090        2090        5000              2090    10450000   688300000      335000     2054.63           1
10/ 7/2018 28: 2:21        2080        2080        2080        2080        5000              2080    10400000   698700000      340000        2055           1
10/ 7/2018 28: 2:42        2070        2070        2070        2070        5000              2070    10350000   709050000      345000     2055.22           1
10/ 7/2018 28: 2:49        2060        2060        2060        2060        5000              2060    10300000   719350000      350000     2055.29           1
10/ 7/2018 28: 2:56        2070        2070        2070        2070        5000              2070    10350000   729700000      355000     2055.49           1
10/ 7/2018 29: 2: 3        2060        2060        2060        2060        5000              2060    10300000   740000000      360000     2055.56           1
10/ 7/2018 29: 2:24        2070        2070        2070        2070        5000              2070    10350000   750350000      365000     2055.75           1
10/ 7/2018 29: 2:31        2060        2060        2060        2060        5000              2060    10300000   760650000      370000     2055.81           1
10/ 7/2018 29: 2:59        2050        2050        2050        2050        5000              2050    10250000   770900000      375000     2055.73           1
10/ 7/2018 30: 2: 6        2070        2070        2070        2070        5000              2070    10350000   781250000      380000     2055.92           1
10/ 7/2018 30: 2:27        2080        2080        2080        2080        5000              2080    10400000   791650000      385000     2056.23           1
10/ 7/2018 30: 2:48        2070        2070        2070        2070        5000              2070    10350000   802000000      390000     2056.41           1
10/ 7/2018 31: 2: 2        2060        2060        2060        2060        5000              2060    10300000   812300000      395000     2056.46           1
10/ 7/2018 31: 2:51        2040        2040        2040        2040        5000              2040    10200000   822500000      400000     2056.25           1
10/ 7/2018 31: 2:58        2030        2030        2030        2030        5000              2030    10150000   832650000      405000     2055.93           1
10/ 7/2018 32: 2:12        2040        2040        2040        2040        5000              2040    10200000   842850000      410000     2055.73           1
10/ 7/2018 32: 2:47        2030        2030        2030        2030        5000              2030    10150000   853000000      415000     2055.42           1
10/ 7/2018 33: 2:54        2020        2020        2020        2020        5000              2020    10100000   863100000      420000        2055           1
10/ 7/2018 34: 2: 1        2010        2010        2010        2010        5000              2010    10050000   873150000      425000     2054.47           1
10/ 7/2018 34: 2:15        2020        2020        2020        2020        5000              2020    10100000   883250000      430000     2054.07           1
10/ 7/2018 34: 2:57        2030        2030        2030        2030        5000              2030    10150000   893400000      435000     2053.79           1
10/ 7/2018 35: 2: 4        2040        2040        2040        2040        5000              2040    10200000   903600000      440000     2053.64           1
10/ 7/2018 35: 2:18        2050        2050        2050        2050        5000              2050    10250000   913850000      445000      2053.6           1
10/ 7/2018 35: 2:46        2060        2060        2060        2060        5000              2060    10300000   924150000      450000     2053.67           1
10/ 7/2018 36: 2:14        2040        2040        2040        2040        5000              2040    10200000   934350000      455000     2053.52           1
10/ 7/2018 36: 2:21        2050        2050        2050        2050        5000              2050    10250000   944600000      460000     2053.48           1
10/ 7/2018 37: 2:39        2040        2040        2040        2040        5000              2040    10200000   954800000      465000     2053.33           1
10/ 7/2018 37: 2:53        2030        2030        2030        2030        5000              2030    10150000   964950000      470000     2053.09           1
10/ 7/2018 38: 2:35        2040        2040        2040        2040        5000              2040    10200000   975150000      475000     2052.95           1
10/ 7/2018 38: 2:56        2030        2030        2030        2030        5000              2030    10150000   985300000      480000     2052.71           1
10/ 7/2018 39: 2:24        2020        2020        2020        2020        5000              2020    10100000   995400000      485000     2052.37           1
10/ 7/2018 39: 2:45        2030        2030        2030        2030        5000              2030    10150000  1005550000      490000     2052.14           1
10/ 7/2018 40: 2:20        2040        2040        2040        2040        5000              2040    10200000  1015750000      495000     2052.02           1
10/ 7/2018 40: 2:27        2050        2050        2050        2050        5000              2050    10250000  1026000000      500000        2052           1
10/ 7/2018 40: 2:41        2040        2040        2040        2040        5000              2040    10200000  1036200000      505000     2051.88           1
10/ 7/2018 41: 2:16        2030        2030        2030        2030        5000              2030    10150000  1046350000      510000     2051.67           1
10/ 7/2018 41: 2:23        2020        2020        2020        2020        5000              2020    10100000  1056450000      515000     2051.36           1
10/ 7/2018 41: 2:37        2030        2030        2030        2030        5000              2030    10150000  1066600000      520000     2051.15           1
10/ 7/2018 42: 2:19        2020        2020        2020        2020        5000              2020    10100000  1076700000      525000     2050.86           1
10/ 7/2018 43: 2:36        2030        2030        2030        2030        5000              2030    10150000  1086850000      530000     2050.66           1
10/ 7/2018 43: 2:43        2020        2020        2020        2020        5000              2020    10100000  1096950000      535000     2050.37           1
10/ 7/2018 43: 2:50        2030        2030        2030        2030        5000              2030    10150000  1107100000      540000     2050.19           1
10/ 7/2018 45: 2:36        2020        2020        2020        2020        5000              2020    10100000  1117200000      545000     2049.91           1
10/ 7/2018 46: 2:18        2030        2030        2030        2030        5000              2030    10150000  1127350000      550000     2049.73           1
10/ 7/2018 47: 2:21        2020        2020        2020        2020        5000              2020    10100000  1137450000      555000     2049.46           1
10/ 7/2018 47: 2:28        2030        2030        2030        2030        5000              2030    10150000  1147600000      560000     2049.29           1
10/ 7/2018 47: 2:35        2020        2020        2020        2020        5000              2020    10100000  1157700000      565000     2049.03           1
10/ 7/2018 47: 2:49        2030        2030        2030        2030        5000              2030    10150000  1167850000      570000     2048.86           1
10/ 7/2018 47: 2:56        2020        2020        2020        2020        5000              2020    10100000  1177950000      575000     2048.61           1
10/ 7/2018 48: 2:52        1980        1980        1980        1980        5000              1980     9900000  1187850000      580000     2048.02           1
10/ 7/2018 49: 2:20        1970        1970        1970        1970        5000              1970     9850000  1197700000      585000     2047.35           1
10/ 7/2018 49: 2:34        1960        1960        1960        1960        5000              1960     9800000  1207500000      590000     2046.61           1
10/ 7/2018 49: 2:48        1950        1950        1950        1950        5000              1950     9750000  1217250000      595000      2045.8           1
10/ 7/2018 49: 2:55        1900        1900        1900        1900        5000              1900     9500000  1226750000      600000     2044.58           1
10/ 7/2018 50: 2: 2        1910        1910        1910        1910        5000              1910     9550000  1236300000      605000     2043.47           1
10/ 7/2018 50: 2:16        1920        1920        1920        1920        5000              1920     9600000  1245900000      610000     2042.46           1
10/ 7/2018 50: 2:23        1910        1910        1910        1910        5000              1910     9550000  1255450000      615000     2041.38           1
10/ 7/2018 50: 2:30        1920        1920        1920        1920        5000              1920     9600000  1265050000      620000      2040.4           1
10/ 7/2018 50: 2:58        1930        1930        1930        1930        5000              1930     9650000  1274700000      625000     2039.52           1
10/ 7/2018 51: 2:40        1920        1920        1920        1920        5000              1920     9600000  1284300000      630000     2038.57           1
10/ 7/2018 52: 2:22        1930        1930        1930        1930        5000              1930     9650000  1293950000      635000     2037.72           1
10/ 7/2018 52: 2:29        1920        1920        1920        1920        5000              1920     9600000  1303550000      640000      2036.8           1
10/ 7/2018 52: 2:43        1930        1930        1930        1930        5000              1930     9650000  1313200000      645000     2035.97           1
10/ 7/2018 52: 2:50        1940        1940        1940        1940        5000              1940     9700000  1322900000      650000     2035.23           1
10/ 7/2018 53: 2: 4        1950        1950        1950        1950        5000              1950     9750000  1332650000      655000     2034.58           1
10/ 7/2018 54: 2:28        1940        1940        1940        1940        5000              1940     9700000  1342350000      660000     2033.86           1
10/ 7/2018 54: 2:35        1950        1950        1950        1950        5000              1950     9750000  1352100000      665000     2033.23           1
10/ 7/2018 54: 2:42        1940        1940        1940        1940        5000              1940     9700000  1361800000      670000     2032.54           1
10/ 7/2018 54: 2:49        1930        1930        1930        1930        5000              1930     9650000  1371450000      675000     2031.78           1
10/ 7/2018 55: 2:10        1940        1940        1940        1940        5000              1940     9700000  1381150000      680000      2031.1           1
10/ 7/2018 55: 2:24        1950        1950        1950        1950        5000              1950     9750000  1390900000      685000     2030.51           1
10/ 7/2018 55: 2:45        1940        1940        1940        1940        5000              1940     9700000  1400600000      690000     2029.86           1
10/ 7/2018 56: 2:27        1920        1920        1920        1920        5000              1920     9600000  1410200000      695000     2029.06           1
10/ 7/2018 56: 2:41        1910        1910        1910        1910        5000              1910     9550000  1419750000      700000     2028.21           1
10/ 7/2018 56: 2:48        1900        1900        1900        1900        5000              1900     9500000  1429250000      705000      2027.3           1
10/ 7/2018 57: 2: 2        1910        1910        1910        1910        5000              1910     9550000  1438800000      710000     2026.48           1
10/ 7/2018 57: 2:16        1920        1920        1920        1920        5000              1920     9600000  1448400000      715000     2025.73           1
10/ 7/2018 57: 2:23        1910        1910        1910        1910        5000              1910     9550000  1457950000      720000     2024.93           1
10/ 7/2018 57: 2:37        1920        1920        1920        1920        5000              1920     9600000  1467550000      725000     2024.21           1
10/ 7/2018 58: 2:19        1930        1930        1930        1930        5000              1930     9650000  1477200000      730000     2023.56           1
10/ 7/2018 59: 2: 1        1920        1920        1920        1920        5000              1920     9600000  1486800000      735000     2022.86           1
10/ 7/2018 59: 2: 8        1940        1940        1940        1940        5000              1940     9700000  1496500000      740000      2022.3           1
10/ 7/2018 59: 2:15        1930        1930        1930        1930        5000              1930     9650000  1506150000      745000     2021.68           1
10/ 7/2018 59: 2:43        1940        1940        1940        1940        5000              1940     9700000  1515850000      750000     2021.13           1
10/ 7/2018 59: 2:57        1930        1930        1930        1930        5000              1930     9650000  1525500000      755000     2020.53           1
11/ 7/2018  0: 2:11        1940        1940        1940        1940        5000              1940     9700000  1535200000      760000        2020           1
11/ 7/2018  0: 2:25        1930        1930        1930        1930        5000              1930     9650000  1544850000      765000     2019.41           1
11/ 7/2018  0: 2:53        1940        1940        1940        1940        5000              1940     9700000  1554550000      770000      2018.9           1
11/ 7/2018  1: 2: 0        1910        1910        1910        1910        5000              1910     9550000  1564100000      775000     2018.19           1
11/ 7/2018  1: 2:35        1920        1920        1920        1920        5000              1920     9600000  1573700000      780000     2017.56           1
11/ 7/2018  1: 2:42        1930        1930        1930        1930        5000              1930     9650000  1583350000      785000     2017.01           1
11/ 7/2018  1: 2:49        1920        1920        1920        1920        5000              1920     9600000  1592950000      790000     2016.39           1
11/ 7/2018  2: 2:31        1930        1930        1930        1930        5000              1930     9650000  1602600000      795000     2015.85           1
11/ 7/2018  4: 2:23        1920        1920        1920        1920        5000              1920     9600000  1612200000      800000     2015.25           1
11/ 7/2018  4: 2:30        1930        1930        1930        1930        5000              1930     9650000  1621850000      805000     2014.72           1
11/ 7/2018  4: 2:58        1920        1920        1920        1920        5000              1920     9600000  1631450000      810000     2014.14           1
11/ 7/2018  6: 2: 8        1910        1910        1910        1910        5000              1910     9550000  1641000000      815000      2013.5           1
11/ 7/2018  6: 2:15        1900        1900        1900        1900        5000              1900     9500000  1650500000      820000      2012.8           1
11/ 7/2018  6: 2:36        1910        1910        1910        1910        5000              1910     9550000  1660050000      825000     2012.18           1
11/ 7/2018  6: 2:43        1900        1900        1900        1900        5000              1900     9500000  1669550000      830000     2011.51           1
11/ 7/2018  6: 2:57        1880        1880        1880        1880        5000              1880     9400000  1678950000      835000     2010.72           1
11/ 7/2018  7: 2: 4        1890        1890        1890        1890        5000              1890     9450000  1688400000      840000        2010           1
11/ 7/2018  7: 2:18        1900        1900        1900        1900        5000              1900     9500000  1697900000      845000     2009.35           1
11/ 7/2018  8: 2:42        1890        1890        1890        1890        5000              1890     9450000  1707350000      850000     2008.65           1
11/ 7/2018  8: 2:56        1880        1880        1880        1880        5000              1880     9400000  1716750000      855000     2007.89           1
11/ 7/2018  9: 2:52        1890        1890        1890        1890        5000              1890     9450000  1726200000      860000     2007.21           1
11/ 7/2018 10: 2: 6        1880        1880        1880        1880        5000              1880     9400000  1735600000      865000     2006.47           1
11/ 7/2018 10: 2:20        1890        1890        1890        1890        5000              1890     9450000  1745050000      870000      2005.8           1
11/ 7/2018 10: 2:34        1880        1880        1880        1880        5000              1880     9400000  1754450000      875000     2005.09           1
11/ 7/2018 11: 2: 9        1890        1890        1890        1890        5000              1890     9450000  1763900000      880000     2004.43           1
11/ 7/2018 11: 2:16        1880        1880        1880        1880        5000              1880     9400000  1773300000      885000     2003.73           1
11/ 7/2018 11: 2:37        1890        1890        1890        1890        5000              1890     9450000  1782750000      890000     2003.09           1
11/ 7/2018 11: 2:44        1880        1880        1880        1880        5000              1880     9400000  1792150000      895000      2002.4           1
11/ 7/2018 12: 2: 5        1890        1890        1890        1890        5000              1890     9450000  1801600000      900000     2001.78           1
11/ 7/2018 13: 2:36        1880        1880        1880        1880        5000              1880     9400000  1811000000      905000      2001.1           1
11/ 7/2018 14: 2: 4        1890        1890        1890        1890        5000              1890     9450000  1820450000      910000     2000.49           1
11/ 7/2018 14: 2:52        1880        1880        1880        1880        5000              1880     9400000  1829850000      915000     1999.84           1
11/ 7/2018 15: 2:13        1870        1870        1870        1870        5000              1870     9350000  1839200000      920000     1999.13           1
11/ 7/2018 16: 2:37        1880        1880        1880        1880        5000              1880     9400000  1848600000      925000     1998.49           1
11/ 7/2018 18: 2:29        1890        1890        1890        1890        5000              1890     9450000  1858050000      930000      1997.9           1
11/ 7/2018 18: 2:43        1880        1880        1880        1880        5000              1880     9400000  1867450000      935000     1997.27           1
11/ 7/2018 18: 2:57        1890        1890        1890        1890        5000              1890     9450000  1876900000      940000      1996.7           1
11/ 7/2018 19: 2:53        1900        1900        1900        1900        5000              1900     9500000  1886400000      945000     1996.19           1
11/ 7/2018 20: 2: 0        1910        1910        1910        1910        5000              1910     9550000  1895950000      950000     1995.74           1
11/ 7/2018 22: 2: 3        1900        1900        1900        1900        5000              1900     9500000  1905450000      955000     1995.24           1
11/ 7/2018 22: 2:45        1910        1910        1910        1910        5000              1910     9550000  1915000000      960000     1994.79           1
11/ 7/2018 22: 2:59        1920        1920        1920        1920        5000              1920     9600000  1924600000      965000      1994.4           1
11/ 7/2018 25: 2:27        1910        1910        1910        1910        5000              1910     9550000  1934150000      970000     1993.97           1
11/ 7/2018 25: 2:34        1920        1920        1920        1920        5000              1920     9600000  1943750000      975000     1993.59           1
11/ 7/2018 25: 2:41        1910        1910        1910        1910        5000              1910     9550000  1953300000      980000     1993.16           1
11/ 7/2018 25: 2:48        1920        1920        1920        1920        5000              1920     9600000  1962900000      985000     1992.79           1
11/ 7/2018 26: 2:58        1900        1900        1900        1900        5000              1900     9500000  1972400000      990000     1992.32           1
11/ 7/2018 27: 2:12        1910        1910        1910        1910        5000              1910     9550000  1981950000      995000     1991.91           1
11/ 7/2018 29: 2: 4        1920        1920        1920        1920        5000              1920     9600000  1991550000     1000000     1991.55           1
11/ 7/2018 29: 2:53        1910        1910        1910        1910        5000              1910     9550000  2001100000     1005000     1991.14           1
11/ 7/2018 30: 2: 0        1920        1920        1920        1920        5000              1920     9600000  2010700000     1010000     1990.79           1
11/ 7/2018 30: 2: 7        1910        1910        1910        1910        5000              1910     9550000  2020250000     1015000     1990.39           1
11/ 7/2018 30: 2:14        1900        1900        1900        1900        5000              1900     9500000  2029750000     1020000     1989.95           1
11/ 7/2018 30: 2:42        1910        1910        1910        1910        5000              1910     9550000  2039300000     1025000     1989.56           1
11/ 7/2018 31: 2: 3        1900        1900        1900        1900        5000              1900     9500000  2048800000     1030000     1989.13           1
11/ 7/2018 31: 2:17        1890        1890        1890        1890        5000              1890     9450000  2058250000     1035000     1988.65           1
11/ 7/2018 31: 2:38        1880        1880        1880        1880        5000              1880     9400000  2067650000     1040000     1988.12           1
11/ 7/2018 31: 2:52        1890        1890        1890        1890        5000              1890     9450000  2077100000     1045000     1987.66           1
11/ 7/2018 32: 2:20        1900        1900        1900        1900        5000              1900     9500000  2086600000     1050000     1987.24           1
11/ 7/2018 33: 2: 2        1910        1910        1910        1910        5000              1910     9550000  2096150000     1055000     1986.87           1
11/ 7/2018 33: 2:37        1920        1920        1920        1920        5000              1920     9600000  2105750000     1060000     1986.56           1
11/ 7/2018 33: 2:58        1930        1930        1930        1930        5000              1930     9650000  2115400000     1065000     1986.29           1
11/ 7/2018 34: 2: 5        1920        1920        1920        1920        5000              1920     9600000  2125000000     1070000     1985.98           1
11/ 7/2018 34: 2:19        1930        1930        1930        1930        5000              1930     9650000  2134650000     1075000     1985.72           1
11/ 7/2018 34: 2:26        1920        1920        1920        1920        5000              1920     9600000  2144250000     1080000     1985.42           1
11/ 7/2018 34: 2:40        1930        1930        1930        1930        5000              1930     9650000  2153900000     1085000     1985.16           1
11/ 7/2018 35: 2: 8        1940        1940        1940        1940        5000              1940     9700000  2163600000     1090000     1984.95           1
11/ 7/2018 35: 2:22        1950        1950        1950        1950        5000              1950     9750000  2173350000     1095000     1984.79           1
11/ 7/2018 35: 2:43        1940        1940        1940        1940        5000              1940     9700000  2183050000     1100000     1984.59           1
11/ 7/2018 36: 2:11        1930        1930        1930        1930        5000              1930     9650000  2192700000     1105000     1984.34           1
11/ 7/2018 37: 2: 7        1920        1920        1920        1920        5000              1920     9600000  2202300000     1110000     1984.05           1
11/ 7/2018 37: 2:14        1910        1910        1910        1910        5000              1910     9550000  2211850000     1115000     1983.72           1
11/ 7/2018 37: 2:21        1920        1920        1920        1920        5000              1920     9600000  2221450000     1120000     1983.44           1
11/ 7/2018 38: 2:10        1930        1930        1930        1930        5000              1930     9650000  2231100000     1125000      1983.2           1
11/ 7/2018 38: 2:31        1920        1920        1920        1920        5000              1920     9600000  2240700000     1130000     1982.92           1
11/ 7/2018 38: 2:52        1930        1930        1930        1930        5000              1930     9650000  2250350000     1135000     1982.69           1
11/ 7/2018 39: 2:34        1920        1920        1920        1920        5000              1920     9600000  2259950000     1140000     1982.41           1
11/ 7/2018 40: 2:44        1910        1910        1910        1910        5000              1910     9550000  2269500000     1145000      1982.1           1
11/ 7/2018 41: 2:33        1900        1900        1900        1900        5000              1900     9500000  2279000000     1150000     1981.74           1
11/ 7/2018 42: 2:22        1890        1890        1890        1890        5000              1890     9450000  2288450000     1155000     1981.34           1
11/ 7/2018 43: 2:32        1880        1880        1880        1880        5000              1880     9400000  2297850000     1160000     1980.91           1
11/ 7/2018 43: 2:39        1890        1890        1890        1890        5000              1890     9450000  2307300000     1165000     1980.52           1
11/ 7/2018 44: 2:42        1880        1880        1880        1880        5000              1880     9400000  2316700000     1170000     1980.09           1
11/ 7/2018 45: 2:45        1890        1890        1890        1890        5000              1890     9450000  2326150000     1175000      1979.7           1
11/ 7/2018 46: 2: 6        1900        1900        1900        1900        5000              1900     9500000  2335650000     1180000     1979.36           1
11/ 7/2018 46: 2:13        1890        1890        1890        1890        5000              1890     9450000  2345100000     1185000     1978.99           1
11/ 7/2018 47: 2:30        1880        1880        1880        1880        5000              1880     9400000  2354500000     1190000     1978.57           1
11/ 7/2018 48: 2:26        1870        1870        1870        1870        5000              1870     9350000  2363850000     1195000     1978.12           1
11/ 7/2018 48: 2:40        1880        1880        1880        1880        5000              1880     9400000  2373250000     1200000     1977.71           1
11/ 7/2018 49: 2: 1        1870        1870        1870        1870        5000              1870     9350000  2382600000     1205000     1977.26           1
11/ 7/2018 49: 2:29        1860        1860        1860        1860        5000              1860     9300000  2391900000     1210000     1976.78           1
11/ 7/2018 50: 2:11        1870        1870        1870        1870        5000              1870     9350000  2401250000     1215000     1976.34           1
11/ 7/2018 50: 2:18        1860        1860        1860        1860        5000              1860     9300000  2410550000     1220000     1975.86           1
11/ 7/2018 50: 2:46        1870        1870        1870        1870        5000              1870     9350000  2419900000     1225000     1975.43           1
11/ 7/2018 50: 2:53        1860        1860        1860        1860        5000              1860     9300000  2429200000     1230000     1974.96           1
11/ 7/2018 51: 2: 0        1870        1870        1870        1870        5000              1870     9350000  2438550000     1235000     1974.53           1
11/ 7/2018 51: 2: 7        1860        1860        1860        1860        5000              1860     9300000  2447850000     1240000     1974.07           1
11/ 7/2018 52: 2:31        1870        1870        1870        1870        5000              1870     9350000  2457200000     1245000     1973.65           1
11/ 7/2018 53: 2:34        1850        1850        1850        1850        5000              1850     9250000  2466450000     1250000     1973.16           1
11/ 7/2018 53: 2:55        1840        1840        1840        1840        5000              1840     9200000  2475650000     1255000     1972.63           1
11/ 7/2018 54: 2: 9        1830        1830        1830        1830        5000              1830     9150000  2484800000     1260000     1972.06           1
11/ 7/2018 55: 2: 5        1820        1820        1820        1820        5000              1820     9100000  2493900000     1265000     1971.46           1
11/ 7/2018 55: 2:12        1810        1810        1810        1810        5000              1810     9050000  2502950000     1270000     1970.83           1
11/ 7/2018 55: 2:33        1820        1820        1820        1820        5000              1820     9100000  2512050000     1275000     1970.24           1
11/ 7/2018 56: 2: 8        1830        1830        1830        1830        5000              1830     9150000  2521200000     1280000     1969.69           1
12/ 7/2018  0: 2:27        1820        1820        1820        1820        5000              1820     9100000  2530300000     1285000     1969.11           1
12/ 7/2018  0: 2:55        1830        1830        1830        1830        5000              1830     9150000  2539450000     1290000     1968.57           1
12/ 7/2018  1: 2:33        1840        1840        1840        1840        5000              1840     9200000  2548650000     1295000     1968.07           1
12/ 7/2018  2: 2: 8        1830        1830        1830        1830        5000              1830     9150000  2557800000     1300000     1967.54           1
12/ 7/2018  2: 2:22        1840        1840        1840        1840        5000              1840     9200000  2567000000     1305000     1967.05           1
12/ 7/2018  2: 2:36        1830        1830        1830        1830        5000              1830     9150000  2576150000     1310000     1966.53           1
12/ 7/2018  2: 2:43        1840        1840        1840        1840        5000              1840     9200000  2585350000     1315000     1966.05           1
12/ 7/2018  2: 2:50        1830        1830        1830        1830        5000              1830     9150000  2594500000     1320000     1965.53           1
12/ 7/2018  3: 2:39        1820        1820        1820        1820        5000              1820     9100000  2603600000     1325000     1964.98           1
12/ 7/2018  3: 2:46        1830        1830        1830        1830        5000              1830     9150000  2612750000     1330000     1964.47           1
12/ 7/2018  4: 2:49        1820        1820        1820        1820        5000              1820     9100000  2621850000     1335000     1963.93           1
12/ 7/2018  6: 2:41        1830        1830        1830        1830        5000              1830     9150000  2631000000     1340000     1963.43           1
12/ 7/2018  7: 2: 9        1820        1820        1820        1820        5000              1820     9100000  2640100000     1345000      1962.9           1
12/ 7/2018  8: 2:44        1830        1830        1830        1830        5000              1830     9150000  2649250000     1350000     1962.41           1
12/ 7/2018  9: 2: 5        1840        1840        1840        1840        5000              1840     9200000  2658450000     1355000     1961.96           1
12/ 7/2018  9: 2:12        1830        1830        1830        1830        5000              1830     9150000  2667600000     1360000     1961.47           1
12/ 7/2018  9: 2:40        1840        1840        1840        1840        5000              1840     9200000  2676800000     1365000     1961.03           1
12/ 7/2018 13: 2:17        1830        1830        1830        1830        5000              1830     9150000  2685950000     1370000     1960.55           1
12/ 7/2018 13: 2:59        1840        1840        1840        1840        5000              1840     9200000  2695150000     1375000     1960.11           1
12/ 7/2018 14: 2: 6        1830        1830        1830        1830        5000              1830     9150000  2704300000     1380000     1959.64           1
12/ 7/2018 15: 2: 2        1840        1840        1840        1840        5000              1840     9200000  2713500000     1385000     1959.21           1
12/ 7/2018 15: 2:16        1830        1830        1830        1830        5000              1830     9150000  2722650000     1390000     1958.74           1
12/ 7/2018 15: 2:58        1840        1840        1840        1840        5000              1840     9200000  2731850000     1395000     1958.32           1
12/ 7/2018 16: 2:19        1830        1830        1830        1830        5000              1830     9150000  2741000000     1400000     1957.86           1
12/ 7/2018 16: 2:26        1840        1840        1840        1840        5000              1840     9200000  2750200000     1405000     1957.44           1
12/ 7/2018 17: 2: 8        1830        1830        1830        1830        5000              1830     9150000  2759350000     1410000     1956.99           1
12/ 7/2018 17: 2:15        1840        1840        1840        1840        5000              1840     9200000  2768550000     1415000     1956.57           1
12/ 7/2018 17: 2:22        1850        1850        1850        1850        5000              1850     9250000  2777800000     1420000      1956.2           1
12/ 7/2018 18: 2:18        1840        1840        1840        1840        5000              1840     9200000  2787000000     1425000     1955.79           1
12/ 7/2018 18: 2:32        1850        1850        1850        1850        5000              1850     9250000  2796250000     1430000     1955.42           1
12/ 7/2018 18: 2:53        1840        1840        1840        1840        5000              1840     9200000  2805450000     1435000     1955.02           1
12/ 7/2018 22: 2:12        1850        1850        1850        1850        5000              1850     9250000  2814700000     1440000     1954.65           1
12/ 7/2018 23: 2:34        1860        1860        1860        1860        5000              1860     9300000  2824000000     1445000     1954.33           1
12/ 7/2018 25: 2:26        1870        1870        1870        1870        5000              1870     9350000  2833350000     1450000     1954.03           1
12/ 7/2018 25: 2:49        1880        1880        1880        1880        5000              1880     9400000  2842750000     1455000     1953.78           1
12/ 7/2018 26: 2:10        1870        1870        1870        1870        5000              1870     9350000  2852100000     1460000     1953.49           1
12/ 7/2018 26: 2:39        1880        1880        1880        1880        5000              1880     9400000  2861500000     1465000     1953.24           1
12/ 7/2018 26: 2:46        1870        1870        1870        1870        5000              1870     9350000  2870850000     1470000     1952.96           1
12/ 7/2018 26: 2:53        1880        1880        1880        1880        5000              1880     9400000  2880250000     1475000     1952.71           1
12/ 7/2018 28: 2:17        1890        1890        1890        1890        5000              1890     9450000  2889700000     1480000      1952.5           1
12/ 7/2018 29: 2:37        1880        1880        1880        1880        5000              1880     9400000  2899100000     1485000     1952.26           1
12/ 7/2018 30: 2:19        1870        1870        1870        1870        5000              1870     9350000  2908450000     1490000     1951.98           1
12/ 7/2018 31: 2: 8        1880        1880        1880        1880        5000              1880     9400000  2917850000     1495000     1951.74           1
12/ 7/2018 32: 2:11        1890        1890        1890        1890        5000              1890     9450000  2927300000     1500000     1951.53           1
12/ 7/2018 32: 2:39        1880        1880        1880        1880        5000              1880     9400000  2936700000     1505000      1951.3           1
12/ 7/2018 33: 2:42        1900        1900        1900        1900        5000              1900     9500000  2946200000     1510000     1951.13           1
12/ 7/2018 35: 2:25        1910        1910        1910        1910        5000              1910     9550000  2955750000     1515000     1950.99           1
12/ 7/2018 36: 2:42        1920        1920        1920        1920        5000              1920     9600000  2965350000     1520000     1950.89           1
12/ 7/2018 37: 2:10        1910        1910        1910        1910        5000              1910     9550000  2974900000     1525000     1950.75           1
12/ 7/2018 37: 2:31        1900        1900        1900        1900        5000              1900     9500000  2984400000     1530000     1950.59           1
12/ 7/2018 37: 2:38        1910        1910        1910        1910        5000              1910     9550000  2993950000     1535000     1950.46           1
12/ 7/2018 37: 2:52        1900        1900        1900        1900        5000              1900     9500000  3003450000     1540000     1950.29           1
12/ 7/2018 38: 2:13        1910        1910        1910        1910        5000              1910     9550000  3013000000     1545000     1950.16           1
12/ 7/2018 39: 2: 2        1900        1900        1900        1900        5000              1900     9500000  3022500000     1550000        1950           1
12/ 7/2018 39: 2:37        1910        1910        1910        1910        5000              1910     9550000  3032050000     1555000     1949.87           1
12/ 7/2018 40: 2:49        1900        1900        1900        1900        5000              1900     9500000  3041550000     1560000     1949.71           1
12/ 7/2018 40: 2:56        1910        1910        1910        1910        5000              1910     9550000  3051100000     1565000     1949.58           1
12/ 7/2018 41: 2: 3        1900        1900        1900        1900        5000              1900     9500000  3060600000     1570000     1949.43           1
12/ 7/2018 41: 2:17        1890        1890        1890        1890        5000              1890     9450000  3070050000     1575000     1949.24           1
12/ 7/2018 41: 2:31        1880        1880        1880        1880        5000              1880     9400000  3079450000     1580000     1949.02           1
12/ 7/2018 42: 2:20        1890        1890        1890        1890        5000              1890     9450000  3088900000     1585000     1948.83           1
12/ 7/2018 42: 2:27        1880        1880        1880        1880        5000              1880     9400000  3098300000     1590000     1948.62           1
12/ 7/2018 43: 2:30        1890        1890        1890        1890        5000              1890     9450000  3107750000     1595000     1948.43           1
12/ 7/2018 44: 2:55        1880        1880        1880        1880        5000              1880     9400000  3117150000     1600000     1948.22           1
12/ 7/2018 45: 2: 9        1890        1890        1890        1890        5000              1890     9450000  3126600000     1605000     1948.04           1
12/ 7/2018 45: 2:16        1900        1900        1900        1900        5000              1900     9500000  3136100000     1610000     1947.89           1
12/ 7/2018 46: 2:40        1910        1910        1910        1910        5000              1910     9550000  3145650000     1615000     1947.77           1
12/ 7/2018 47: 2: 8        1890        1890        1890        1890        5000              1890     9450000  3155100000     1620000     1947.59           1
12/ 7/2018 49: 2: 7        1880        1880        1880        1880        5000              1880     9400000  3164500000     1625000     1947.38           1
12/ 7/2018 50: 2:35        1890        1890        1890        1890        5000              1890     9450000  3173950000     1630000     1947.21           1
12/ 7/2018 52: 2:27        1880        1880        1880        1880        5000              1880     9400000  3183350000     1635000        1947           1
12/ 7/2018 52: 2:34        1890        1890        1890        1890        5000              1890     9450000  3192800000     1640000     1946.83           1
12/ 7/2018 52: 2:48        1880        1880        1880        1880        5000              1880     9400000  3202200000     1645000     1946.63           1
12/ 7/2018 52: 2:55        1890        1890        1890        1890        5000              1890     9450000  3211650000     1650000     1946.45           1
12/ 7/2018 53: 2: 2        1880        1880        1880        1880        5000              1880     9400000  3221050000     1655000     1946.25           1
12/ 7/2018 53: 2: 9        1890        1890        1890        1890        5000              1890     9450000  3230500000     1660000     1946.08           1
12/ 7/2018 53: 2:23        1880        1880        1880        1880        5000              1880     9400000  3239900000     1665000     1945.89           1
12/ 7/2018 53: 2:37        1890        1890        1890        1890        5000              1890     9450000  3249350000     1670000     1945.72           1
12/ 7/2018 53: 2:51        1880        1880        1880        1880        5000              1880     9400000  3258750000     1675000     1945.52           1
12/ 7/2018 55: 2:46        1890        1890        1890        1890        5000              1890     9450000  3268200000     1680000     1945.36           1
12/ 7/2018 57: 2:42        1900        1900        1900        1900        5000              1900     9500000  3277700000     1685000     1945.22           1
14/ 7/2018  0: 2: 0        1820        1820        1820        1820        5000              1820     9100000  3286800000     1690000     1944.85           1
14/ 7/2018  4: 2:53        1830        1830        1830        1830        5000              1830     9150000  3295950000     1695000     1944.51           1
14/ 7/2018  6: 2: 4        1820        1820        1820        1820        5000              1820     9100000  3305050000     1700000     1944.15           1
14/ 7/2018  7: 2:25        1830        1830        1830        1830        5000              1830     9150000  3314200000     1705000     1943.81           1
14/ 7/2018  8: 2:49        1820        1820        1820        1820        5000              1820     9100000  3323300000     1710000     1943.45           1
14/ 7/2018  9: 2:43        1810        1810        1810        1810        5000              1810     9050000  3332350000     1715000     1943.06           1
14/ 7/2018 10: 2:28        1820        1820        1820        1820        5000              1820     9100000  3341450000     1720000      1942.7           1
14/ 7/2018 11: 2:52        1810        1810        1810        1810        5000              1810     9050000  3350500000     1725000     1942.32           1
14/ 7/2018 12: 2:27        1820        1820        1820        1820        5000              1820     9100000  3359600000     1730000     1941.97           1
14/ 7/2018 14: 2: 5        1830        1830        1830        1830        5000              1830     9150000  3368750000     1735000     1941.64           1
14/ 7/2018 15: 2:30        1840        1840        1840        1840        5000              1840     9200000  3377950000     1740000     1941.35           1
14/ 7/2018 20: 2:26        1850        1850        1850        1850        5000              1850     9250000  3387200000     1745000     1941.09           1
14/ 7/2018 21: 2: 9        1840        1840        1840        1840        5000              1840     9200000  3396400000     1750000      1940.8           1
14/ 7/2018 22: 2:34        1830        1830        1830        1830        5000              1830     9150000  3405550000     1755000     1940.48           1
14/ 7/2018 22: 2:48        1820        1820        1820        1820        5000              1820     9100000  3414650000     1760000     1940.14           1
14/ 7/2018 23: 2: 2        1810        1810        1810        1810        5000              1810     9050000  3423700000     1765000     1939.77           1
14/ 7/2018 24: 2:19        1800        1800        1800        1800        5000              1800     9000000  3432700000     1770000     1939.38           1
14/ 7/2018 27: 2:37        1810        1810        1810        1810        5000              1810     9050000  3441750000     1775000     1939.01           1
14/ 7/2018 27: 2:58        1820        1820        1820        1820        5000              1820     9100000  3450850000     1780000     1938.68           1
14/ 7/2018 30: 2:34        1830        1830        1830        1830        5000              1830     9150000  3460000000     1785000     1938.38           1
14/ 7/2018 32: 2:22        1840        1840        1840        1840        5000              1840     9200000  3469200000     1790000      1938.1           1
14/ 7/2018 34: 2: 9        1830        1830        1830        1830        5000              1830     9150000  3478350000     1795000      1937.8           1
14/ 7/2018 37: 2:58        1820        1820        1820        1820        5000              1820     9100000  3487450000     1800000     1937.47           1
14/ 7/2018 41: 2:22        1810        1810        1810        1810        5000              1810     9050000  3496500000     1805000     1937.12           1
14/ 7/2018 41: 2:29        1820        1820        1820        1820        5000              1820     9100000  3505600000     1810000      1936.8           1
14/ 7/2018 41: 2:51        1810        1810        1810        1810        5000              1810     9050000  3514650000     1815000     1936.45           1
14/ 7/2018 41: 2:58        1820        1820        1820        1820        5000              1820     9100000  3523750000     1820000     1936.13           1
14/ 7/2018 42: 2:54        1810        1810        1810        1810        5000              1810     9050000  3532800000     1825000     1935.78           1
14/ 7/2018 43: 2:22        1820        1820        1820        1820        5000              1820     9100000  3541900000     1830000     1935.46           1
14/ 7/2018 46: 2:37        1830        1830        1830        1830        5000              1830     9150000  3551050000     1835000     1935.18           1
14/ 7/2018 48: 2: 8        1820        1820        1820        1820        5000              1820     9100000  3560150000     1840000     1934.86           1
14/ 7/2018 48: 2:31        1810        1810        1810        1810        5000              1810     9050000  3569200000     1845000     1934.53           1
14/ 7/2018 48: 2:38        1820        1820        1820        1820        5000              1820     9100000  3578300000     1850000     1934.22           1
14/ 7/2018 49: 2: 0        1810        1810        1810        1810        5000              1810     9050000  3587350000     1855000     1933.88           1
14/ 7/2018 49: 2:31        1820        1820        1820        1820        5000              1820     9100000  3596450000     1860000     1933.58           1
14/ 7/2018 49: 2:38        1810        1810        1810        1810        5000              1810     9050000  3605500000     1865000     1933.24           1
14/ 7/2018 51: 2: 2        1820        1820        1820        1820        5000              1820     9100000  3614600000     1870000     1932.94           1
14/ 7/2018 51: 2: 9        1810        1810        1810        1810        5000              1810     9050000  3623650000     1875000     1932.61           1
14/ 7/2018 51: 2:30        1820        1820        1820        1820        5000              1820     9100000  3632750000     1880000     1932.31           1
14/ 7/2018 51: 2:37        1810        1810        1810        1810        5000              1810     9050000  3641800000     1885000     1931.99           1
14/ 7/2018 51: 2:58        1820        1820        1820        1820        5000              1820     9100000  3650900000     1890000     1931.69           1
14/ 7/2018 54: 2:12        1810        1810        1810        1810        5000              1810     9050000  3659950000     1895000     1931.37           1
14/ 7/2018 54: 2:19        1820        1820        1820        1820        5000              1820     9100000  3669050000     1900000     1931.08           1
14/ 7/2018 59: 2:25        1810        1810        1810        1810        5000              1810     9050000  3678100000     1905000     1930.76           1
15/ 7/2018  1: 2:31        1820        1820        1820        1820        5000              1820     9100000  3687200000     1910000     1930.47           1
15/ 7/2018  4: 2: 5        1840        1840        1840        1840        5000              1840     9200000  3696400000     1915000     1930.23           1
15/ 7/2018  4: 2:26        1850        1850        1850        1850        5000              1850     9250000  3705650000     1920000     1930.03           1
15/ 7/2018  5: 2:15        1860        1860        1860        1860        5000              1860     9300000  3714950000     1925000     1929.84           1
15/ 7/2018  5: 2:43        1870        1870        1870        1870        5000              1870     9350000  3724300000     1930000     1929.69           1
15/ 7/2018  6: 2:39        1880        1880        1880        1880        5000              1880     9400000  3733700000     1935000     1929.56           1
15/ 7/2018  7: 2:14        1870        1870        1870        1870        5000              1870     9350000  3743050000     1940000     1929.41           1
15/ 7/2018  7: 2:42        1860        1860        1860        1860        5000              1860     9300000  3752350000     1945000     1929.23           1
15/ 7/2018  8: 2:59        1850        1850        1850        1850        5000              1850     9250000  3761600000     1950000     1929.03           1
15/ 7/2018  9: 2:27        1860        1860        1860        1860        5000              1860     9300000  3770900000     1955000     1928.85           1
15/ 7/2018 11: 2:19        1870        1870        1870        1870        5000              1870     9350000  3780250000     1960000      1928.7           1
15/ 7/2018 11: 2:54        1860        1860        1860        1860        5000              1860     9300000  3789550000     1965000     1928.52           1
15/ 7/2018 12: 2:57        1870        1870        1870        1870        5000              1870     9350000  3798900000     1970000     1928.38           1
15/ 7/2018 18: 2:26        1880        1880        1880        1880        5000              1880     9400000  3808300000     1975000     1928.25           1
15/ 7/2018 19: 2:15        1870        1870        1870        1870        5000              1870     9350000  3817650000     1980000     1928.11           1
15/ 7/2018 19: 2:36        1880        1880        1880        1880        5000              1880     9400000  3827050000     1985000     1927.98           1
15/ 7/2018 20: 2: 9        1890        1890        1890        1890        5000              1890     9450000  3836500000     1990000     1927.89           1
15/ 7/2018 20: 2:37        1880        1880        1880        1880        5000              1880     9400000  3845900000     1995000     1927.77           1
15/ 7/2018 22: 2: 1        1870        1870        1870        1870        5000              1870     9350000  3855250000     2000000     1927.62           1
15/ 7/2018 22: 2:29        1860        1860        1860        1860        5000              1860     9300000  3864550000     2005000     1927.46           1
15/ 7/2018 23: 2:11        1870        1870        1870        1870        5000              1870     9350000  3873900000     2010000     1927.31           1
15/ 7/2018 23: 2:53        1860        1860        1860        1860        5000              1860     9300000  3883200000     2015000     1927.15           1
15/ 7/2018 26: 2:27        1870        1870        1870        1870        5000              1870     9350000  3892550000     2020000        1927           1
15/ 7/2018 29: 2:46        1880        1880        1880        1880        5000              1880     9400000  3901950000     2025000     1926.89           1
15/ 7/2018 29: 2:53        1870        1870        1870        1870        5000              1870     9350000  3911300000     2030000     1926.75           1
15/ 7/2018 30: 2:35        1880        1880        1880        1880        5000              1880     9400000  3920700000     2035000     1926.63           1
15/ 7/2018 31: 2:52        1870        1870        1870        1870        5000              1870     9350000  3930050000     2040000      1926.5           1
15/ 7/2018 33: 2: 3        1880        1880        1880        1880        5000              1880     9400000  3939450000     2045000     1926.38           1
15/ 7/2018 33: 2:17        1870        1870        1870        1870        5000              1870     9350000  3948800000     2050000     1926.24           1
15/ 7/2018 33: 2:59        1860        1860        1860        1860        5000              1860     9300000  3958100000     2055000     1926.08           1
15/ 7/2018 34: 2: 6        1850        1850        1850        1850        5000              1850     9250000  3967350000     2060000      1925.9           1
15/ 7/2018 35: 2:44        1860        1860        1860        1860        5000              1860     9300000  3976650000     2065000     1925.74           1
15/ 7/2018 37: 2:50        1850        1850        1850        1850        5000              1850     9250000  3985900000     2070000     1925.56           1
15/ 7/2018 37: 2:57        1840        1840        1840        1840        5000              1840     9200000  3995100000     2075000     1925.35           1
15/ 7/2018 39: 2: 7        1850        1850        1850        1850        5000              1850     9250000  4004350000     2080000     1925.17           1
15/ 7/2018 39: 2:42        1840        1840        1840        1840        5000              1840     9200000  4013550000     2085000     1924.96           1
15/ 7/2018 42: 2:37        1830        1830        1830        1830        5000              1830     9150000  4022700000     2090000     1924.74           1
15/ 7/2018 42: 2:51        1840        1840        1840        1840        5000              1840     9200000  4031900000     2095000     1924.53           1
15/ 7/2018 42: 2:58        1830        1830        1830        1830        5000              1830     9150000  4041050000     2100000     1924.31           1
15/ 7/2018 43: 2:12        1840        1840        1840        1840        5000              1840     9200000  4050250000     2105000     1924.11           1
15/ 7/2018 43: 2:19        1830        1830        1830        1830        5000              1830     9150000  4059400000     2110000     1923.89           1
15/ 7/2018 43: 2:54        1840        1840        1840        1840        5000              1840     9200000  4068600000     2115000     1923.69           1
15/ 7/2018 44: 2:50        1830        1830        1830        1830        5000              1830     9150000  4077750000     2120000     1923.47           1
15/ 7/2018 45: 2: 4        1840        1840        1840        1840        5000              1840     9200000  4086950000     2125000     1923.27           1
15/ 7/2018 46: 2: 0        1850        1850        1850        1850        5000              1850     9250000  4096200000     2130000      1923.1           1
15/ 7/2018 46: 2:21        1860        1860        1860        1860        5000              1860     9300000  4105500000     2135000     1922.95           1
15/ 7/2018 46: 2:35        1870        1870        1870        1870        5000              1870     9350000  4114850000     2140000     1922.83           1
15/ 7/2018 46: 2:42        1860        1860        1860        1860        5000              1860     9300000  4124150000     2145000     1922.68           1
15/ 7/2018 46: 2:49        1870        1870        1870        1870        5000              1870     9350000  4133500000     2150000     1922.56           1
15/ 7/2018 47: 2:24        1860        1860        1860        1860        5000              1860     9300000  4142800000     2155000     1922.41           1
15/ 7/2018 47: 2:52        1870        1870        1870        1870        5000              1870     9350000  4152150000     2160000     1922.29           1
15/ 7/2018 50: 2:21        1860        1860        1860        1860        5000              1860     9300000  4161450000     2165000     1922.15           1
16/ 7/2018  0: 2:37        1850        1850        1850        1850        5000              1850     9250000  4170700000     2170000     1921.98           1
16/ 7/2018  2: 2:25        1840        1840        1840        1840        5000              1840     9200000  4179900000     2175000     1921.79           1
16/ 7/2018  4: 2:11        1830        1830        1830        1830        5000              1830     9150000  4189050000     2180000     1921.58           1
16/ 7/2018  4: 2:46        1840        1840        1840        1840        5000              1840     9200000  4198250000     2185000      1921.4           1
16/ 7/2018  5: 2:10        1850        1850        1850        1850        5000              1850     9250000  4207500000     2190000     1921.23           1
16/ 7/2018  6: 2:14        1840        1840        1840        1840        5000              1840     9200000  4216700000     2195000     1921.05           1
16/ 7/2018  6: 2:21        1850        1850        1850        1850        5000              1850     9250000  4225950000     2200000     1920.89           1
16/ 7/2018  7: 2:17        1840        1840        1840        1840        5000              1840     9200000  4235150000     2205000      1920.7           1
16/ 7/2018  7: 2:24        1850        1850        1850        1850        5000              1850     9250000  4244400000     2210000     1920.54           1
16/ 7/2018  7: 2:45        1840        1840        1840        1840        5000              1840     9200000  4253600000     2215000     1920.36           1
16/ 7/2018 11: 2:15        1850        1850        1850        1850        5000              1850     9250000  4262850000     2220000      1920.2           1
16/ 7/2018 11: 2:29        1840        1840        1840        1840        5000              1840     9200000  4272050000     2225000     1920.02           1
16/ 7/2018 12: 2:18        1850        1850        1850        1850        5000              1850     9250000  4281300000     2230000     1919.87           1
16/ 7/2018 12: 2:32        1840        1840        1840        1840        5000              1840     9200000  4290500000     2235000     1919.69           1
16/ 7/2018 12: 2:46        1850        1850        1850        1850        5000              1850     9250000  4299750000     2240000     1919.53           1
16/ 7/2018 12: 2:53        1840        1840        1840        1840        5000              1840     9200000  4308950000     2245000     1919.35           1
16/ 7/2018 13: 2:14        1850        1850        1850        1850        5000              1850     9250000  4318200000     2250000      1919.2           1
16/ 7/2018 13: 2:28        1840        1840        1840        1840        5000              1840     9200000  4327400000     2255000     1919.02           1
16/ 7/2018 13: 2:35        1850        1850        1850        1850        5000              1850     9250000  4336650000     2260000     1918.87           1
16/ 7/2018 15: 2:13        1860        1860        1860        1860        5000              1860     9300000  4345950000     2265000     1918.74           1
16/ 7/2018 19: 2:18        1870        1870        1870        1870        5000              1870     9350000  4355300000     2270000     1918.63           1
16/ 7/2018 20: 2:14        1880        1880        1880        1880        5000              1880     9400000  4364700000     2275000     1918.55           1
16/ 7/2018 20: 2:28        1890        1890        1890        1890        5000              1890     9450000  4374150000     2280000     1918.49           1
16/ 7/2018 23: 2:16        1900        1900        1900        1900        5000              1900     9500000  4383650000     2285000     1918.45           1
16/ 7/2018 23: 2:30        1890        1890        1890        1890        5000              1890     9450000  4393100000     2290000     1918.38           1
16/ 7/2018 24: 2:47        1880        1880        1880        1880        5000              1880     9400000  4402500000     2295000      1918.3           1
16/ 7/2018 30: 2:30        1870        1870        1870        1870        5000              1870     9350000  4411850000     2300000      1918.2           1
16/ 7/2018 31: 2: 5        1880        1880        1880        1880        5000              1880     9400000  4421250000     2305000     1918.11           1
16/ 7/2018 31: 2:12        1890        1890        1890        1890        5000              1890     9450000  4430700000     2310000     1918.05           1
16/ 7/2018 32: 2:22        1880        1880        1880        1880        5000              1880     9400000  4440100000     2315000     1917.97           1
16/ 7/2018 33: 2:53        1870        1870        1870        1870        5000              1870     9350000  4449450000     2320000     1917.87           1
16/ 7/2018 34: 2:28        1860        1860        1860        1860        5000              1860     9300000  4458750000     2325000     1917.74           1
16/ 7/2018 34: 2:35        1850        1850        1850        1850        5000              1850     9250000  4468000000     2330000      1917.6           1
16/ 7/2018 34: 2:42        1860        1860        1860        1860        5000              1860     9300000  4477300000     2335000     1917.47           1
16/ 7/2018 35: 2:31        1850        1850        1850        1850        5000              1850     9250000  4486550000     2340000     1917.33           1
16/ 7/2018 35: 2:38        1860        1860        1860        1860        5000              1860     9300000  4495850000     2345000     1917.21           1
16/ 7/2018 36: 2:27        1850        1850        1850        1850        5000              1850     9250000  4505100000     2350000     1917.06           1
16/ 7/2018 36: 2:55        1840        1840        1840        1840        5000              1840     9200000  4514300000     2355000      1916.9           1
16/ 7/2018 38: 2:26        1830        1830        1830        1830        5000              1830     9150000  4523450000     2360000     1916.72           1
16/ 7/2018 41: 2: 0        1840        1840        1840        1840        5000              1840     9200000  4532650000     2365000     1916.55           1
16/ 7/2018 43: 2:13        1830        1830        1830        1830        5000              1830     9150000  4541800000     2370000     1916.37           1
16/ 7/2018 43: 2:48        1840        1840        1840        1840        5000              1840     9200000  4551000000     2375000     1916.21           1
16/ 7/2018 44: 2:26        1850        1850        1850        1850        5000              1850     9250000  4560250000     2380000     1916.07           1
16/ 7/2018 45: 2:29        1860        1860        1860        1860        5000              1860     9300000  4569550000     2385000     1915.95           1
16/ 7/2018 45: 2:50        1850        1850        1850        1850        5000              1850     9250000  4578800000     2390000     1915.82           1
16/ 7/2018 46: 2: 4        1840        1840        1840        1840        5000              1840     9200000  4588000000     2395000     1915.66           1
16/ 7/2018 47: 2:14        1830        1830        1830        1830        5000              1830     9150000  4597150000     2400000     1915.48           1
16/ 7/2018 47: 2:21        1820        1820        1820        1820        5000              1820     9100000  4606250000     2405000     1915.28           1
16/ 7/2018 47: 2:35        1810        1810        1810        1810        5000              1810     9050000  4615300000     2410000     1915.06           1
16/ 7/2018 47: 2:42        1800        1800        1800        1800        5000              1800     9000000  4624300000     2415000     1914.82           1
16/ 7/2018 48: 2:10        1810        1810        1810        1810        5000              1810     9050000  4633350000     2420000     1914.61           1
16/ 7/2018 50: 2:16        1820        1820        1820        1820        5000              1820     9100000  4642450000     2425000     1914.41           1
16/ 7/2018 50: 2:30        1830        1830        1830        1830        5000              1830     9150000  4651600000     2430000     1914.24           1
16/ 7/2018 50: 2:51        1840        1840        1840        1840        5000              1840     9200000  4660800000     2435000     1914.09           1
16/ 7/2018 52: 2: 8        1830        1830        1830        1830        5000              1830     9150000  4669950000     2440000     1913.91           1
16/ 7/2018 53: 2:39        1840        1840        1840        1840        5000              1840     9200000  4679150000     2445000     1913.76           1
16/ 7/2018 59: 2: 9        1830        1830        1830        1830        5000              1830     9150000  4688300000     2450000     1913.59           1
17/ 7/2018  0: 2: 2        1820        1820        1820        1820        5000              1820     9100000  4697400000     2455000      1913.4           1
17/ 7/2018  0: 2: 9        1810        1810        1810        1810        5000              1810     9050000  4706450000     2460000     1913.19           1
17/ 7/2018  0: 2:16        1820        1820        1820        1820        5000              1820     9100000  4715550000     2465000        1913           1
17/ 7/2018  0: 2:23        1810        1810        1810        1810        5000              1810     9050000  4724600000     2470000     1912.79           1
17/ 7/2018  0: 2:51        1800        1800        1800        1800        5000              1800     9000000  4733600000     2475000     1912.57           1
17/ 7/2018  1: 2: 5        1810        1810        1810        1810        5000              1810     9050000  4742650000     2480000     1912.36           1
17/ 7/2018  1: 2:26        1800        1800        1800        1800        5000              1800     9000000  4751650000     2485000     1912.13           1
17/ 7/2018  1: 2:40        1810        1810        1810        1810        5000              1810     9050000  4760700000     2490000     1911.93           1
17/ 7/2018  1: 2:47        1820        1820        1820        1820        5000              1820     9100000  4769800000     2495000     1911.74           1
17/ 7/2018  2: 2: 8        1810        1810        1810        1810        5000              1810     9050000  4778850000     2500000     1911.54           1
17/ 7/2018  2: 2:15        1820        1820        1820        1820        5000              1820     9100000  4787950000     2505000     1911.36           1
17/ 7/2018  2: 2:29        1810        1810        1810        1810        5000              1810     9050000  4797000000     2510000     1911.16           1
17/ 7/2018  2: 2:50        1820        1820        1820        1820        5000              1820     9100000  4806100000     2515000     1910.97           1
17/ 7/2018  3: 2: 4        1830        1830        1830        1830        5000              1830     9150000  4815250000     2520000     1910.81           1
17/ 7/2018  3: 2:11        1820        1820        1820        1820        5000              1820     9100000  4824350000     2525000     1910.63           1
17/ 7/2018  3: 2:39        1830        1830        1830        1830        5000              1830     9150000  4833500000     2530000     1910.47           1
17/ 7/2018  3: 2:46        1820        1820        1820        1820        5000              1820     9100000  4842600000     2535000      1910.3           1
17/ 7/2018  3: 2:53        1830        1830        1830        1830        5000              1830     9150000  4851750000     2540000     1910.14           1
17/ 7/2018  4: 2: 0        1820        1820        1820        1820        5000              1820     9100000  4860850000     2545000     1909.96           1
17/ 7/2018  4: 2:14        1830        1830        1830        1830        5000              1830     9150000  4870000000     2550000      1909.8           1
17/ 7/2018  4: 2:21        1820        1820        1820        1820        5000              1820     9100000  4879100000     2555000     1909.63           1
17/ 7/2018  4: 2:28        1830        1830        1830        1830        5000              1830     9150000  4888250000     2560000     1909.47           1
17/ 7/2018  4: 2:42        1820        1820        1820        1820        5000              1820     9100000  4897350000     2565000      1909.3           1
17/ 7/2018  5: 2: 3        1810        1810        1810        1810        5000              1810     9050000  4906400000     2570000     1909.11           1
17/ 7/2018  5: 2:38        1820        1820        1820        1820        5000              1820     9100000  4915500000     2575000     1908.93           1
17/ 7/2018  5: 2:45        1810        1810        1810        1810        5000              1810     9050000  4924550000     2580000     1908.74           1
17/ 7/2018  6: 2:43        1820        1820        1820        1820        5000              1820     9100000  4933650000     2585000     1908.57           1
17/ 7/2018  6: 2:50        1810        1810        1810        1810        5000              1810     9050000  4942700000     2590000     1908.38           1
17/ 7/2018  8: 2:21        1820        1820        1820        1820        5000              1820     9100000  4951800000     2595000     1908.21           1
17/ 7/2018  8: 2:56        1810        1810        1810        1810        5000              1810     9050000  4960850000     2600000     1908.02           1
17/ 7/2018 10: 2: 6        1820        1820        1820        1820        5000              1820     9100000  4969950000     2605000     1907.85           1
17/ 7/2018 10: 2:50        1830        1830        1830        1830        5000              1830     9150000  4979100000     2610000      1907.7           1
17/ 7/2018 10: 2:57        1820        1820        1820        1820        5000              1820     9100000  4988200000     2615000     1907.53           1
17/ 7/2018 11: 2: 4        1830        1830        1830        1830        5000              1830     9150000  4997350000     2620000     1907.39           1
17/ 7/2018 12: 2:53        1840        1840        1840        1840        5000              1840     9200000  5006550000     2625000     1907.26           1
17/ 7/2018 13: 2:35        1830        1830        1830        1830        5000              1830     9150000  5015700000     2630000     1907.11           1
17/ 7/2018 13: 2:42        1840        1840        1840        1840        5000              1840     9200000  5024900000     2635000     1906.98           1
17/ 7/2018 14: 2:45        1850        1850        1850        1850        5000              1850     9250000  5034150000     2640000     1906.88           1
17/ 7/2018 15: 2: 6        1840        1840        1840        1840        5000              1840     9200000  5043350000     2645000     1906.75           1
17/ 7/2018 16: 2:32        1830        1830        1830        1830        5000              1830     9150000  5052500000     2650000      1906.6           1
17/ 7/2018 16: 2:51        1820        1820        1820        1820        5000              1820     9100000  5061600000     2655000     1906.44           1
17/ 7/2018 17: 2:12        1830        1830        1830        1830        5000              1830     9150000  5070750000     2660000      1906.3           1
17/ 7/2018 17: 2:26        1820        1820        1820        1820        5000              1820     9100000  5079850000     2665000     1906.14           1
17/ 7/2018 17: 2:33        1830        1830        1830        1830        5000              1830     9150000  5089000000     2670000     1905.99           1
17/ 7/2018 17: 2:47        1820        1820        1820        1820        5000              1820     9100000  5098100000     2675000     1905.83           1
17/ 7/2018 18: 2:17        1810        1810        1810        1810        5000              1810     9050000  5107150000     2680000     1905.65           1
17/ 7/2018 18: 2:59        1800        1800        1800        1800        5000              1800     9000000  5116150000     2685000     1905.46           1
17/ 7/2018 20: 2:30        1810        1810        1810        1810        5000              1810     9050000  5125200000     2690000     1905.28           1
17/ 7/2018 20: 2:51        1820        1820        1820        1820        5000              1820     9100000  5134300000     2695000     1905.12           1
17/ 7/2018 21: 2: 5        1810        1810        1810        1810        5000              1810     9050000  5143350000     2700000     1904.94           1
17/ 7/2018 23: 2:26        1820        1820        1820        1820        5000              1820     9100000  5152450000     2705000     1904.79           1
17/ 7/2018 24: 2: 8        1810        1810        1810        1810        5000              1810     9050000  5161500000     2710000     1904.61           1
17/ 7/2018 24: 2:22        1800        1800        1800        1800        5000              1800     9000000  5170500000     2715000     1904.42           1
17/ 7/2018 24: 2:29        1810        1810        1810        1810        5000              1810     9050000  5179550000     2720000     1904.25           1
17/ 7/2018 24: 2:57        1800        1800        1800        1800        5000              1800     9000000  5188550000     2725000     1904.06           1
17/ 7/2018 25: 2: 4        1770        1770        1770        1770        5000              1770     8850000  5197400000     2730000     1903.81           1
17/ 7/2018 25: 2:18        1780        1780        1780        1780        5000              1780     8900000  5206300000     2735000     1903.58           1
17/ 7/2018 26: 2: 0        1770        1770        1770        1770        5000              1770     8850000  5215150000     2740000     1903.34           1
17/ 7/2018 26: 2:14        1780        1780        1780        1780        5000              1780     8900000  5224050000     2745000     1903.11           1
17/ 7/2018 27: 2:31        1790        1790        1790        1790        5000              1790     8950000  5233000000     2750000     1902.91           1
17/ 7/2018 27: 2:38        1800        1800        1800        1800        5000              1800     9000000  5242000000     2755000     1902.72           1
17/ 7/2018 27: 2:45        1790        1790        1790        1790        5000              1790     8950000  5250950000     2760000     1902.52           1
17/ 7/2018 28: 2:20        1780        1780        1780        1780        5000              1780     8900000  5259850000     2765000      1902.3           1
17/ 7/2018 28: 2:48        1790        1790        1790        1790        5000              1790     8950000  5268800000     2770000     1902.09           1
17/ 7/2018 29: 2:23        1800        1800        1800        1800        5000              1800     9000000  5277800000     2775000     1901.91           1
17/ 7/2018 29: 2:30        1790        1790        1790        1790        5000              1790     8950000  5286750000     2780000     1901.71           1
17/ 7/2018 32: 2:11        1780        1780        1780        1780        5000              1780     8900000  5295650000     2785000     1901.49           1
17/ 7/2018 32: 2:22        1790        1790        1790        1790        5000              1790     8950000  5304600000     2790000     1901.29           1
17/ 7/2018 32: 2:43        1770        1770        1770        1770        5000              1770     8850000  5313450000     2795000     1901.06           1
17/ 7/2018 32: 2:50        1780        1780        1780        1780        5000              1780     8900000  5322350000     2800000     1900.84           1
17/ 7/2018 33: 2:25        1790        1790        1790        1790        5000              1790     8950000  5331300000     2805000     1900.64           1
17/ 7/2018 33: 2:39        1780        1780        1780        1780        5000              1780     8900000  5340200000     2810000     1900.43           1
17/ 7/2018 33: 2:46        1770        1770        1770        1770        5000              1770     8850000  5349050000     2815000      1900.2           1
17/ 7/2018 34: 2: 0        1780        1780        1780        1780        5000              1780     8900000  5357950000     2820000     1899.98           1
17/ 7/2018 34: 2: 7        1790        1790        1790        1790        5000              1790     8950000  5366900000     2825000     1899.79           1
17/ 7/2018 34: 2:14        1780        1780        1780        1780        5000              1780     8900000  5375800000     2830000     1899.58           1
17/ 7/2018 34: 2:28        1770        1770        1770        1770        5000              1770     8850000  5384650000     2835000     1899.35           1
17/ 7/2018 35: 2:52        1780        1780        1780        1780        5000              1780     8900000  5393550000     2840000     1899.14           1
17/ 7/2018 36: 2:13        1770        1770        1770        1770        5000              1770     8850000  5402400000     2845000     1898.91           1
17/ 7/2018 36: 2:55        1780        1780        1780        1780        5000              1780     8900000  5411300000     2850000      1898.7           1
17/ 7/2018 37: 2:23        1770        1770        1770        1770        5000              1770     8850000  5420150000     2855000     1898.48           1
17/ 7/2018 37: 2:51        1780        1780        1780        1780        5000              1780     8900000  5429050000     2860000     1898.27           1
17/ 7/2018 37: 2:58        1770        1770        1770        1770        5000              1770     8850000  5437900000     2865000     1898.05           1
17/ 7/2018 38: 2:26        1780        1780        1780        1780        5000              1780     8900000  5446800000     2870000     1897.84           1
17/ 7/2018 39: 2:57        1770        1770        1770        1770        5000              1770     8850000  5455650000     2875000     1897.62           1
17/ 7/2018 40: 2:18        1780        1780        1780        1780        5000              1780     8900000  5464550000     2880000     1897.41           1
17/ 7/2018 40: 2:46        1770        1770        1770        1770        5000              1770     8850000  5473400000     2885000     1897.19           1
17/ 7/2018 41: 2: 0        1760        1760        1760        1760        5000              1760     8800000  5482200000     2890000     1896.96           1
17/ 7/2018 41: 2:42        1770        1770        1770        1770        5000              1770     8850000  5491050000     2895000     1896.74           1
17/ 7/2018 44: 2:49        1780        1780        1780        1780        5000              1780     8900000  5499950000     2900000     1896.53           1
17/ 7/2018 45: 2:10        1770        1770        1770        1770        5000              1770     8850000  5508800000     2905000     1896.32           1
17/ 7/2018 45: 2:31        1780        1780        1780        1780        5000              1780     8900000  5517700000     2910000     1896.12           1
17/ 7/2018 45: 2:45        1770        1770        1770        1770        5000              1770     8850000  5526550000     2915000      1895.9           1
17/ 7/2018 45: 2:59        1780        1780        1780        1780        5000              1780     8900000  5535450000     2920000      1895.7           1
17/ 7/2018 46: 2:27        1790        1790        1790        1790        5000              1790     8950000  5544400000     2925000     1895.52           1
17/ 7/2018 47: 2: 9        1800        1800        1800        1800        5000              1800     9000000  5553400000     2930000     1895.36           1
17/ 7/2018 48: 2:12        1790        1790        1790        1790        5000              1790     8950000  5562350000     2935000     1895.18           1
17/ 7/2018 49: 2:59        1800        1800        1800        1800        5000              1800     9000000  5571350000     2940000     1895.02           1
17/ 7/2018 51: 2:30        1810        1810        1810        1810        5000              1810     9050000  5580400000     2945000     1894.87           1
17/ 7/2018 53: 2:38        1800        1800        1800        1800        5000              1800     9000000  5589400000     2950000     1894.71           1
17/ 7/2018 54: 2:13        1810        1810        1810        1810        5000              1810     9050000  5598450000     2955000     1894.57           1
17/ 7/2018 55: 2: 9        1820        1820        1820        1820        5000              1820     9100000  5607550000     2960000     1894.44           1
17/ 7/2018 55: 2:16        1830        1830        1830        1830        5000              1830     9150000  5616700000     2965000     1894.33           1
17/ 7/2018 58: 2:16        1820        1820        1820        1820        5000              1820     9100000  5625800000     2970000     1894.21           1
17/ 7/2018 58: 2:44        1830        1830        1830        1830        5000              1830     9150000  5634950000     2975000      1894.1           1
17/ 7/2018 59: 2:12        1820        1820        1820        1820        5000              1820     9100000  5644050000     2980000     1893.98           1
