         Date              Open        High         Low       Close      Volume     Typical Price         V*P    Total VP     Total V        VWAP    Message Count
10/ 7/2018  0: 2: 3         720         720         720         720       50000               720    36000000    36000000       50000         720           1
10/ 7/2018  0: 2:41         710         710         710         710       50000               710    35500000    71500000      100000         715           1
10/ 7/2018  3: 2:42         700         700         700         700       50000               700    35000000   106500000      150000         710           1
10/ 7/2018  4: 2: 5         710         710         710         710       50000               710    35500000   142000000      200000         710           1
10/ 7/2018  4: 2:21         700         700         700         700       50000               700    35000000   177000000      250000         708           1
10/ 7/2018  4: 2:44         710         710         710         710       50000               710    35500000   212500000      300000     708.333           1
10/ 7/2018  5: 2:12         700         700         700         700       50000               700    35000000   247500000      350000     707.143           1
10/ 7/2018  5: 2:29         710         710         710         710       50000               710    35500000   283000000      400000       707.5           1
10/ 7/2018  7: 2:48         700         700         700         700       50000               700    35000000   318000000      450000     706.667           1
10/ 7/2018  9: 2:20         710         710         710         710       50000               710    35500000   353500000      500000         707           1
10/ 7/2018 10: 2:25         700         700         700         700       50000               700    35000000   388500000      550000     706.364           1
10/ 7/2018 11: 2:45         710         710         710         710       50000               710    35500000   424000000      600000     706.667           1
10/ 7/2018 11: 2:46         700         700         700         700       50000               700    35000000   459000000      650000     706.154           1
10/ 7/2018 12: 2: 1         710         710         710         710       50000               710    35500000   494500000      700000     706.429           1
10/ 7/2018 16: 2:29         720         720         720         720       50000               720    36000000   530500000      750000     707.333           1
10/ 7/2018 27: 2:52         720         720         720         720       50000               720    36000000   566500000      800000     708.125           1
10/ 7/2018 30: 2:21         710         710         710         710       50000               710    35500000   602000000      850000     708.235           1
10/ 7/2018 37: 2: 8         700         700         700         700       50000               700    35000000   637000000      900000     707.778           1
10/ 7/2018 37: 2:22         710         710         710         710       50000               710    35500000   672500000      950000     707.895           1
11/ 7/2018  4: 2:47         700         700         700         700       50000               700    35000000   707500000     1000000       707.5           1
11/ 7/2018  6: 2:18         690         690         690         690       50000               690    34500000   742000000     1050000     706.667           1
11/ 7/2018  7: 2:58         700         700         700         700       50000               700    35000000   777000000     1100000     706.364           1
11/ 7/2018  8: 2: 0         690         690         690         690       50000               690    34500000   811500000     1150000     705.652           1
11/ 7/2018 12: 2: 9         680         680         680         680       50000               680    34000000   845500000     1200000     704.583           1
11/ 7/2018 12: 2:28         670         670         670         670       50000               670    33500000   879000000     1250000       703.2           1
11/ 7/2018 12: 2:31         680         680         680         680       50000               680    34000000   913000000     1300000     702.308           1
11/ 7/2018 12: 2:47         670         670         670         670       50000               670    33500000   946500000     1350000     701.111           1
11/ 7/2018 12: 2:48         680         680         680         680       50000               680    34000000   980500000     1400000     700.357           1
11/ 7/2018 13: 2:24         670         670         670         670       50000               670    33500000  1014000000     1450000      699.31           1
11/ 7/2018 15: 2:22         680         680         680         680       50000               680    34000000  1048000000     1500000     698.667           1
11/ 7/2018 15: 2:24         670         670         670         670       50000               670    33500000  1081500000     1550000     697.742           1
11/ 7/2018 16: 2:44         680         680         680         680       50000               680    34000000  1115500000     1600000     697.188           1
11/ 7/2018 16: 2:49         670         670         670         670       50000               670    33500000  1149000000     1650000     696.364           1
11/ 7/2018 23: 2:42         680         680         680         680       50000               680    34000000  1183000000     1700000     695.882           1
11/ 7/2018 23: 2:45         670         670         670         670       50000               670    33500000  1216500000     1750000     695.143           1
11/ 7/2018 24: 2: 4         680         680         680         680       50000               680    34000000  1250500000     1800000     694.722           1
11/ 7/2018 24: 2: 5         670         670         670         670       50000               670    33500000  1284000000     1850000     694.054           1
11/ 7/2018 24: 2: 8         680         680         680         680       50000               680    34000000  1318000000     1900000     693.684           1
11/ 7/2018 24: 2: 9         670         670         670         670       50000               670    33500000  1351500000     1950000     693.077           1
11/ 7/2018 24: 2:37         680         680         680         680       50000               680    34000000  1385500000     2000000      692.75           1
11/ 7/2018 24: 2:51         670         670         670         670       50000               670    33500000  1419000000     2050000     692.195           1
11/ 7/2018 24: 2:55         680         680         680         680       50000               680    34000000  1453000000     2100000     691.905           1
11/ 7/2018 32: 2:12         690         690         690         690       50000               690    34500000  1487500000     2150000      691.86           1
11/ 7/2018 32: 2:15         680         680         680         680       50000               680    34000000  1521500000     2200000     691.591           1
11/ 7/2018 34: 2: 0         690         690         690         690       50000               690    34500000  1556000000     2250000     691.556           1
11/ 7/2018 37: 2:50         680         680         680         680       50000               680    34000000  1590000000     2300000     691.304           1
11/ 7/2018 48: 2:43         690         690         690         690       50000               690    34500000  1624500000     2350000     691.277           1
11/ 7/2018 52: 2:28         680         680         680         680       50000               680    34000000  1658500000     2400000     691.042           1
11/ 7/2018 52: 2:30         690         690         690         690       50000               690    34500000  1693000000     2450000      691.02           1
11/ 7/2018 54: 2:13         680         680         680         680       50000               680    34000000  1727000000     2500000       690.8           1
12/ 7/2018  5: 2:53         690         690         690         690       50000               690    34500000  1761500000     2550000     690.784           1
12/ 7/2018  5: 2:57         680         680         680         680       50000               680    34000000  1795500000     2600000     690.577           1
12/ 7/2018  8: 2:41         690         690         690         690       50000               690    34500000  1830000000     2650000     690.566           1
12/ 7/2018  8: 2:49         680         680         680         680       50000               680    34000000  1864000000     2700000      690.37           1
12/ 7/2018  9: 2:16         690         690         690         690       50000               690    34500000  1898500000     2750000     690.364           1
12/ 7/2018 11: 2: 8         680         680         680         680       50000               680    34000000  1932500000     2800000     690.179           1
12/ 7/2018 11: 2:13         690         690         690         690       50000               690    34500000  1967000000     2850000     690.175           1
12/ 7/2018 12: 2:53         680         680         680         680       50000               680    34000000  2001000000     2900000         690           1
12/ 7/2018 15: 2:26         670         670         670         670       50000               670    33500000  2034500000     2950000     689.661           1
12/ 7/2018 16: 2: 2         680         680         680         680       50000               680    34000000  2068500000     3000000       689.5           1
12/ 7/2018 16: 2:20         670         670         670         670       50000               670    33500000  2102000000     3050000      689.18           1
12/ 7/2018 16: 2:23         680         680         680         680       50000               680    34000000  2136000000     3100000     689.032           1
12/ 7/2018 16: 2:24         670         670         670         670       50000               670    33500000  2169500000     3150000      688.73           1
12/ 7/2018 16: 2:32         680         680         680         680       50000               680    34000000  2203500000     3200000     688.594           1
12/ 7/2018 16: 2:42         670         670         670         670       50000               670    33500000  2237000000     3250000     688.308           1
12/ 7/2018 17: 2:51         680         680         680         680       50000               680    34000000  2271000000     3300000     688.182           1
12/ 7/2018 17: 2:55         670         670         670         670       50000               670    33500000  2304500000     3350000      687.91           1
12/ 7/2018 17: 2:58         680         680         680         680       50000               680    34000000  2338500000     3400000     687.794           1
12/ 7/2018 17: 2:59         670         670         670         670       50000               670    33500000  2372000000     3450000     687.536           1
12/ 7/2018 26: 2: 9         660         660         660         660       50000               660    33000000  2405000000     3500000     687.143           1
12/ 7/2018 26: 2:16         670         670         670         670       50000               670    33500000  2438500000     3550000     686.901           1
12/ 7/2018 37: 2:28         660         660         660         660       50000               660    33000000  2471500000     3600000     686.528           1
12/ 7/2018 37: 2:37         670         670         670         670       50000               670    33500000  2505000000     3650000     686.301           1
12/ 7/2018 37: 2:39         660         660         660         660       50000               660    33000000  2538000000     3700000     685.946           1
12/ 7/2018 39: 2:42         670         670         670         670       50000               670    33500000  2571500000     3750000     685.733           1
12/ 7/2018 41: 2:16         660         660         660         660       50000               660    33000000  2604500000     3800000     685.395           1
12/ 7/2018 50: 2:32         670         670         670         670       50000               670    33500000  2638000000     3850000     685.195           1
12/ 7/2018 59: 2:17         680         680         680         680       50000               680    34000000  2672000000     3900000     685.128           1
14/ 7/2018  0: 2: 1         680         680         680         680       50000               680    34000000  2706000000     3950000     685.063           1
14/ 7/2018  2: 2:34         670         670         670         670       50000               670    33500000  2739500000     4000000     684.875           1
14/ 7/2018 13: 2:10         670         670         670         670       50000               670    33500000  2773000000     4050000     684.691           1
14/ 7/2018 16: 2: 2         670         670         670         670       50000               670    33500000  2806500000     4100000     684.512           1
14/ 7/2018 16: 2:31         670         670         670         670       50000               670    33500000  2840000000     4150000     684.337           1
14/ 7/2018 16: 2:58         670         670         670         670       50000               670    33500000  2873500000     4200000     684.167           1
14/ 7/2018 22: 2:30         660         660         660         660       50000               660    33000000  2906500000     4250000     683.882           1
14/ 7/2018 22: 2:31         670         670         670         670       50000               670    33500000  2940000000     4300000     683.721           1
14/ 7/2018 22: 2:37         660         660         660         660       50000               660    33000000  2973000000     4350000     683.448           1
14/ 7/2018 24: 2:18         670         670         670         670       50000               670    33500000  3006500000     4400000     683.295           1
14/ 7/2018 24: 2:22         660         660         660         660       50000               660    33000000  3039500000     4450000     683.034           1
14/ 7/2018 24: 2:23         670         670         670         670       50000               670    33500000  3073000000     4500000     682.889           1
14/ 7/2018 24: 2:30         660         660         660         660       50000               660    33000000  3106000000     4550000     682.637           1
14/ 7/2018 29: 2: 3         650         650         650         650       50000               650    32500000  3138500000     4600000     682.283           1
14/ 7/2018 51: 2: 8         660         660         660         660       50000               660    33000000  3171500000     4650000     682.043           1
15/ 7/2018 46: 2:35         670         670         670         670       50000               670    33500000  3205000000     4700000     681.915           1
16/ 7/2018  5: 2: 1         680         680         680         680       50000               680    34000000  3239000000     4750000     681.895           1
16/ 7/2018 11: 2:55         690         690         690         690       50000               690    34500000  3273500000     4800000     681.979           1
16/ 7/2018 15: 2:47         700         700         700         700       50000               700    35000000  3308500000     4850000     682.165           1
16/ 7/2018 16: 2:24         690         690         690         690       50000               690    34500000  3343000000     4900000     682.245           1
16/ 7/2018 32: 2:30         680         680         680         680       50000               680    34000000  3377000000     4950000     682.222           1
16/ 7/2018 32: 2:32         690         690         690         690       50000               690    34500000  3411500000     5000000       682.3           1
16/ 7/2018 34: 2:25         680         680         680         680       50000               680    34000000  3445500000     5050000     682.277           1
16/ 7/2018 34: 2:27         690         690         690         690       50000               690    34500000  3480000000     5100000     682.353           1
16/ 7/2018 34: 2:29         680         680         680         680       50000               680    34000000  3514000000     5150000      682.33           1
16/ 7/2018 34: 2:31         690         690         690         690       50000               690    34500000  3548500000     5200000     682.404           1
16/ 7/2018 34: 2:34         680         680         680         680       50000               680    34000000  3582500000     5250000     682.381           1
16/ 7/2018 37: 2:16         690         690         690         690       50000               690    34500000  3617000000     5300000     682.453           1
16/ 7/2018 52: 2:42         680         680         680         680       50000               680    34000000  3651000000     5350000      682.43           1
16/ 7/2018 59: 2:56         670         670         670         670       50000               670    33500000  3684500000     5400000     682.315           1
17/ 7/2018  5: 2: 6         680         680         680         680       50000               680    34000000  3718500000     5450000     682.294           1
17/ 7/2018  5: 2: 7         670         670         670         670       50000               670    33500000  3752000000     5500000     682.182           1
17/ 7/2018  5: 2:18         680         680         680         680       50000               680    34000000  3786000000     5550000     682.162           1
17/ 7/2018  5: 2:31         670         670         670         670       50000               670    33500000  3819500000     5600000     682.054           1
17/ 7/2018 11: 2:34         660         660         660         660       50000               660    33000000  3852500000     5650000     681.858           1
17/ 7/2018 11: 2:39         670         670         670         670       50000               670    33500000  3886000000     5700000     681.754           1
17/ 7/2018 11: 2:41         660         660         660         660       50000               660    33000000  3919000000     5750000     681.565           1
17/ 7/2018 12: 2: 4         670         670         670         670       50000               670    33500000  3952500000     5800000     681.466           1
17/ 7/2018 12: 2:13         660         660         660         660       50000               660    33000000  3985500000     5850000     681.282           1
17/ 7/2018 12: 2:17         670         670         670         670       50000               670    33500000  4019000000     5900000     681.186           1
17/ 7/2018 12: 2:41         660         660         660         660       50000               660    33000000  4052000000     5950000     681.008           1
17/ 7/2018 16: 2:41         650         650         650         650       50000               650    32500000  4084500000     6000000      680.75           1
17/ 7/2018 16: 2:48         660         660         660         660       50000               660    33000000  4117500000     6050000     680.579           1
17/ 7/2018 17: 2:22         650         650         650         650       50000               650    32500000  4150000000     6100000     680.328           1
17/ 7/2018 17: 2:29         660         660         660         660       50000               660    33000000  4183000000     6150000     680.163           1
17/ 7/2018 17: 2:33         650         650         650         650       50000               650    32500000  4215500000     6200000     679.919           1
17/ 7/2018 17: 2:41         660         660         660         660       50000               660    33000000  4248500000     6250000      679.76           1
17/ 7/2018 17: 2:49         650         650         650         650       50000               650    32500000  4281000000     6300000     679.524           1
17/ 7/2018 17: 2:51         660         660         660         660       50000               660    33000000  4314000000     6350000      679.37           1
17/ 7/2018 17: 2:53         650         650         650         650       50000               650    32500000  4346500000     6400000     679.141           1
17/ 7/2018 17: 2:56         660         660         660         660       50000               660    33000000  4379500000     6450000     678.992           1
17/ 7/2018 18: 2:20         650         650         650         650       50000               650    32500000  4412000000     6500000     678.769           1
17/ 7/2018 18: 2:23         660         660         660         660       50000               660    33000000  4445000000     6550000     678.626           1
17/ 7/2018 21: 2:15         650         650         650         650       50000               650    32500000  4477500000     6600000     678.409           1
17/ 7/2018 29: 2:56         660         660         660         660       50000               660    33000000  4510500000     6650000     678.271           1
17/ 7/2018 47: 2:12         670         670         670         670       50000               670    33500000  4544000000     6700000     678.209           1
17/ 7/2018 47: 2:53         660         660         660         660       50000               660    33000000  4577000000     6750000     678.074           1
17/ 7/2018 47: 2:54         670         670         670         670       50000               670    33500000  4610500000     6800000     678.015           1
17/ 7/2018 48: 2:36         660         660         660         660       50000               660    33000000  4643500000     6850000     677.883           1
17/ 7/2018 48: 2:59         670         670         670         670       50000               670    33500000  4677000000     6900000     677.826           1
17/ 7/2018 50: 2:21         660         660         660         660       50000               660    33000000  4710000000     6950000     677.698           1
17/ 7/2018 50: 2:37         670         670         670         670       50000               670    33500000  4743500000     7000000     677.643           1
17/ 7/2018 51: 2:47         660         660         660         660       50000               660    33000000  4776500000     7050000     677.518           1
17/ 7/2018 51: 2:54         670         670         670         670       50000               670    33500000  4810000000     7100000     677.465           1
17/ 7/2018 52: 2:20         660         660         660         660       50000               660    33000000  4843000000     7150000     677.343           1
17/ 7/2018 52: 2:21         670         670         670         670       50000               670    33500000  4876500000     7200000     677.292           1
