  Time          Open        High         Low       Close      Volume    Typical Price         V*P    Total VP     Total V            VWAP
 7: 0: 5       25300    19199000          10        5030        4000          6401.35    25605386    25605386        4000          6401.35
 7: 0: 6        4780     2000000          10       27720          40           675.91       27036    25632422        4040          6344.66
 7: 0: 7        5010      382800          10         890       50000            127.9     6395000    32027422       54040          592.661
 7: 0: 8        3970    18895000          10         430       10000          6298.48    62984799    95012221       64040          1483.64
 7: 0: 9         140      380000          10         340       25000          126.783     3169583    98181804       89040          1102.67
 7: 0:10       10710     7357000          10        2520        1928          2453.18     4729724   102911528       90968          1131.29
 7: 0:11        1130      382000          10       10910         100          130.973       13097   102924625       91068           1130.2
 7: 0:12        3990    18888800        1010        7300          82          6299.04      516521   103441146       91150          1134.85
 7: 0:13        1390      321600         320       12690         450          111.537       50191   103491337       91600          1129.82
